7.918 7.200 -2.900
7.915 7.192 -2.801
7.911 7.184 -2.701
7.908 7.176 -2.602
7.905 7.168 -2.502
7.901 7.160 -2.402
7.898 7.152 -2.303
7.895 7.144 -2.203
7.892 7.136 -2.103
7.888 7.128 -2.004
7.885 7.120 -1.904
7.882 7.112 -1.805
7.878 7.103 -1.705
7.875 7.095 -1.605
7.872 7.087 -1.506
7.868 7.079 -1.406
7.865 7.071 -1.306
7.862 7.063 -1.207
7.858 7.055 -1.107
7.855 7.047 -1.008
7.852 7.039 -0.908
7.849 7.031 -0.808
7.845 7.023 -0.709
7.842 7.015 -0.609
7.839 7.007 -0.509
7.835 6.999 -0.410
7.832 6.991 -0.310
7.829 6.983 -0.211
7.825 6.975 -0.111
7.822 6.967 -0.011
7.819 6.959 0.088
7.816 6.951 0.188
7.812 6.943 0.288
7.809 6.935 0.387
7.806 6.927 0.487
7.802 6.919 0.586
7.799 6.911 0.686
7.796 6.903 0.786
7.792 6.895 0.885
7.789 6.887 0.985
7.786 6.879 1.085
7.782 6.871 1.184
7.779 6.863 1.284
7.776 6.855 1.383
7.773 6.847 1.483
7.769 6.839 1.583
7.766 6.831 1.682
7.763 6.823 1.782
7.759 6.815 1.882
7.756 6.807 1.981
7.753 6.799 2.081
7.749 6.791 2.180
7.746 6.783 2.280
7.743 6.775 2.380
7.740 6.767 2.479
7.736 6.759 2.579
7.733 6.751 2.679
7.730 6.743 2.778
7.726 6.735 2.878
7.723 6.727 2.977
7.720 6.719 3.077
7.716 6.711 3.177
7.713 6.703 3.276
7.710 6.694 3.376
7.706 6.686 3.475
7.703 6.678 3.575
7.700 6.670 3.675
7.697 6.662 3.774
7.693 6.654 3.874
7.690 6.646 3.974
7.687 6.638 4.073
7.683 6.630 4.173
7.680 6.622 4.272
7.677 6.614 4.372
7.673 6.606 4.472
7.670 6.598 4.571
7.667 6.590 4.671
7.664 6.582 4.771
7.660 6.574 4.870
7.657 6.566 4.970
7.654 6.558 5.069
7.650 6.550 5.169
7.647 6.542 5.269
7.644 6.534 5.368
7.640 6.526 5.468
7.637 6.518 5.568
7.634 6.510 5.667
7.631 6.502 5.767
7.627 6.494 5.866
7.624 6.486 5.966
7.621 6.478 6.066
7.617 6.470 6.165
7.614 6.462 6.265
7.611 6.453 6.364
7.608 6.445 6.464
7.604 6.437 6.564
7.601 6.429 6.663
7.598 6.421 6.763
7.594 6.413 6.863
7.591 6.405 6.962
7.588 6.397 7.062
7.584 6.389 7.161
7.581 6.381 7.261
7.578 6.373 7.361
7.575 6.365 7.460
7.571 6.357 7.560
7.568 6.349 7.660
7.565 6.341 7.759
7.561 6.333 7.859
7.558 6.325 7.958
7.555 6.317 8.058
7.552 6.309 8.158
7.548 6.301 8.257
7.545 6.293 8.357
7.542 6.285 8.457
7.538 6.277 8.556
7.535 6.269 8.656
7.532 6.261 8.755
7.529 6.253 8.855
7.525 6.245 8.955
7.522 6.237 9.054
7.519 6.228 9.154
7.515 6.220 9.253
7.512 6.212 9.353
7.509 6.204 9.453
7.506 6.196 9.552
7.502 6.188 9.652
7.499 6.180 9.752
7.496 6.172 9.851
7.492 6.164 9.951
7.489 6.156 10.050
7.486 6.148 10.150
7.483 6.140 10.250
7.479 6.132 10.349
7.476 6.124 10.449
7.473 6.116 10.549
7.469 6.108 10.648
7.466 6.100 10.748
7.463 6.092 10.847
7.460 6.084 10.947
7.456 6.076 11.047
7.453 6.068 11.146
7.450 6.060 11.246
7.447 6.052 11.346
7.443 6.044 11.445
7.440 6.036 11.545
7.437 6.028 11.644
7.433 6.020 11.744
7.430 6.012 11.844
7.427 6.004 11.943
7.424 5.996 12.043
7.420 5.988 12.143
7.417 5.980 12.242
7.414 5.972 12.342
7.410 5.964 12.441
7.407 5.956 12.541
7.404 5.948 12.641
7.401 5.940 12.740
7.397 5.932 12.840
7.394 5.923 12.940
7.391 5.915 13.039
7.388 5.907 13.139
7.384 5.899 13.238
7.381 5.891 13.338
7.378 5.883 13.438
7.375 5.875 13.537
7.371 5.867 13.637
7.368 5.859 13.736
7.365 5.851 13.836
7.362 5.843 13.936
7.358 5.835 14.035
7.355 5.827 14.135
7.352 5.819 14.235
7.348 5.811 14.334
7.345 5.803 14.434
7.342 5.795 14.533
7.339 5.787 14.633
7.335 5.779 14.733
7.332 5.771 14.832
7.329 5.763 14.932
7.326 5.755 15.032
7.322 5.747 15.131
7.319 5.739 15.231
7.316 5.731 15.330
7.313 5.723 15.430
7.309 5.715 15.530
7.306 5.707 15.629
7.303 5.699 15.729
7.300 5.691 15.829
7.296 5.683 15.928
7.293 5.675 16.028
7.290 5.667 16.127
7.287 5.659 16.227
7.283 5.651 16.327
7.280 5.643 16.426
7.277 5.635 16.526
7.274 5.627 16.626
7.270 5.619 16.725
7.267 5.611 16.825
7.264 5.603 16.924
7.260 5.595 17.024
7.257 5.587 17.124
7.254 5.579 17.223
7.251 5.571 17.323
7.247 5.563 17.423
7.244 5.555 17.522
7.241 5.547 17.622
7.238 5.539 17.721
7.234 5.531 17.821
7.231 5.523 17.921
7.228 5.515 18.020
7.224 5.507 18.120
7.221 5.499 18.220
7.218 5.491 18.319
7.215 5.483 18.419
7.211 5.475 18.518
7.208 5.467 18.618
7.205 5.459 18.718
7.202 5.451 18.817
7.198 5.443 18.917
7.195 5.435 19.017
7.192 5.427 19.116
7.188 5.419 19.216
7.185 5.411 19.315
7.182 5.403 19.415
7.179 5.395 19.515
7.175 5.387 19.614
7.172 5.379 19.714
7.169 5.371 19.814
7.165 5.363 19.913
7.162 5.355 20.013
7.159 5.347 20.112
7.155 5.339 20.212
7.152 5.331 20.312
7.149 5.323 20.411
7.145 5.315 20.511
7.142 5.307 20.611
7.139 5.299 20.710
7.135 5.291 20.810
7.132 5.283 20.909
7.129 5.275 21.009
7.125 5.267 21.109
7.122 5.259 21.208
7.119 5.251 21.308
7.115 5.243 21.408
7.112 5.236 21.507
7.109 5.228 21.607
7.105 5.220 21.706
7.102 5.212 21.806
7.099 5.204 21.906
7.095 5.196 22.005
7.092 5.188 22.105
7.089 5.180 22.205
7.085 5.172 22.304
7.082 5.164 22.404
7.079 5.156 22.503
7.075 5.148 22.603
7.072 5.140 22.703
7.069 5.132 22.802
7.065 5.124 22.902
7.062 5.116 23.002
7.059 5.108 23.101
7.055 5.100 23.201
7.052 5.092 23.300
7.049 5.084 23.400
7.045 5.076 23.500
7.042 5.068 23.599
7.038 5.060 23.699
7.035 5.052 23.799
7.032 5.044 23.898
7.028 5.036 23.998
7.025 5.028 24.097
7.022 5.021 24.197
7.018 5.013 24.297
7.015 5.005 24.396
7.012 4.997 24.496
7.008 4.989 24.596
7.005 4.981 24.695
7.001 4.973 24.795
6.998 4.965 24.894
6.995 4.957 24.994
6.991 4.949 25.094
6.988 4.941 25.193
6.985 4.933 25.293
6.981 4.925 25.393
6.978 4.917 25.492
6.974 4.909 25.592
6.971 4.901 25.691
6.968 4.893 25.791
6.964 4.885 25.891
6.961 4.877 25.990
6.957 4.869 26.090
6.954 4.861 26.190
6.951 4.853 26.289
6.947 4.845 26.389
6.944 4.837 26.488
6.940 4.829 26.588
6.937 4.821 26.688
6.933 4.814 26.787
6.930 4.806 26.887
6.927 4.798 26.987
6.923 4.790 27.086
6.920 4.782 27.186
6.916 4.774 27.285
6.913 4.766 27.385
6.910 4.758 27.485
6.906 4.750 27.584
6.903 4.742 27.684
6.899 4.734 27.784
6.896 4.726 27.883
6.893 4.718 27.983
6.889 4.710 28.082
6.886 4.702 28.182
6.882 4.694 28.282
6.879 4.686 28.381
6.875 4.678 28.481
6.872 4.670 28.580
6.869 4.662 28.680
6.865 4.654 28.780
6.862 4.646 28.879
6.858 4.638 28.979
6.855 4.630 29.079
6.851 4.622 29.178
6.848 4.614 29.278
6.845 4.607 29.377
6.841 4.599 29.477
6.838 4.591 29.577
6.834 4.583 29.676
6.831 4.575 29.776
6.828 4.567 29.876
6.824 4.559 29.975
6.821 4.551 30.075
6.817 4.543 30.174
6.814 4.535 30.274
6.810 4.527 30.374
6.807 4.519 30.473
6.804 4.511 30.573
6.800 4.503 30.673
6.797 4.495 30.772
6.793 4.487 30.872
6.790 4.479 30.971
6.786 4.471 31.071
6.783 4.463 31.171
6.780 4.455 31.270
6.776 4.448 31.370
6.773 4.440 31.470
6.769 4.432 31.569
6.766 4.424 31.669
6.762 4.416 31.768
6.759 4.408 31.868
6.756 4.400 31.968
6.752 4.392 32.067
6.749 4.384 32.167
6.745 4.376 32.267
6.742 4.368 32.366
6.738 4.360 32.466
6.735 4.352 32.565
6.732 4.344 32.665
6.728 4.336 32.765
6.725 4.328 32.864
6.721 4.320 32.964
6.718 4.313 33.064
6.715 4.305 33.163
6.711 4.297 33.263
6.708 4.289 33.362
6.704 4.281 33.462
6.701 4.273 33.562
6.697 4.265 33.661
6.694 4.257 33.761
6.691 4.249 33.861
6.687 4.241 33.960
6.684 4.233 34.060
6.680 4.225 34.159
6.677 4.217 34.259
6.673 4.210 34.359
6.670 4.202 34.458
6.667 4.194 34.558
6.663 4.186 34.658
6.660 4.178 34.757
6.656 4.170 34.857
6.653 4.162 34.956
6.650 4.154 35.056
6.646 4.146 35.156
6.643 4.139 35.255
6.639 4.131 35.355
6.636 4.123 35.455
6.633 4.115 35.554
6.629 4.107 35.654
6.626 4.099 35.753
6.622 4.092 35.853
6.619 4.084 35.953
6.616 4.076 36.052
6.612 4.068 36.152
6.609 4.061 36.252
6.605 4.053 36.351
6.602 4.045 36.451
6.599 4.037 36.551
6.595 4.029 36.650
6.592 4.022 36.750
6.588 4.014 36.850
6.585 4.006 36.949
6.582 3.998 37.049
6.578 3.991 37.148
6.575 3.983 37.248
6.571 3.975 37.348
6.568 3.967 37.447
6.565 3.959 37.547
6.561 3.952 37.647
6.558 3.944 37.746
6.554 3.936 37.846
6.551 3.928 37.946
6.548 3.921 38.045
6.544 3.913 38.145
6.541 3.906 38.244
6.538 3.898 38.344
6.534 3.890 38.444
6.531 3.883 38.543
6.528 3.875 38.643
6.525 3.868 38.743
6.521 3.860 38.842
6.518 3.853 38.942
6.515 3.846 39.042
6.512 3.838 39.141
6.508 3.831 39.241
6.505 3.823 39.341
6.502 3.816 39.440
6.499 3.808 39.540
6.495 3.801 39.640
6.492 3.793 39.739
6.489 3.786 39.839
6.485 3.778 39.939
6.482 3.771 40.038
6.479 3.763 40.138
6.476 3.756 40.238
6.472 3.748 40.337
6.469 3.741 40.437
6.466 3.733 40.537
6.463 3.726 40.636
6.459 3.718 40.736
6.456 3.711 40.836
6.453 3.704 40.935
6.449 3.698 41.035
6.446 3.694 41.135
6.443 3.689 41.235
6.440 3.685 41.335
6.436 3.681 41.435
6.433 3.677 41.534
6.430 3.672 41.634
6.426 3.668 41.734
6.423 3.664 41.834
6.420 3.660 41.934
6.416 3.655 42.034
6.413 3.651 42.134
6.410 3.647 42.233
6.406 3.643 42.333
6.403 3.639 42.433
6.400 3.634 42.533
6.396 3.630 42.633
6.393 3.626 42.733
6.390 3.622 42.833
6.387 3.617 42.932
6.383 3.613 43.032
6.380 3.609 43.132
6.377 3.605 43.232
6.373 3.601 43.332
6.370 3.596 43.432
6.367 3.592 43.531
6.363 3.588 43.631
6.361 3.587 43.667
6.360 3.586 43.681
6.359 3.586 43.692
6.358 3.586 43.702
6.358 3.586 43.704
6.358 3.586 43.705
6.358 3.586 43.707
6.358 3.586 43.709
6.357 3.586 43.711
6.357 3.586 43.712
6.357 3.586 43.714
6.357 3.586 43.716
6.356 3.586 43.718
6.356 3.586 43.720
6.356 3.586 43.723
6.355 3.586 43.725
6.355 3.586 43.728
6.355 3.586 43.730
6.354 3.586 43.734
6.354 3.586 43.737
6.353 3.587 43.740
6.353 3.587 43.744
6.352 3.587 43.749
6.351 3.587 43.753
6.351 3.587 43.759
6.350 3.587 43.764
6.349 3.587 43.771
6.348 3.587 43.778
6.347 3.587 43.785
6.345 3.587 43.794
6.344 3.587 43.803
6.342 3.588 43.814
6.341 3.588 43.825
6.339 3.588 43.837
6.337 3.588 43.851
6.335 3.588 43.866
6.332 3.589 43.883
6.329 3.589 43.901
6.326 3.589 43.922
6.323 3.590 43.944
6.319 3.590 43.968
6.315 3.591 43.995
6.310 3.591 44.025
6.306 3.592 44.057
6.300 3.592 44.093
6.294 3.593 44.133
6.287 3.594 44.176
6.280 3.594 44.224
6.272 3.595 44.277
6.263 3.596 44.335
6.254 3.597 44.398
6.243 3.599 44.468
6.231 3.600 44.545
6.219 3.601 44.630
6.204 3.603 44.723
6.189 3.605 44.822
6.174 3.606 44.921
6.159 3.608 45.020
6.144 3.610 45.118
6.129 3.611 45.217
6.114 3.613 45.316
6.099 3.614 45.415
6.084 3.616 45.514
6.069 3.618 45.613
6.054 3.619 45.712
6.039 3.621 45.810
6.024 3.623 45.909
6.009 3.624 46.008
5.994 3.626 46.107
5.979 3.628 46.206
5.964 3.629 46.305
5.949 3.631 46.403
5.934 3.633 46.502
5.919 3.635 46.601
5.904 3.636 46.700
5.888 3.638 46.799
5.873 3.640 46.898
5.858 3.641 46.996
5.843 3.643 47.095
5.827 3.645 47.194
5.812 3.647 47.293
5.797 3.648 47.392
5.782 3.650 47.490
5.766 3.652 47.589
5.751 3.654 47.688
5.736 3.655 47.787
5.721 3.657 47.886
5.705 3.659 47.985
5.690 3.660 48.083
5.675 3.662 48.182
5.660 3.664 48.281
5.644 3.666 48.380
5.629 3.667 48.479
5.614 3.669 48.577
5.599 3.671 48.676
5.583 3.673 48.775
5.568 3.674 48.874
5.553 3.676 48.973
5.538 3.678 49.071
5.522 3.679 49.170
5.507 3.681 49.269
5.492 3.683 49.368
5.476 3.685 49.467
5.461 3.686 49.566
5.446 3.688 49.664
5.431 3.690 49.763
5.415 3.692 49.862
5.400 3.693 49.961
5.385 3.695 50.060
5.370 3.697 50.158
5.354 3.699 50.257
5.339 3.700 50.356
5.324 3.702 50.455
5.308 3.704 50.554
5.293 3.705 50.652
5.278 3.707 50.751
5.263 3.709 50.850
5.247 3.711 50.949
5.232 3.712 51.048
5.217 3.714 51.146
5.201 3.716 51.245
5.186 3.718 51.344
5.171 3.719 51.443
5.156 3.721 51.542
5.140 3.723 51.641
5.125 3.724 51.739
5.110 3.726 51.838
5.094 3.728 51.937
5.079 3.730 52.036
5.064 3.731 52.135
5.049 3.733 52.233
5.033 3.735 52.332
5.018 3.737 52.431
5.003 3.738 52.530
4.987 3.740 52.629
4.972 3.742 52.727
4.957 3.743 52.826
4.941 3.745 52.925
4.926 3.747 53.024
4.911 3.749 53.123
4.896 3.750 53.221
4.880 3.752 53.320
4.865 3.754 53.419
4.850 3.756 53.518
4.834 3.757 53.617
4.819 3.759 53.715
4.804 3.761 53.814
4.789 3.762 53.913
4.773 3.764 54.012
4.758 3.766 54.111
4.743 3.768 54.210
4.727 3.769 54.308
4.712 3.771 54.407
4.697 3.773 54.506
4.682 3.774 54.605
4.666 3.776 54.704
4.651 3.778 54.802
4.636 3.780 54.901
4.620 3.781 55.000
4.605 3.783 55.099
4.590 3.785 55.198
4.575 3.787 55.296
4.559 3.788 55.395
4.544 3.790 55.494
4.529 3.792 55.593
4.514 3.793 55.692
4.498 3.795 55.790
4.483 3.797 55.889
4.468 3.799 55.988
4.452 3.800 56.087
4.437 3.802 56.186
4.422 3.804 56.285
4.407 3.805 56.383
4.391 3.807 56.482
4.376 3.809 56.581
4.361 3.811 56.680
4.346 3.812 56.779
4.330 3.814 56.877
4.315 3.816 56.976
4.300 3.817 57.075
4.284 3.819 57.174
4.269 3.821 57.273
4.254 3.823 57.371
4.239 3.824 57.470
4.223 3.826 57.569
4.208 3.828 57.668
4.193 3.829 57.767
4.178 3.831 57.865
4.162 3.833 57.964
4.147 3.835 58.063
4.132 3.836 58.162
4.117 3.838 58.261
4.101 3.840 58.360
4.086 3.842 58.458
4.071 3.843 58.557
4.056 3.845 58.656
4.041 3.847 58.755
4.025 3.849 58.854
4.010 3.850 58.952
3.995 3.852 59.051
3.980 3.854 59.150
3.964 3.856 59.249
3.949 3.857 59.348
3.934 3.859 59.447
3.919 3.861 59.545
3.904 3.862 59.644
3.888 3.864 59.743
3.873 3.866 59.842
3.858 3.868 59.941
3.843 3.869 60.039
3.828 3.871 60.138
3.812 3.873 60.237
3.797 3.875 60.336
3.782 3.876 60.435
3.767 3.878 60.534
3.752 3.880 60.632
3.736 3.882 60.731
3.721 3.884 60.830
3.706 3.886 60.929
3.691 3.888 61.028
3.676 3.890 61.127
3.661 3.892 61.225
3.646 3.894 61.324
3.631 3.896 61.423
3.616 3.898 61.522
3.601 3.901 61.621
3.586 3.903 61.720
3.571 3.905 61.818
3.556 3.907 61.917
3.541 3.910 62.016
3.526 3.912 62.115
3.511 3.914 62.214
3.496 3.916 62.313
3.481 3.919 62.412
3.466 3.921 62.510
3.451 3.923 62.609
3.436 3.926 62.708
3.421 3.928 62.807
3.406 3.930 62.906
3.391 3.932 63.005
3.376 3.935 63.103
3.361 3.937 63.202
3.346 3.939 63.301
3.331 3.941 63.400
3.316 3.944 63.499
3.301 3.946 63.598
3.286 3.948 63.696
3.271 3.951 63.795
3.256 3.953 63.894
3.241 3.955 63.993
3.226 3.958 64.092
3.211 3.960 64.191
3.196 3.963 64.289
3.181 3.965 64.388
3.166 3.968 64.487
3.151 3.970 64.586
3.135 3.973 64.685
3.120 3.975 64.784
3.105 3.977 64.882
3.090 3.980 64.981
3.075 3.982 65.080
3.060 3.985 65.179
3.045 3.987 65.278
3.029 3.990 65.376
3.014 3.992 65.475
2.999 3.995 65.574
2.984 3.997 65.673
2.969 4.000 65.772
2.954 4.002 65.871
2.939 4.005 65.969
2.923 4.007 66.068
2.908 4.009 66.167
2.893 4.012 66.266
2.878 4.014 66.365
2.863 4.017 66.463
2.848 4.019 66.562
2.833 4.022 66.661
2.817 4.024 66.760
2.802 4.027 66.859
2.787 4.029 66.957
2.772 4.032 67.056
2.757 4.034 67.155
2.742 4.037 67.254
2.726 4.039 67.353
2.711 4.042 67.452
2.696 4.044 67.550
2.681 4.047 67.649
2.666 4.049 67.748
2.651 4.052 67.847
2.635 4.054 67.946
2.620 4.056 68.044
2.605 4.059 68.143
2.590 4.061 68.242
2.575 4.064 68.341
2.560 4.066 68.440
2.544 4.069 68.538
2.529 4.071 68.637
2.514 4.074 68.736
2.499 4.076 68.835
2.484 4.079 68.934
2.469 4.081 69.033
2.453 4.084 69.131
2.438 4.086 69.230
2.423 4.089 69.329
2.408 4.091 69.428
2.393 4.093 69.527
2.378 4.096 69.625
2.362 4.098 69.724
2.347 4.101 69.823
2.332 4.103 69.922
2.317 4.106 70.021
2.302 4.108 70.119
2.287 4.111 70.218
2.271 4.113 70.317
2.256 4.116 70.416
2.241 4.118 70.515
2.226 4.121 70.613
2.211 4.123 70.712
2.196 4.126 70.811
2.180 4.128 70.910
2.165 4.130 71.009
2.150 4.133 71.108
2.135 4.135 71.206
2.120 4.138 71.305
2.105 4.140 71.404
2.089 4.143 71.503
2.074 4.145 71.602
2.059 4.147 71.700
2.044 4.150 71.799
2.029 4.152 71.898
2.014 4.155 71.997
1.998 4.157 72.096
1.983 4.160 72.194
1.968 4.162 72.293
1.953 4.164 72.392
1.938 4.167 72.491
1.923 4.169 72.590
1.907 4.172 72.689
1.892 4.174 72.787
1.877 4.177 72.886
1.862 4.179 72.985
1.847 4.181 73.084
1.832 4.184 73.183
1.816 4.186 73.281
1.801 4.189 73.380
1.786 4.191 73.479
1.771 4.194 73.578
1.756 4.196 73.677
1.741 4.198 73.775
1.725 4.201 73.874
1.710 4.203 73.973
1.695 4.206 74.072
1.680 4.208 74.171
1.665 4.210 74.270
1.649 4.213 74.368
1.634 4.215 74.467
1.619 4.218 74.566
1.604 4.220 74.665
1.589 4.222 74.764
1.574 4.225 74.862
1.558 4.227 74.961
1.543 4.230 75.060
1.528 4.232 75.159
1.513 4.234 75.258
1.498 4.237 75.356
1.483 4.239 75.455
1.467 4.242 75.554
1.452 4.244 75.653
1.437 4.246 75.752
1.422 4.249 75.850
1.407 4.251 75.949
1.392 4.254 76.048
1.376 4.256 76.147
1.361 4.258 76.246
1.346 4.261 76.345
1.331 4.263 76.443
1.316 4.266 76.542
1.301 4.268 76.641
1.285 4.271 76.740
1.270 4.273 76.839
1.255 4.275 76.937
1.240 4.278 77.036
1.225 4.280 77.135
1.210 4.283 77.234
1.194 4.285 77.333
1.179 4.287 77.431
1.164 4.290 77.530
1.149 4.292 77.629
1.134 4.295 77.728
1.119 4.297 77.827
1.103 4.299 77.926
1.088 4.302 78.024
1.073 4.304 78.123
1.058 4.307 78.222
1.043 4.309 78.321
1.028 4.311 78.420
1.012 4.314 78.518
0.997 4.316 78.617
0.982 4.319 78.716
0.967 4.321 78.815
0.952 4.324 78.914
0.937 4.326 79.013
0.922 4.329 79.111
0.906 4.331 79.210
0.891 4.334 79.309
0.876 4.336 79.408
0.861 4.339 79.507
0.846 4.341 79.605
0.831 4.343 79.704
0.816 4.346 79.803
0.800 4.348 79.902
0.785 4.351 80.001
0.770 4.353 80.099
0.755 4.356 80.198
0.740 4.358 80.297
0.725 4.361 80.396
0.709 4.363 80.495
0.694 4.366 80.594
0.679 4.368 80.692
0.664 4.371 80.791
0.649 4.373 80.890
0.634 4.376 80.989
0.619 4.378 81.088
0.603 4.381 81.186
0.588 4.383 81.285
0.573 4.386 81.384
0.558 4.388 81.483
0.543 4.391 81.582
0.528 4.393 81.680
0.513 4.396 81.779
0.497 4.398 81.878
0.482 4.401 81.977
0.467 4.403 82.076
0.452 4.406 82.175
0.437 4.408 82.273
0.422 4.411 82.372
0.407 4.413 82.471
0.391 4.416 82.570
0.376 4.418 82.669
0.361 4.421 82.767
0.346 4.423 82.866
0.331 4.426 82.965
0.316 4.428 83.064
0.301 4.431 83.163
0.285 4.433 83.261
0.270 4.436 83.360
0.255 4.438 83.459
0.240 4.441 83.558
0.225 4.443 83.657
0.210 4.446 83.756
0.194 4.448 83.854
0.179 4.451 83.953
0.164 4.453 84.052
0.149 4.456 84.151
0.134 4.459 84.250
0.119 4.461 84.348
0.104 4.464 84.447
0.088 4.466 84.546
0.073 4.469 84.645
0.058 4.471 84.744
0.043 4.474 84.842
0.028 4.476 84.941
0.013 4.479 85.040
-0.003 4.481 85.139
-0.018 4.484 85.238
-0.033 4.486 85.337
-0.048 4.489 85.435
-0.063 4.491 85.534
-0.078 4.494 85.633
-0.094 4.497 85.732
-0.109 4.499 85.831
-0.124 4.502 85.929
-0.139 4.504 86.028
-0.154 4.507 86.127
-0.169 4.509 86.226
-0.184 4.512 86.325
-0.200 4.514 86.423
-0.215 4.517 86.522
-0.230 4.519 86.621
-0.245 4.522 86.720
-0.260 4.524 86.819
-0.275 4.527 86.918
-0.290 4.529 87.016
-0.306 4.532 87.115
-0.321 4.534 87.214
-0.336 4.537 87.313
-0.351 4.539 87.412
-0.366 4.542 87.510
-0.381 4.544 87.609
-0.397 4.547 87.708
-0.412 4.549 87.807
-0.427 4.552 87.906
-0.442 4.554 88.004
-0.457 4.557 88.103
-0.472 4.559 88.202
-0.487 4.562 88.301
-0.502 4.564 88.400
-0.518 4.567 88.499
-0.533 4.569 88.597
-0.548 4.572 88.696
-0.563 4.574 88.795
-0.578 4.577 88.894
-0.593 4.579 88.993
-0.608 4.581 89.091
-0.623 4.584 89.190
-0.638 4.586 89.289
-0.653 4.589 89.388
-0.669 4.591 89.487
-0.684 4.594 89.586
-0.699 4.596 89.684
-0.714 4.598 89.783
-0.729 4.601 89.882
-0.744 4.603 89.981
-0.759 4.606 90.080
-0.774 4.608 90.179
-0.789 4.611 90.277
-0.804 4.613 90.376
-0.820 4.615 90.475
-0.835 4.618 90.574
-0.850 4.620 90.673
-0.865 4.623 90.771
-0.880 4.625 90.870
-0.895 4.627 90.969
-0.910 4.630 91.068
-0.925 4.632 91.167
-0.941 4.634 91.266
-0.956 4.637 91.364
-0.971 4.639 91.463
-0.986 4.641 91.562
-1.001 4.643 91.661
-1.017 4.645 91.760
-1.032 4.648 91.858
-1.047 4.650 91.957
-1.062 4.652 92.056
-1.078 4.654 92.155
-1.093 4.657 92.254
-1.108 4.659 92.352
-1.123 4.661 92.451
-1.139 4.663 92.550
-1.154 4.665 92.649
-1.169 4.668 92.748
-1.184 4.670 92.846
-1.199 4.672 92.945
-1.215 4.674 93.044
-1.230 4.676 93.143
-1.245 4.679 93.242
-1.260 4.681 93.340
-1.276 4.683 93.439
-1.291 4.685 93.538
-1.306 4.688 93.637
-1.321 4.690 93.736
-1.337 4.692 93.835
-1.352 4.694 93.933
-1.367 4.696 94.032
-1.383 4.699 94.131
-1.398 4.701 94.230
-1.413 4.703 94.328
-1.428 4.705 94.427
-1.444 4.707 94.526
-1.459 4.709 94.625
-1.474 4.712 94.724
-1.490 4.714 94.822
-1.505 4.716 94.921
-1.520 4.718 95.020
-1.536 4.720 95.119
-1.551 4.722 95.218
-1.566 4.725 95.316
-1.582 4.727 95.415
-1.597 4.729 95.514
-1.612 4.731 95.613
-1.628 4.733 95.712
-1.643 4.736 95.810
-1.658 4.738 95.909
-1.674 4.740 96.008
-1.689 4.742 96.107
-1.704 4.744 96.206
-1.720 4.746 96.304
-1.735 4.749 96.403
-1.750 4.751 96.502
-1.766 4.753 96.601
-1.781 4.755 96.700
-1.796 4.757 96.798
-1.812 4.760 96.897
-1.827 4.762 96.996
-1.842 4.764 97.095
-1.858 4.766 97.193
-1.873 4.768 97.292
-1.889 4.770 97.391
-1.904 4.773 97.490
-1.919 4.775 97.589
-1.935 4.777 97.687
-1.950 4.779 97.786
-1.965 4.781 97.885
-1.981 4.784 97.984
-1.996 4.786 98.083
-2.011 4.788 98.181
-2.027 4.790 98.280
-2.042 4.792 98.379
-2.057 4.794 98.478
-2.073 4.797 98.577
-2.088 4.799 98.675
-2.103 4.801 98.774
-2.119 4.803 98.873
-2.134 4.805 98.972
-2.149 4.808 99.070
-2.165 4.810 99.169
-2.180 4.812 99.268
-2.195 4.814 99.367
-2.211 4.816 99.466
-2.226 4.819 99.564
-2.241 4.821 99.663
-2.257 4.823 99.762
-2.272 4.825 99.861
-2.287 4.827 99.960
-2.303 4.830 100.058
-2.318 4.832 100.157
-2.333 4.834 100.256
-2.349 4.836 100.355
-2.364 4.838 100.454
-2.380 4.841 100.552
-2.395 4.843 100.651
-2.410 4.845 100.750
-2.426 4.847 100.849
-2.441 4.849 100.947
-2.456 4.852 101.046
-2.472 4.854 101.145
-2.487 4.856 101.244
-2.502 4.858 101.343
-2.518 4.860 101.441
-2.533 4.863 101.540
-2.548 4.865 101.639
-2.564 4.867 101.738
-2.579 4.869 101.837
-2.594 4.871 101.935
-2.610 4.874 102.034
-2.625 4.876 102.133
-2.640 4.878 102.232
-2.656 4.880 102.331
-2.671 4.882 102.429
-2.686 4.885 102.528
-2.702 4.887 102.627
-2.717 4.889 102.726
-2.732 4.891 102.825
-2.748 4.893 102.923
-2.763 4.895 103.022
-2.778 4.898 103.121
-2.794 4.900 103.220
-2.809 4.902 103.318
-2.824 4.904 103.417
-2.839 4.906 103.516
-2.855 4.909 103.615
-2.870 4.911 103.714
-2.885 4.913 103.812
-2.901 4.915 103.911
-2.916 4.917 104.010
-2.931 4.920 104.109
-2.947 4.922 104.208
-2.962 4.924 104.306
-2.977 4.926 104.405
-2.992 4.928 104.504
-3.008 4.931 104.603
-3.023 4.933 104.702
-3.038 4.935 104.800
-3.054 4.937 104.899
-3.069 4.939 104.998
-3.084 4.942 105.097
-3.100 4.944 105.196
-3.115 4.946 105.294
-3.130 4.948 105.393
-3.145 4.950 105.492
-3.160 4.952 105.591
-3.175 4.955 105.690
-3.191 4.957 105.789
-3.206 4.959 105.887
-3.221 4.961 105.986
-3.236 4.963 106.085
-3.251 4.965 106.184
-3.266 4.968 106.283
-3.281 4.970 106.382
-3.296 4.972 106.480
-3.311 4.974 106.579
-3.326 4.976 106.678
-3.341 4.978 106.777
-3.356 4.980 106.876
-3.371 4.983 106.975
-3.386 4.985 107.074
-3.400 4.987 107.172
-3.415 4.989 107.271
-3.430 4.991 107.370
-3.445 4.993 107.469
-3.460 4.995 107.568
-3.475 4.998 107.667
-3.490 5.000 107.765
-3.505 5.002 107.864
-3.520 5.004 107.963
-3.535 5.006 108.062
-3.550 5.008 108.161
-3.565 5.010 108.259
-3.580 5.012 108.358
-3.595 5.012 108.457
-3.609 5.011 108.556
-3.624 5.010 108.655
-3.638 5.009 108.754
-3.652 5.008 108.853
-3.667 5.007 108.952
-3.681 5.006 109.051
-3.695 5.004 109.150
-3.710 5.003 109.249
-3.724 5.002 109.348
-3.738 5.001 109.447
-3.753 5.000 109.546
-3.767 4.999 109.645
-3.781 4.997 109.744
-3.795 4.996 109.843
-3.810 4.995 109.942
-3.824 4.994 110.041
-3.838 4.993 110.140
-3.853 4.992 110.239
-3.867 4.991 110.338
-3.881 4.989 110.437
-3.896 4.988 110.536
-3.910 4.987 110.635
-3.925 4.986 110.734
-3.939 4.985 110.832
-3.953 4.984 110.931
-3.968 4.982 111.030
-3.982 4.981 111.129
-3.997 4.980 111.228
-4.012 4.979 111.327
-4.027 4.978 111.426
-4.042 4.977 111.525
-4.056 4.976 111.624
-4.071 4.975 111.723
-4.086 4.974 111.821
-4.101 4.973 111.920
-4.116 4.972 112.019
-4.131 4.971 112.118
-4.146 4.970 112.217
-4.161 4.969 112.316
-4.176 4.968 112.415
-4.191 4.967 112.514
-4.206 4.966 112.612
-4.221 4.965 112.711
-4.236 4.963 112.810
-4.251 4.962 112.909
-4.266 4.961 113.008
-4.281 4.960 113.107
-4.296 4.959 113.206
-4.310 4.958 113.305
-4.325 4.957 113.403
-4.340 4.956 113.502
-4.355 4.955 113.601
-4.370 4.954 113.700
-4.385 4.953 113.799
-4.400 4.952 113.898
-4.415 4.951 113.997
-4.430 4.950 114.095
-4.445 4.949 114.194
-4.460 4.948 114.293
-4.475 4.947 114.392
-4.490 4.946 114.491
-4.505 4.945 114.590
-4.520 4.944 114.689
-4.535 4.943 114.787
-4.550 4.942 114.886
-4.565 4.941 114.985
-4.580 4.940 115.084
-4.595 4.938 115.183
-4.610 4.937 115.282
-4.625 4.936 115.381
-4.640 4.935 115.480
-4.655 4.934 115.578
-4.670 4.933 115.677
-4.685 4.932 115.776
-4.700 4.931 115.875
-4.716 4.930 115.974
-4.731 4.929 116.073
-4.746 4.928 116.172
-4.761 4.927 116.270
-4.776 4.926 116.369
-4.791 4.925 116.468
-4.806 4.924 116.567
-4.821 4.923 116.666
-4.836 4.922 116.765
-4.851 4.921 116.864
-4.866 4.920 116.962
-4.881 4.919 117.061
-4.896 4.918 117.160
-4.911 4.917 117.259
-4.926 4.916 117.358
-4.941 4.915 117.457
-4.956 4.914 117.556
-4.971 4.912 117.654
-4.986 4.911 117.753
-5.001 4.910 117.852
-5.016 4.909 117.951
-5.031 4.908 118.050
-5.046 4.907 118.149
-5.061 4.906 118.248
-5.076 4.905 118.346
-5.091 4.904 118.445
-5.106 4.903 118.544
-5.121 4.902 118.643
-5.136 4.901 118.742
-5.151 4.900 118.841
-5.166 4.899 118.940
-5.181 4.898 119.038
-5.196 4.897 119.137
-5.211 4.896 119.236
-5.226 4.895 119.335
-5.241 4.894 119.434
-5.256 4.893 119.533
-5.271 4.892 119.632
-5.286 4.891 119.730
-5.301 4.890 119.829
-5.316 4.889 119.928
-5.331 4.888 120.027
-5.346 4.887 120.126
-5.361 4.886 120.225
-5.376 4.885 120.324
-5.391 4.883 120.422
-5.406 4.882 120.521
-5.421 4.881 120.620
-5.436 4.880 120.719
-5.451 4.879 120.818
-5.466 4.878 120.917
-5.481 4.877 121.016
-5.496 4.876 121.114
-5.511 4.875 121.213
-5.526 4.874 121.312
-5.541 4.873 121.411
-5.556 4.872 121.510
-5.571 4.871 121.609
-5.586 4.870 121.708
-5.601 4.869 121.807
-5.617 4.868 121.905
-5.632 4.867 122.004
-5.647 4.866 122.103
-5.662 4.865 122.202
-5.677 4.864 122.301
-5.692 4.863 122.400
-5.707 4.862 122.499
-5.721 4.861 122.597
-5.736 4.860 122.696
-5.751 4.859 122.795
-5.766 4.858 122.894
-5.781 4.857 122.993
-5.796 4.856 123.092
-5.811 4.855 123.191
-5.826 4.854 123.289
-5.841 4.852 123.388
-5.856 4.851 123.487
-5.871 4.850 123.586
-5.886 4.849 123.685
-5.901 4.848 123.784
-5.916 4.847 123.883
-5.931 4.846 123.982
-5.946 4.845 124.080
-5.961 4.844 124.179
-5.976 4.843 124.278
-5.991 4.842 124.377
-6.005 4.841 124.476
-6.020 4.840 124.575
-6.035 4.839 124.674
-6.050 4.838 124.773
-6.065 4.837 124.871
-6.080 4.836 124.970
-6.095 4.835 125.069
-6.110 4.834 125.168
-6.125 4.833 125.267
-6.140 4.832 125.366
-6.155 4.830 125.465
-6.169 4.829 125.563
-6.184 4.828 125.662
-6.198 4.826 125.761
-6.212 4.825 125.860
-6.227 4.823 125.959
-6.241 4.822 126.058
-6.255 4.820 126.157
-6.270 4.819 126.256
-6.284 4.817 126.355
-6.298 4.816 126.454
-6.313 4.814 126.553
-6.327 4.813 126.652
-6.341 4.811 126.751
-6.356 4.810 126.850
-6.370 4.808 126.949
-6.384 4.807 127.048
-6.398 4.805 127.147
-6.413 4.804 127.246
-6.427 4.802 127.345
-6.441 4.801 127.444
-6.456 4.799 127.543
-6.470 4.798 127.642
-6.484 4.796 127.741
-6.499 4.795 127.840
-6.513 4.793 127.939
-6.527 4.792 128.037
-6.542 4.790 128.136
-6.556 4.789 128.235
-6.570 4.787 128.334
-6.585 4.785 128.433
-6.599 4.783 128.532
-6.614 4.781 128.631
-6.629 4.778 128.730
-6.644 4.776 128.829
-6.659 4.773 128.928
-6.674 4.770 129.026
-6.689 4.768 129.125
-6.704 4.765 129.224
-6.718 4.763 129.323
-6.733 4.760 129.422
-6.748 4.757 129.521
-6.763 4.755 129.620
-6.778 4.752 129.718
-6.793 4.749 129.817
-6.808 4.747 129.916
-6.823 4.744 130.015
-6.838 4.742 130.114
-6.853 4.739 130.213
-6.868 4.736 130.311
-6.883 4.734 130.410
-6.897 4.731 130.509
-6.912 4.728 130.608
-6.927 4.726 130.707
-6.942 4.723 130.806
-6.957 4.721 130.905
-6.972 4.718 131.003
-6.987 4.715 131.102
-7.002 4.713 131.201
-7.017 4.710 131.300
-7.032 4.707 131.399
-7.047 4.705 131.498
-7.062 4.702 131.596
-7.077 4.699 131.695
-7.092 4.697 131.794
-7.107 4.694 131.893
-7.122 4.691 131.992
-7.137 4.689 132.091
-7.152 4.686 132.189
-7.167 4.683 132.288
-7.182 4.681 132.387
-7.197 4.678 132.486
-7.212 4.675 132.585
-7.227 4.673 132.684
-7.242 4.670 132.782
-7.257 4.667 132.881
-7.272 4.665 132.980
-7.287 4.662 133.079
-7.302 4.659 133.178
-7.317 4.657 133.277
-7.332 4.654 133.375
-7.347 4.651 133.474
-7.362 4.649 133.573
-7.377 4.646 133.672
-7.392 4.643 133.771
-7.407 4.641 133.870
-7.422 4.638 133.968
-7.437 4.635 134.067
-7.452 4.633 134.166
-7.467 4.630 134.265
-7.482 4.627 134.364
-7.497 4.625 134.462
-7.512 4.622 134.561
-7.527 4.619 134.660
-7.542 4.617 134.759
-7.557 4.614 134.858
-7.572 4.611 134.957
-7.587 4.609 135.055
-7.602 4.606 135.154
-7.617 4.603 135.253
-7.632 4.601 135.352
-7.647 4.598 135.451
-7.662 4.595 135.550
-7.677 4.593 135.648
-7.692 4.590 135.747
-7.707 4.587 135.846
-7.722 4.585 135.945
-7.737 4.582 136.044
-7.752 4.579 136.143
-7.767 4.577 136.241
-7.782 4.574 136.340
-7.797 4.571 136.439
-7.812 4.569 136.538
-7.827 4.566 136.637
-7.842 4.563 136.736
-7.857 4.561 136.834
-7.872 4.558 136.933
-7.887 4.555 137.032
-7.902 4.553 137.131
-7.917 4.550 137.230
-7.932 4.548 137.329
-7.947 4.545 137.427
-7.962 4.542 137.526
-7.977 4.540 137.625
-7.992 4.537 137.724
-8.007 4.534 137.823
-8.022 4.532 137.922
-8.037 4.529 138.020
-8.052 4.526 138.119
-8.067 4.524 138.218
-8.082 4.521 138.317
-8.097 4.518 138.416
-8.112 4.516 138.515
-8.127 4.513 138.613
-8.142 4.510 138.712
-8.157 4.508 138.811
-8.172 4.505 138.910
-8.187 4.503 139.009
-8.202 4.500 139.107
-8.217 4.497 139.206
-8.232 4.495 139.305
-8.247 4.492 139.404
-8.262 4.490 139.503
-8.277 4.487 139.602
-8.293 4.484 139.700
-8.308 4.482 139.799
-8.323 4.479 139.898
-8.338 4.477 139.997
-8.353 4.474 140.096
-8.368 4.471 140.195
-8.383 4.469 140.293
-8.398 4.466 140.392
-8.413 4.463 140.491
-8.428 4.461 140.590
-8.443 4.458 140.689
-8.458 4.456 140.788
-8.473 4.453 140.886
-8.488 4.450 140.985
-8.503 4.448 141.084
-8.518 4.445 141.183
-8.533 4.443 141.282
-8.548 4.440 141.381
-8.563 4.437 141.479
-8.578 4.435 141.578
-8.593 4.432 141.677
-8.608 4.430 141.776
-8.623 4.427 141.875
-8.638 4.424 141.974
-8.653 4.422 142.072
-8.668 4.419 142.171
-8.683 4.417 142.270
-8.698 4.414 142.369
-8.713 4.411 142.468
-8.728 4.409 142.567
-8.743 4.406 142.665
-8.758 4.404 142.764
-8.773 4.401 142.863
-8.788 4.398 142.962
-8.803 4.396 143.061
-8.818 4.393 143.160
-8.833 4.390 143.258
-8.848 4.388 143.357
-8.863 4.385 143.456
-8.878 4.383 143.555
-8.893 4.380 143.654
-8.908 4.377 143.753
-8.923 4.375 143.851
-8.938 4.372 143.950
-8.953 4.369 144.049
-8.968 4.367 144.148
-8.983 4.364 144.247
-8.998 4.362 144.346
-9.013 4.359 144.444
-9.028 4.356 144.543
-9.043 4.354 144.642
-9.058 4.351 144.741
-9.073 4.348 144.840
-9.088 4.346 144.939
-9.103 4.343 145.037
-9.118 4.341 145.136
-9.133 4.338 145.235
-9.148 4.335 145.334
-9.163 4.333 145.433
-9.178 4.330 145.532
-9.193 4.327 145.630
-9.208 4.325 145.729
-9.223 4.322 145.828
-9.238 4.319 145.927
-9.253 4.317 146.026
-9.268 4.314 146.125
-9.283 4.311 146.223
-9.298 4.308 146.322
-9.313 4.306 146.421
-9.328 4.303 146.520
-9.343 4.300 146.619
-9.358 4.298 146.718
-9.373 4.295 146.816
-9.388 4.292 146.915
-9.403 4.289 147.014
-9.418 4.287 147.113
-9.433 4.284 147.212
-9.448 4.281 147.311
-9.463 4.279 147.409
-9.478 4.276 147.508
-9.493 4.273 147.607
-9.508 4.270 147.706
-9.523 4.268 147.805
-9.538 4.265 147.904
-9.553 4.262 148.002
-9.568 4.260 148.101
-9.583 4.257 148.200
-9.597 4.254 148.299
-9.612 4.251 148.398
-9.627 4.249 148.496
-9.642 4.246 148.595
-9.657 4.243 148.694
-9.672 4.240 148.793
-9.687 4.238 148.892
-9.702 4.235 148.991
-9.717 4.232 149.089
-9.732 4.229 149.188
-9.747 4.227 149.287
-9.762 4.224 149.386
-9.777 4.221 149.485
-9.792 4.218 149.584
-9.807 4.215 149.682
-9.822 4.213 149.781
-9.837 4.210 149.880
-9.852 4.207 149.979
-9.867 4.204 150.078
-9.882 4.202 150.177
-9.897 4.199 150.275
-9.912 4.196 150.374
-9.927 4.193 150.473
-9.942 4.191 150.572
-9.957 4.188 150.671
-9.972 4.185 150.770
-9.987 4.182 150.868
-10.002 4.179 150.967
-10.017 4.177 151.066
-10.032 4.174 151.165
-10.047 4.171 151.264
-10.062 4.168 151.363
-10.077 4.166 151.461
-10.092 4.163 151.560
-10.107 4.160 151.659
-10.122 4.157 151.758
-10.137 4.155 151.857
-10.152 4.152 151.956
-10.167 4.149 152.054
-10.182 4.146 152.153
-10.197 4.143 152.252
-10.212 4.141 152.351
-10.227 4.138 152.450
-10.242 4.135 152.548
-10.257 4.132 152.647
-10.272 4.130 152.746
-10.287 4.127 152.845
-10.302 4.124 152.944
-10.317 4.121 153.043
-10.332 4.119 153.141
-10.347 4.116 153.240
-10.362 4.113 153.339
-10.377 4.110 153.438
-10.392 4.108 153.537
-10.407 4.105 153.636
-10.422 4.102 153.734
-10.437 4.099 153.833
-10.452 4.097 153.932
-10.467 4.094 154.031
-10.482 4.091 154.130
-10.497 4.089 154.229
-10.512 4.086 154.328
-10.527 4.083 154.426
-10.542 4.080 154.525
-10.557 4.078 154.624
-10.571 4.075 154.723
-10.586 4.072 154.822
-10.601 4.069 154.921
-10.616 4.067 155.019
-10.631 4.064 155.118
-10.646 4.061 155.217
-10.661 4.059 155.316
-10.676 4.056 155.415
-10.691 4.053 155.514
-10.706 4.051 155.612
-10.721 4.048 155.711
-10.736 4.046 155.810
-10.751 4.043 155.909
-10.766 4.041 156.008
-10.781 4.039 156.107
-10.796 4.036 156.205
-10.811 4.034 156.304
-10.826 4.032 156.403
-10.841 4.029 156.502
-10.856 4.027 156.601
-10.871 4.025 156.700
-10.886 4.022 156.799
-10.901 4.020 156.897
-10.916 4.018 156.996
-10.931 4.015 157.095
-10.946 4.013 157.194
-10.961 4.011 157.293
-10.976 4.008 157.392
-10.990 4.006 157.490
-11.005 4.004 157.589
-11.020 4.001 157.688
-11.035 3.999 157.787
-11.050 3.997 157.886
-11.065 3.994 157.985
-11.080 3.992 158.083
-11.095 3.990 158.182
-11.110 3.987 158.281
-11.125 3.985 158.380
-11.140 3.983 158.479
-11.155 3.981 158.578
-11.170 3.978 158.676
-11.186 3.976 158.775
-11.201 3.974 158.874
-11.216 3.972 158.973
-11.231 3.970 159.072
-11.246 3.968 159.171
-11.261 3.966 159.270
-11.276 3.963 159.368
-11.291 3.961 159.467
-11.306 3.959 159.566
-11.321 3.957 159.665
-11.336 3.955 159.764
-11.352 3.953 159.862
-11.367 3.950 159.961
-11.382 3.948 160.060
-11.397 3.946 160.159
-11.412 3.944 160.258
-11.427 3.942 160.357
-11.442 3.940 160.455
-11.457 3.938 160.554
-11.472 3.935 160.653
-11.487 3.933 160.752
-11.503 3.931 160.851
-11.518 3.929 160.950
-11.533 3.927 161.048
-11.548 3.925 161.147
-11.563 3.923 161.246
-11.578 3.920 161.345
-11.593 3.918 161.444
-11.608 3.916 161.543
-11.623 3.914 161.641
-11.639 3.912 161.740
-11.654 3.910 161.839
-11.669 3.908 161.938
-11.684 3.905 162.037
-11.699 3.903 162.136
-11.714 3.901 162.234
-11.729 3.899 162.333
-11.744 3.897 162.432
-11.760 3.895 162.531
-11.775 3.893 162.630
-11.790 3.891 162.728
-11.805 3.888 162.827
-11.820 3.886 162.926
-11.835 3.884 163.025
-11.850 3.882 163.124
-11.865 3.880 163.223
-11.881 3.878 163.321
-11.896 3.876 163.420
-11.911 3.873 163.519
-11.926 3.871 163.618
-11.941 3.869 163.717
-11.956 3.867 163.816
-11.971 3.865 163.914
-11.986 3.863 164.013
-12.002 3.860 164.112
-12.017 3.858 164.211
-12.032 3.856 164.310
-12.047 3.854 164.408
-12.062 3.852 164.507
-12.077 3.850 164.606
-12.092 3.848 164.705
-12.108 3.845 164.804
-12.123 3.843 164.903
-12.138 3.841 165.001
-12.153 3.839 165.100
-12.168 3.837 165.199
-12.183 3.835 165.298
-12.198 3.833 165.397
-12.213 3.830 165.496
-12.229 3.828 165.594
-12.244 3.826 165.693
-12.259 3.824 165.792
-12.274 3.822 165.891
-12.289 3.820 165.990
-12.304 3.818 166.088
-12.319 3.815 166.187
-12.335 3.813 166.286
-12.350 3.811 166.385
-12.365 3.809 166.484
-12.380 3.807 166.583
-12.395 3.805 166.681
-12.410 3.802 166.780
-12.425 3.800 166.879
-12.440 3.798 166.978
-12.456 3.796 167.077
-12.471 3.794 167.176
-12.486 3.792 167.274
-12.501 3.790 167.373
-12.516 3.787 167.472
-12.531 3.785 167.571
-12.546 3.783 167.670
-12.561 3.781 167.768
-12.577 3.779 167.867
-12.592 3.777 167.966
-12.607 3.774 168.065
-12.622 3.772 168.164
-12.637 3.770 168.263
-12.652 3.768 168.361
-12.667 3.766 168.460
-12.682 3.764 168.559
-12.698 3.762 168.658
-12.713 3.759 168.757
-12.728 3.757 168.856
-12.743 3.755 168.954
-12.758 3.753 169.053
-12.773 3.751 169.152
-12.788 3.749 169.251
-12.803 3.746 169.350
-12.819 3.744 169.449
-12.834 3.742 169.547
-12.849 3.740 169.646
-12.864 3.738 169.745
-12.879 3.736 169.844
-12.894 3.734 169.943
-12.909 3.731 170.041
-12.924 3.729 170.140
-12.939 3.727 170.239
-12.954 3.725 170.338
-12.970 3.723 170.437
-12.985 3.721 170.536
-13.000 3.718 170.634
-13.015 3.716 170.733
-13.030 3.714 170.832
-13.045 3.712 170.931
-13.060 3.710 171.030
-13.075 3.708 171.129
-13.090 3.706 171.227
-13.105 3.703 171.326
-13.120 3.701 171.425
-13.135 3.699 171.524
-13.150 3.697 171.623
-13.165 3.695 171.722
-13.180 3.693 171.821
-13.195 3.691 171.919
-13.210 3.688 172.018
-13.225 3.686 172.117
-13.240 3.684 172.216
-13.255 3.682 172.315
-13.270 3.680 172.414
-13.285 3.678 172.512
-13.300 3.676 172.611
-13.315 3.673 172.710
-13.330 3.671 172.809
-13.345 3.669 172.908
-13.360 3.667 173.007
-13.375 3.665 173.105
-13.389 3.663 173.204
-13.403 3.661 173.303
-13.418 3.659 173.402
-13.432 3.657 173.501
-13.446 3.655 173.600
-13.460 3.653 173.699
-13.474 3.652 173.798
-13.489 3.650 173.897
-13.503 3.648 173.996
-13.517 3.646 174.095
-13.531 3.644 174.194
-13.545 3.642 174.293
-13.560 3.640 174.392
-13.574 3.638 174.491
-13.588 3.636 174.590
-13.602 3.634 174.689
-13.616 3.632 174.788
-13.631 3.630 174.887
-13.645 3.629 174.986
-13.659 3.627 175.085
-13.673 3.625 175.184
-13.687 3.623 175.283
-13.701 3.621 175.382
-13.716 3.619 175.481
-13.730 3.617 175.579
-13.744 3.615 175.678
-13.747 3.615 175.697
-13.748 3.615 175.704
-13.748 3.614 175.709
-13.749 3.614 175.712
-13.749 3.614 175.714
-13.749 3.614 175.716
-13.750 3.614 175.718
-13.750 3.614 175.719
-13.750 3.614 175.720
-13.750 3.614 175.721
-13.750 3.614 175.721
-13.750 3.614 175.722
-13.750 3.614 175.723
-13.750 3.614 175.723
-13.751 3.614 175.724
-13.751 3.614 175.724
-13.751 3.614 175.724
-13.751 3.614 175.725
-13.751 3.614 175.725
-13.751 3.614 175.725
-13.751 3.614 175.725
-13.751 3.614 175.726
-13.751 3.614 175.726
-13.751 3.615 175.726
-13.751 3.615 175.726
-13.751 3.615 175.726
-13.751 3.615 175.726
-13.752 3.615 175.726
-13.752 3.615 175.726
-13.752 3.615 175.726
-13.752 3.615 175.725
-13.752 3.616 175.725
-13.752 3.616 175.725
-13.752 3.616 175.725
-13.752 3.616 175.724
-13.752 3.616 175.724
-13.752 3.616 175.723
-13.753 3.617 175.723
-13.753 3.617 175.722
-13.753 3.617 175.722
-13.753 3.617 175.721
-13.753 3.618 175.720
-13.754 3.618 175.719
-13.754 3.619 175.718
-13.754 3.619 175.717
-13.754 3.620 175.716
-13.755 3.620 175.715
-13.755 3.621 175.713
-13.756 3.622 175.711
-13.756 3.623 175.709
-13.757 3.624 175.707
-13.757 3.625 175.704
-13.758 3.626 175.702
-13.759 3.627 175.698
-13.760 3.629 175.695
-13.761 3.630 175.691
-13.762 3.632 175.687
-13.763 3.634 175.682
-13.764 3.636 175.677
-13.766 3.639 175.671
-13.767 3.642 175.665
-13.769 3.645 175.658
-13.771 3.648 175.651
-13.773 3.652 175.642
-13.775 3.656 175.633
-13.778 3.660 175.622
-13.781 3.665 175.611
-13.784 3.670 175.599
-13.787 3.676 175.585
-13.791 3.683 175.570
-13.795 3.690 175.553
-13.800 3.698 175.535
-13.805 3.707 175.514
-13.810 3.716 175.492
-13.817 3.727 175.468
-13.823 3.738 175.441
-13.831 3.751 175.411
-13.839 3.765 175.378
-13.848 3.781 175.342
-13.858 3.798 175.303
-13.869 3.816 175.259
-13.880 3.837 175.211
-13.894 3.860 175.159
-13.908 3.885 175.101
-13.924 3.912 175.037
-13.941 3.942 174.967
-13.961 3.976 174.890
-13.982 4.012 174.805
-14.004 4.051 174.716
-14.027 4.089 174.626
-14.049 4.128 174.537
-14.071 4.166 174.447
-14.094 4.205 174.358
-14.116 4.243 174.268
-14.138 4.282 174.179
-14.161 4.321 174.089
-14.183 4.359 173.999
-14.205 4.398 173.910
-14.228 4.436 173.820
-14.250 4.475 173.731
-14.272 4.513 173.641
-14.295 4.552 173.552
-14.317 4.590 173.462
-14.339 4.629 173.373
-14.362 4.668 173.283
-14.384 4.706 173.194
-14.407 4.745 173.104
-14.429 4.783 173.015
-14.451 4.822 172.925
-14.474 4.860 172.836
-14.496 4.899 172.746
-14.518 4.937 172.657
-14.541 4.976 172.567
-14.563 5.015 172.478
-14.585 5.053 172.388
-14.608 5.092 172.299
-14.630 5.130 172.209
-14.652 5.169 172.120
-14.675 5.207 172.030
-14.697 5.246 171.941
-14.719 5.285 171.851
-14.742 5.323 171.762
-14.764 5.362 171.672
-14.786 5.400 171.583
-14.808 5.439 171.493
-14.830 5.478 171.404
-14.853 5.517 171.314
-14.875 5.556 171.225
-14.897 5.594 171.135
-14.919 5.633 171.046
-14.941 5.672 170.956
-14.963 5.711 170.867
-14.985 5.750 170.777
-15.007 5.789 170.688
-15.029 5.827 170.598
-15.051 5.866 170.509
-15.073 5.905 170.419
-15.095 5.944 170.330
-15.117 5.983 170.240
-15.139 6.022 170.151
-15.161 6.061 170.062
-15.183 6.100 169.972
-15.205 6.138 169.883
-15.227 6.177 169.793
-15.249 6.216 169.704
-15.271 6.255 169.614
-15.293 6.294 169.525
-15.315 6.333 169.435
-15.337 6.372 169.346
-15.359 6.410 169.256
-15.381 6.449 169.167
-15.403 6.488 169.077
-15.425 6.527 168.988
-15.447 6.566 168.898
-15.469 6.605 168.809
-15.491 6.644 168.720
-15.513 6.682 168.630
-15.536 6.721 168.541
-15.558 6.760 168.451
-15.580 6.799 168.362
-15.602 6.838 168.272
-15.624 6.877 168.183
-15.646 6.916 168.093
-15.668 6.954 168.004
-15.690 6.993 167.914
-15.712 7.032 167.825
-15.734 7.071 167.735
-15.756 7.110 167.646
-15.778 7.149 167.556
-15.800 7.188 167.467
-15.822 7.226 167.377
-15.844 7.265 167.288
-15.866 7.304 167.199
-15.888 7.343 167.109
-15.910 7.382 167.020
-15.932 7.421 166.930
-15.954 7.460 166.841
-15.976 7.499 166.751
-15.998 7.537 166.662
-16.020 7.576 166.572
-16.042 7.615 166.483
-16.064 7.654 166.393
-16.086 7.693 166.304
-16.108 7.732 166.214
-16.130 7.771 166.125
-16.152 7.810 166.035
-16.174 7.848 165.946
-16.196 7.887 165.857
-16.218 7.926 165.767
-16.240 7.965 165.678
-16.262 8.004 165.588
-16.284 8.043 165.499
-16.306 8.082 165.409
-16.328 8.121 165.320
-16.350 8.159 165.230
-16.372 8.198 165.141
-16.394 8.237 165.051
-16.416 8.276 164.962
-16.438 8.315 164.872
-16.460 8.354 164.783
-16.482 8.393 164.694
-16.504 8.431 164.604
-16.526 8.470 164.515
-16.548 8.509 164.425
-16.570 8.548 164.336
-16.592 8.587 164.246
-16.614 8.626 164.157
-16.636 8.665 164.067
-16.658 8.703 163.978
-16.680 8.742 163.888
-16.702 8.781 163.799
-16.724 8.820 163.709
-16.747 8.858 163.620
-16.769 8.897 163.530
-16.791 8.936 163.441
-16.813 8.975 163.351
-16.835 9.014 163.262
-16.857 9.052 163.172
-16.879 9.091 163.083
-16.901 9.130 162.993
-16.923 9.169 162.904
-16.945 9.207 162.814
-16.967 9.246 162.725
-16.989 9.285 162.635
-17.011 9.324 162.546
-17.033 9.362 162.456
-17.055 9.401 162.367
-17.077 9.440 162.277
-17.099 9.479 162.188
-17.121 9.518 162.098
-17.143 9.556 162.009
-17.165 9.595 161.919
-17.187 9.634 161.830
-17.209 9.673 161.740
-17.231 9.711 161.651
-17.253 9.750 161.561
-17.276 9.789 161.472
-17.298 9.828 161.382
-17.320 9.867 161.293
-17.342 9.905 161.203
-17.364 9.944 161.114
-17.386 9.983 161.024
-17.408 10.022 160.935
-17.430 10.061 160.845
-17.452 10.099 160.756
-17.474 10.138 160.666
-17.496 10.177 160.577
-17.519 10.216 160.487
-17.541 10.254 160.398
-17.563 10.293 160.308
-17.585 10.332 160.219
-17.607 10.371 160.129
-17.629 10.409 160.040
-17.651 10.448 159.950
-17.673 10.487 159.861
-17.695 10.525 159.771
-17.717 10.564 159.681
-17.739 10.602 159.592
-17.760 10.641 159.502
-17.782 10.679 159.412
-17.804 10.717 159.323
-17.826 10.756 159.233
-17.848 10.794 159.143
-17.870 10.833 159.053
-17.891 10.871 158.964
-17.913 10.909 158.874
-17.935 10.948 158.784
-17.957 10.986 158.695
-17.979 11.025 158.605
-18.001 11.063 158.515
-18.022 11.101 158.425
-18.044 11.140 158.336
-18.066 11.178 158.246
-18.088 11.217 158.156
-18.110 11.255 158.067
-18.132 11.293 157.977
-18.153 11.332 157.887
-18.175 11.370 157.798
-18.197 11.409 157.708
-18.219 11.447 157.618
-18.241 11.486 157.528
-18.263 11.524 157.439
-18.284 11.562 157.349
-18.306 11.601 157.259
-18.328 11.639 157.170
-18.350 11.678 157.080
-18.372 11.716 156.990
-18.394 11.755 156.901
-18.416 11.793 156.811
-18.437 11.832 156.721
-18.459 11.870 156.631
-18.481 11.908 156.542
-18.503 11.947 156.452
-18.525 11.985 156.362
-18.547 12.024 156.273
-18.568 12.062 156.183
-18.590 12.101 156.093
-18.612 12.139 156.004
-18.634 12.178 155.914
-18.656 12.216 155.824
-18.678 12.255 155.735
-18.699 12.293 155.645
-18.721 12.331 155.555
-18.743 12.370 155.466
-18.765 12.408 155.376
-18.786 12.447 155.286
-18.808 12.485 155.196
-18.830 12.524 155.107
-18.852 12.562 155.017
-18.873 12.601 154.927
-18.895 12.639 154.838
-18.917 12.677 154.748
-18.939 12.716 154.658
-18.960 12.754 154.568
-18.982 12.793 154.479
-19.004 12.831 154.389
-19.025 12.870 154.299
-19.047 12.908 154.209
-19.069 12.947 154.120
-19.091 12.985 154.030
-19.112 13.024 153.940
-19.134 13.062 153.851
-19.156 13.100 153.761
-19.178 13.139 153.671
-19.199 13.177 153.581
-19.221 13.216 153.492
-19.243 13.254 153.402
-19.264 13.293 153.312
-19.286 13.331 153.223
-19.308 13.370 153.133
-19.330 13.408 153.043
-19.351 13.447 152.953
-19.373 13.485 152.864
-19.395 13.524 152.774
-19.416 13.562 152.684
-19.438 13.600 152.595
-19.460 13.639 152.505
-19.482 13.677 152.415
-19.503 13.716 152.325
-19.525 13.754 152.236
-19.547 13.793 152.146
-19.569 13.831 152.056
-19.590 13.870 151.967
-19.612 13.908 151.877
-19.634 13.947 151.787
-19.655 13.985 151.697
-19.677 14.024 151.608
-19.699 14.062 151.518
-19.721 14.100 151.428
-19.742 14.139 151.339
-19.764 14.177 151.249
-19.786 14.216 151.159
-19.807 14.254 151.069
-19.829 14.293 150.980
-19.851 14.331 150.890
-19.873 14.370 150.800
-19.894 14.408 150.711
-19.916 14.447 150.621
-19.938 14.485 150.531
-19.960 14.524 150.441
-19.981 14.562 150.352
-20.003 14.600 150.262
-20.025 14.639 150.172
-20.046 14.677 150.083
-20.068 14.716 149.993
-20.090 14.754 149.903
-20.112 14.793 149.814
-20.133 14.831 149.724
-20.155 14.870 149.634
-20.177 14.908 149.544
-20.199 14.946 149.455
-20.221 14.985 149.365
-20.242 15.023 149.275
-20.264 15.062 149.186
-20.286 15.100 149.096
-20.308 15.139 149.006
-20.329 15.177 148.916
-20.351 15.216 148.827
-20.373 15.254 148.737
-20.395 15.292 148.647
-20.417 15.331 148.558
-20.438 15.369 148.468
-20.460 15.408 148.378
-20.482 15.446 148.288
-20.504 15.485 148.199
-20.526 15.523 148.109
-20.547 15.561 148.019
-20.569 15.600 147.930
-20.591 15.638 147.840
-20.613 15.677 147.750
-20.634 15.715 147.660
-20.656 15.754 147.571
-20.678 15.792 147.481
-20.700 15.830 147.391
-20.722 15.869 147.302
-20.743 15.907 147.212
-20.765 15.946 147.122
-20.787 15.984 147.032
-20.809 16.022 146.943
-20.831 16.061 146.853
-20.852 16.099 146.763
-20.874 16.138 146.674
-20.896 16.176 146.584
-20.918 16.215 146.494
-20.939 16.253 146.404
-20.961 16.291 146.315
-20.983 16.330 146.225
-21.005 16.368 146.135
-21.027 16.407 146.046
-21.049 16.445 145.956
-21.070 16.483 145.866
-21.092 16.522 145.777
-21.115 16.560 145.687
-21.137 16.599 145.597
-21.159 16.637 145.508
-21.182 16.676 145.418
-21.204 16.715 145.329
-21.227 16.753 145.239
-21.249 16.792 145.150
-21.271 16.830 145.060
-21.294 16.869 144.971
-21.316 16.907 144.881
-21.339 16.946 144.792
-21.361 16.984 144.702
-21.384 17.023 144.613
-21.406 17.061 144.523
-21.428 17.100 144.434
-21.451 17.138 144.344
-21.473 17.177 144.255
-21.496 17.216 144.165
-21.518 17.254 144.076
-21.541 17.293 143.986
-21.563 17.331 143.897
-21.586 17.370 143.807
-21.608 17.408 143.718
-21.630 17.447 143.628
-21.653 17.485 143.539
-21.675 17.524 143.449
-21.698 17.562 143.360
-21.720 17.601 143.270
-21.743 17.639 143.181
-21.765 17.678 143.091
-21.787 17.716 143.002
-21.810 17.755 142.912
-21.832 17.793 142.823
-21.855 17.832 142.733
-21.877 17.870 142.644
-21.899 17.909 142.554
-21.922 17.947 142.464
-21.944 17.986 142.375
-21.967 18.024 142.285
-21.989 18.063 142.196
-22.012 18.102 142.106
-22.034 18.140 142.017
-22.056 18.179 141.927
-22.079 18.217 141.838
-22.101 18.256 141.748
-22.124 18.294 141.659
-22.146 18.333 141.569
-22.169 18.371 141.480
-22.191 18.410 141.390
-22.213 18.449 141.301
-22.236 18.487 141.212
-22.258 18.526 141.122
-22.281 18.565 141.033
-22.303 18.604 140.943
-22.326 18.642 140.854
-22.348 18.681 140.764
-22.371 18.720 140.675
-22.393 18.759 140.586
-22.415 18.797 140.496
-22.438 18.836 140.407
-22.460 18.875 140.317
-22.483 18.914 140.228
-22.505 18.952 140.139
-22.528 18.991 140.049
-22.550 19.030 139.960
-22.572 19.069 139.870
-22.595 19.108 139.781
-22.617 19.146 139.692
-22.640 19.185 139.602
-22.662 19.224 139.513
-22.685 19.263 139.423
-22.707 19.301 139.334
-22.729 19.340 139.245
-22.752 19.379 139.155
-22.774 19.418 139.066
-22.797 19.456 138.976
-22.819 19.495 138.887
-22.842 19.534 138.797
-22.864 19.573 138.708
-22.886 19.611 138.619
-22.909 19.650 138.529
-22.931 19.689 138.440
-22.954 19.728 138.350
-22.976 19.766 138.261
-22.999 19.805 138.172
-23.021 19.844 138.082
-23.043 19.883 137.993
-23.066 19.921 137.903
-23.088 19.960 137.814
-23.111 19.999 137.725
-23.133 20.038 137.635
-23.156 20.076 137.546
-23.178 20.115 137.456
-23.200 20.154 137.367
-23.223 20.193 137.277
-23.245 20.232 137.188
-23.268 20.270 137.099
-23.290 20.309 137.009
-23.312 20.348 136.920
-23.335 20.387 136.830
-23.357 20.425 136.741
-23.380 20.464 136.652
-23.402 20.503 136.562
-23.425 20.542 136.473
-23.447 20.581 136.383
-23.469 20.619 136.294
-23.492 20.658 136.205
-23.514 20.697 136.115
-23.537 20.736 136.026
-23.559 20.775 135.936
-23.581 20.813 135.847
-23.604 20.852 135.758
-23.626 20.891 135.668
-23.649 20.930 135.579
-23.671 20.969 135.489
-23.693 21.007 135.400
-23.716 21.046 135.311
-23.738 21.085 135.221
-23.761 21.124 135.132
-23.783 21.163 135.042
-23.806 21.201 134.953
-23.828 21.240 134.864
-23.850 21.279 134.774
-23.873 21.318 134.685
-23.895 21.356 134.595
-23.918 21.395 134.506
-23.940 21.434 134.417
-23.962 21.473 134.327
-23.985 21.512 134.238
-24.007 21.550 134.148
-24.030 21.589 134.059
-24.052 21.628 133.970
-24.075 21.667 133.880
-24.097 21.705 133.791
-24.119 21.744 133.701
-24.142 21.783 133.612
-24.164 21.821 133.522
-24.187 21.860 133.433
-24.209 21.899 133.343
-24.232 21.937 133.254
-24.254 21.976 133.165
-24.277 22.014 133.075
-24.299 22.053 132.986
-24.322 22.092 132.896
-24.344 22.130 132.807
-24.367 22.169 132.717
-24.389 22.208 132.628
-24.412 22.246 132.538
-24.434 22.285 132.449
-24.456 22.324 132.359
-24.479 22.362 132.270
-24.501 22.401 132.181
-24.524 22.440 132.091
-24.546 22.478 132.002
-24.569 22.517 131.912
-24.591 22.555 131.823
-24.614 22.594 131.733
-24.636 22.633 131.644
-24.659 22.671 131.554
-24.681 22.710 131.465
-24.704 22.749 131.376
-24.726 22.787 131.286
-24.749 22.826 131.197
-24.771 22.865 131.107
-24.794 22.903 131.018
-24.816 22.942 130.928
-24.839 22.981 130.839
-24.861 23.019 130.749
-24.884 23.058 130.660
-24.906 23.097 130.571
-24.929 23.135 130.481
-24.951 23.174 130.392
-24.974 23.212 130.302
-24.996 23.251 130.213
-25.019 23.290 130.123
-25.041 23.328 130.034
-25.064 23.367 129.944
-25.086 23.405 129.855
-25.109 23.443 129.765
-25.131 23.481 129.676
-25.154 23.520 129.586
-25.177 23.558 129.496
-25.199 23.596 129.407
-25.222 23.634 129.317
-25.245 23.672 129.227
-25.267 23.710 129.138
-25.290 23.748 129.048
-25.312 23.786 128.958
-25.335 23.825 128.869
-25.358 23.863 128.779
-25.380 23.901 128.690
-25.403 23.939 128.600
-25.426 23.977 128.510
-25.448 24.015 128.421
-25.471 24.053 128.331
-25.494 24.091 128.241
-25.516 24.129 128.152
-25.539 24.168 128.062
-25.561 24.206 127.972
-25.584 24.244 127.883
-25.607 24.282 127.793
-25.629 24.320 127.704
-25.652 24.358 127.614
-25.675 24.396 127.524
-25.697 24.434 127.435
-25.720 24.472 127.345
-25.743 24.510 127.255
-25.765 24.549 127.166
-25.788 24.587 127.076
-25.810 24.625 126.986
-25.833 24.663 126.897
-25.856 24.701 126.807
-25.878 24.739 126.718
-25.901 24.777 126.628
-25.924 24.815 126.538
-25.946 24.853 126.449
-25.969 24.892 126.359
-25.992 24.930 126.269
-26.014 24.968 126.180
-26.037 25.006 126.090
-26.060 25.044 126.000
-26.082 25.082 125.911
-26.105 25.120 125.821
-26.127 25.158 125.732
-26.150 25.197 125.642
-26.172 25.235 125.552
-26.194 25.273 125.463
-26.216 25.311 125.373
-26.238 25.349 125.283
-26.260 25.387 125.193
-26.282 25.426 125.103
-26.303 25.464 125.013
-26.325 25.502 124.924
-26.347 25.540 124.834
-26.369 25.578 124.744
-26.390 25.617 124.654
-26.412 25.655 124.564
-26.434 25.693 124.474
-26.456 25.731 124.385
-26.478 25.769 124.295
-26.499 25.808 124.205
-26.521 25.846 124.115
-26.543 25.884 124.025
-26.565 25.922 123.936
-26.586 25.960 123.846
-26.608 25.999 123.756
-26.630 26.037 123.666
-26.652 26.075 123.576
-26.674 26.113 123.487
-26.695 26.151 123.397
-26.717 26.190 123.307
-26.739 26.228 123.217
-26.761 26.266 123.127
-26.782 26.304 123.037
-26.804 26.342 122.948
-26.826 26.380 122.858
-26.848 26.419 122.768
-26.870 26.457 122.678
-26.891 26.495 122.588
-26.913 26.533 122.499
-26.935 26.571 122.409
-26.957 26.610 122.319
-26.978 26.648 122.229
-27.000 26.686 122.139
-27.022 26.724 122.049
-27.044 26.762 121.960
-27.065 26.801 121.870
-27.087 26.839 121.780
-27.109 26.877 121.690
-27.131 26.915 121.600
-27.153 26.953 121.511
-27.174 26.992 121.421
-27.196 27.030 121.331
-27.218 27.068 121.241
-27.240 27.106 121.151
-27.261 27.144 121.062
-27.283 27.183 120.972
-27.305 27.221 120.882
-27.327 27.259 120.792
-27.348 27.297 120.702
-27.370 27.335 120.612
-27.392 27.374 120.523
-27.414 27.412 120.433
-27.435 27.450 120.343
-27.457 27.488 120.253
-27.479 27.527 120.163
-27.501 27.565 120.074
-27.522 27.603 119.984
-27.544 27.641 119.894
-27.566 27.679 119.804
-27.588 27.718 119.714
-27.609 27.756 119.624
-27.631 27.794 119.535
-27.653 27.832 119.445
-27.675 27.870 119.355
-27.696 27.909 119.265
-27.718 27.947 119.175
-27.740 27.985 119.086
-27.762 28.023 118.996
-27.783 28.061 118.906
-27.805 28.100 118.816
-27.827 28.138 118.726
-27.849 28.176 118.637
-27.870 28.214 118.547
-27.892 28.253 118.457
-27.914 28.291 118.367
-27.936 28.329 118.277
-27.957 28.367 118.187
-27.979 28.405 118.098
-28.001 28.444 118.008
-28.023 28.482 117.918
-28.044 28.520 117.828
-28.066 28.558 117.738
-28.088 28.596 117.649
-28.110 28.635 117.559
-28.131 28.673 117.469
-28.153 28.711 117.379
-28.175 28.749 117.289
-28.197 28.787 117.199
-28.219 28.825 117.110
-28.240 28.864 117.020
-28.262 28.902 116.930
-28.284 28.940 116.840
-28.306 28.978 116.750
-28.327 29.016 116.661
-28.349 29.055 116.571
-28.371 29.093 116.481
-28.393 29.131 116.391
-28.414 29.169 116.301
-28.436 29.207 116.211
-28.458 29.246 116.122
-28.480 29.284 116.032
-28.501 29.322 115.942
-28.523 29.360 115.852
-28.545 29.398 115.762
-28.567 29.437 115.673
-28.589 29.475 115.583
-28.610 29.513 115.493
-28.632 29.551 115.403
-28.654 29.589 115.313
-28.676 29.628 115.224
-28.698 29.666 115.134
-28.720 29.704 115.044
-28.742 29.742 114.954
-28.763 29.780 114.864
-28.785 29.819 114.775
-28.807 29.857 114.685
-28.829 29.895 114.595
-28.851 29.933 114.505
-28.873 29.971 114.416
-28.895 30.010 114.326
-28.917 30.048 114.236
-28.939 30.086 114.146
-28.960 30.124 114.056
-28.982 30.162 113.967
-29.004 30.200 113.877
-29.026 30.239 113.787
-29.048 30.277 113.697
-29.070 30.315 113.607
-29.092 30.353 113.517
-29.113 30.391 113.428
-29.135 30.429 113.338
-29.157 30.467 113.248
-29.179 30.505 113.158
-29.201 30.543 113.068
-29.222 30.582 112.978
-29.244 30.620 112.888
-29.266 30.658 112.799
-29.288 30.696 112.709
-29.310 30.734 112.619
-29.331 30.772 112.529
-29.353 30.810 112.439
-29.375 30.848 112.349
-29.397 30.886 112.260
-29.419 30.924 112.170
-29.440 30.962 112.080
-29.462 31.001 111.990
-29.484 31.039 111.900
-29.506 31.077 111.810
-29.528 31.115 111.720
-29.549 31.153 111.631
-29.571 31.191 111.541
-29.593 31.229 111.451
-29.615 31.268 111.361
-29.637 31.306 111.271
-29.659 31.344 111.182
-29.681 31.382 111.092
-29.703 31.421 111.002
-29.725 31.459 110.913
-29.746 31.497 110.823
-29.768 31.536 110.733
-29.790 31.574 110.643
-29.812 31.613 110.554
-29.834 31.651 110.464
-29.856 31.689 110.374
-29.878 31.728 110.285
-29.900 31.766 110.195
-29.922 31.804 110.105
-29.944 31.843 110.015
-29.966 31.881 109.926
-29.987 31.919 109.836
-30.009 31.958 109.746
-30.031 31.996 109.656
-30.053 32.034 109.567
-30.075 32.073 109.477
-30.097 32.111 109.387
-30.119 32.149 109.298
-30.141 32.188 109.208
-30.163 32.226 109.118
-30.184 32.264 109.028
-30.206 32.303 108.939
-30.228 32.341 108.849
-30.250 32.379 108.759
-30.272 32.418 108.669
-30.294 32.456 108.580
-30.316 32.494 108.490
-30.338 32.533 108.400
-30.359 32.571 108.311
-30.381 32.609 108.221
-30.403 32.648 108.131
-30.425 32.686 108.041
-30.447 32.724 107.952
-30.469 32.763 107.862
-30.491 32.801 107.772
-30.513 32.839 107.682
-30.534 32.878 107.593
-30.556 32.916 107.503
-30.578 32.954 107.413
-30.600 32.993 107.324
-30.622 33.031 107.234
-30.644 33.069 107.144
-30.666 33.108 107.054
-30.688 33.146 106.965
-30.709 33.184 106.875
-30.731 33.223 106.785
-30.753 33.261 106.695
-30.775 33.300 106.606
-30.797 33.338 106.516
-30.819 33.376 106.426
-30.841 33.415 106.337
-30.862 33.453 106.247
-30.884 33.491 106.157
-30.906 33.530 106.067
-30.928 33.568 105.978
-30.950 33.606 105.888
-30.972 33.645 105.798
-30.994 33.683 105.709
-31.015 33.722 105.619
-31.037 33.760 105.529
-31.059 33.798 105.439
-31.081 33.837 105.350
-31.103 33.875 105.260
-31.125 33.913 105.170
-31.147 33.952 105.080
-31.168 33.990 104.991
-31.190 34.029 104.901
-31.212 34.067 104.811
-31.234 34.105 104.722
-31.256 34.144 104.632
-31.278 34.182 104.542
-31.300 34.220 104.452
-31.321 34.259 104.363
-31.343 34.297 104.273
-31.365 34.335 104.183
-31.387 34.374 104.093
-31.409 34.412 104.004
-31.431 34.451 103.914
-31.452 34.489 103.824
-31.474 34.527 103.735
-31.496 34.566 103.645
-31.518 34.604 103.555
-31.540 34.642 103.465
-31.562 34.681 103.376
-31.584 34.719 103.286
-31.606 34.757 103.196
-31.627 34.796 103.106
-31.649 34.834 103.017
-31.671 34.872 102.927
-31.693 34.911 102.837
-31.715 34.949 102.748
-31.737 34.987 102.658
-31.759 35.026 102.568
-31.781 35.064 102.478
-31.802 35.102 102.389
-31.824 35.141 102.299
-31.846 35.179 102.209
-31.868 35.217 102.119
-31.890 35.256 102.030
-31.912 35.294 101.940
-31.934 35.332 101.850
-31.956 35.371 101.761
-31.977 35.409 101.671
-31.999 35.447 101.581
-32.021 35.486 101.491
-32.043 35.524 101.402
-32.065 35.562 101.312
-32.087 35.601 101.222
-32.109 35.639 101.132
-32.131 35.677 101.043
-32.152 35.716 100.953
-32.174 35.754 100.863
-32.196 35.792 100.774
-32.218 35.831 100.684
-32.240 35.869 100.594
-32.262 35.907 100.504
-32.284 35.946 100.415
-32.306 35.984 100.325
-32.328 36.022 100.235
-32.349 36.061 100.145
-32.371 36.099 100.056
-32.393 36.137 99.966
-32.415 36.176 99.876
-32.437 36.214 99.786
-32.459 36.252 99.697
-32.481 36.290 99.607
-32.503 36.328 99.517
-32.525 36.367 99.427
-32.547 36.405 99.338
-32.569 36.443 99.248
-32.591 36.481 99.158
-32.613 36.519 99.068
-32.635 36.557 98.978
-32.657 36.595 98.889
-32.679 36.633 98.799
-32.701 36.671 98.709
-32.723 36.709 98.619
-32.745 36.748 98.529
-32.767 36.786 98.439
-32.789 36.824 98.350
-32.811 36.862 98.260
-32.833 36.900 98.170
-32.855 36.938 98.080
-32.877 36.976 97.990
-32.899 37.014 97.901
-32.921 37.052 97.811
-32.943 37.090 97.721
-32.965 37.128 97.631
-32.987 37.166 97.541
-33.009 37.205 97.452
-33.031 37.243 97.362
-33.053 37.281 97.272
-33.075 37.319 97.182
-33.097 37.357 97.092
-33.119 37.395 97.003
-33.141 37.433 96.913
-33.163 37.471 96.823
-33.185 37.509 96.733
-33.207 37.547 96.643
-33.229 37.585 96.554
-33.251 37.624 96.464
-33.273 37.662 96.374
-33.295 37.700 96.284
-33.317 37.738 96.194
-33.339 37.776 96.105
-33.361 37.814 96.015
-33.383 37.852 95.925
-33.405 37.890 95.835
-33.427 37.928 95.745
-33.449 37.966 95.656
-33.471 38.004 95.566
-33.493 38.042 95.476
-33.514 38.080 95.386
-33.536 38.117 95.296
-33.557 38.154 95.205
-33.577 38.191 95.115
-33.598 38.228 95.024
-33.619 38.265 94.933
-33.640 38.302 94.843
-33.661 38.339 94.752
-33.681 38.376 94.661
-33.702 38.413 94.571
-33.723 38.449 94.480
-33.744 38.486 94.390
-33.764 38.523 94.299
-33.785 38.560 94.208
-33.806 38.597 94.118
-33.827 38.634 94.027
-33.847 38.671 93.936
-33.868 38.707 93.846
-33.889 38.744 93.755
-33.910 38.781 93.665
-33.930 38.818 93.574
-33.951 38.855 93.483
-33.972 38.892 93.393
-33.993 38.928 93.302
-34.013 38.965 93.212
-34.034 39.002 93.121
-34.055 39.039 93.030
-34.076 39.076 92.940
-34.096 39.113 92.849
-34.117 39.149 92.758
-34.138 39.186 92.668
-34.159 39.223 92.577
-34.179 39.260 92.487
-34.200 39.297 92.396
-34.221 39.334 92.305
-34.242 39.371 92.215
-34.263 39.407 92.124
-34.283 39.444 92.034
-34.304 39.481 91.943
-34.325 39.518 91.852
-34.346 39.555 91.762
-34.366 39.592 91.671
-34.387 39.629 91.581
-34.408 39.665 91.490
-34.429 39.702 91.399
-34.449 39.739 91.309
-34.470 39.776 91.218
-34.491 39.813 91.127
-34.512 39.850 91.037
-34.532 39.887 90.946
-34.553 39.923 90.856
-34.574 39.960 90.765
-34.594 39.997 90.674
-34.615 40.034 90.584
-34.636 40.071 90.493
-34.657 40.108 90.403
-34.677 40.145 90.312
-34.698 40.182 90.221
-34.719 40.218 90.131
-34.739 40.255 90.040
-34.760 40.292 89.949
-34.781 40.329 89.859
-34.802 40.366 89.768
-34.822 40.403 89.678
-34.843 40.440 89.587
-34.864 40.477 89.496
-34.884 40.513 89.406
-34.905 40.550 89.315
-34.926 40.587 89.225
-34.947 40.624 89.134
-34.967 40.661 89.043
-34.988 40.698 88.953
-35.009 40.735 88.862
-35.029 40.772 88.772
-35.050 40.808 88.681
-35.071 40.845 88.590
-35.092 40.882 88.500
-35.112 40.919 88.409
-35.133 40.956 88.318
-35.154 40.993 88.228
-35.175 41.030 88.137
-35.195 41.067 88.047
-35.216 41.104 87.956
-35.237 41.140 87.865
-35.257 41.177 87.775
-35.278 41.214 87.684
-35.299 41.251 87.594
-35.320 41.288 87.503
-35.340 41.325 87.412
-35.361 41.362 87.322
-35.382 41.398 87.231
-35.402 41.435 87.140
-35.423 41.472 87.050
-35.444 41.509 86.959
-35.465 41.546 86.869
-35.485 41.583 86.778
-35.506 41.620 86.687
-35.527 41.657 86.597
-35.547 41.693 86.506
-35.568 41.730 86.416
-35.589 41.767 86.325
-35.610 41.804 86.234
-35.630 41.841 86.144
-35.651 41.878 86.053
-35.672 41.915 85.962
-35.692 41.952 85.872
-35.713 41.988 85.781
-35.734 42.025 85.691
-35.755 42.062 85.600
-35.775 42.099 85.509
-35.796 42.136 85.419
-35.817 42.173 85.328
-35.838 42.210 85.238
-35.858 42.246 85.147
-35.879 42.283 85.056
-35.900 42.320 84.966
-35.921 42.357 84.875
-35.941 42.394 84.785
-35.962 42.431 84.694
-35.983 42.467 84.603
-36.004 42.504 84.513
-36.025 42.541 84.422
-36.045 42.578 84.331
-36.066 42.615 84.241
-36.087 42.652 84.150
-36.108 42.689 84.060
-36.129 42.725 83.969
-36.149 42.762 83.878
-36.170 42.799 83.788
-36.191 42.836 83.697
-36.212 42.873 83.607
-36.233 42.909 83.516
-36.253 42.946 83.425
-36.274 42.983 83.335
-36.295 43.020 83.244
-36.316 43.057 83.153
-36.336 43.094 83.063
-36.357 43.130 82.972
-36.378 43.167 82.882
-36.399 43.204 82.791
-36.420 43.241 82.700
-36.440 43.278 82.610
-36.461 43.314 82.519
-36.482 43.351 82.428
-36.503 43.388 82.338
-36.524 43.425 82.247
-36.544 43.462 82.157
-36.565 43.498 82.066
-36.586 43.535 81.975
-36.607 43.572 81.885
-36.627 43.609 81.794
-36.648 43.646 81.703
-36.669 43.682 81.613
-36.690 43.719 81.522
-36.711 43.756 81.432
-36.731 43.793 81.341
-36.752 43.830 81.251
-36.774 43.867 81.161
-36.796 43.905 81.071
-36.820 43.943 80.981
-36.843 43.982 80.892
-36.866 44.020 80.802
-36.889 44.059 80.713
-36.913 44.097 80.624
-36.936 44.135 80.534
-36.959 44.174 80.445
-36.983 44.212 80.356
-37.006 44.251 80.266
-37.029 44.289 80.177
-37.053 44.328 80.088
-37.076 44.366 79.998
-37.099 44.404 79.909
-37.123 44.443 79.820
-37.146 44.481 79.730
-37.169 44.520 79.641
-37.193 44.558 79.552
-37.216 44.597 79.462
-37.239 44.635 79.373
-37.263 44.674 79.284
-37.286 44.712 79.194
-37.309 44.750 79.105
-37.333 44.789 79.016
-37.356 44.827 78.927
-37.379 44.866 78.837
-37.403 44.904 78.748
-37.426 44.942 78.659
-37.449 44.981 78.569
-37.472 45.019 78.480
-37.496 45.058 78.391
-37.519 45.096 78.301
-37.542 45.135 78.212
-37.566 45.173 78.123
-37.589 45.211 78.033
-37.612 45.250 77.944
-37.636 45.288 77.855
-37.659 45.327 77.765
-37.682 45.365 77.676
-37.705 45.404 77.587
-37.729 45.442 77.497
-37.752 45.480 77.408
-37.775 45.519 77.319
-37.799 45.557 77.229
-37.822 45.596 77.140
-37.845 45.634 77.051
-37.869 45.673 76.961
-37.892 45.711 76.872
-37.915 45.750 76.783
-37.938 45.788 76.693
-37.962 45.827 76.604
-37.985 45.865 76.515
-38.008 45.904 76.426
-38.031 45.943 76.336
-38.055 45.981 76.247
-38.078 46.020 76.158
-38.101 46.058 76.068
-38.124 46.097 75.979
-38.148 46.135 75.890
-38.171 46.174 75.801
-38.194 46.213 75.711
-38.217 46.251 75.622
-38.241 46.290 75.533
-38.264 46.328 75.443
-38.287 46.367 75.354
-38.310 46.406 75.265
-38.334 46.444 75.176
-38.357 46.483 75.086
-38.380 46.521 74.997
-38.403 46.560 74.908
-38.427 46.598 74.819
-38.450 46.637 74.729
-38.473 46.676 74.640
-38.496 46.714 74.551
-38.520 46.753 74.461
-38.543 46.791 74.372
-38.566 46.830 74.283
-38.589 46.869 74.194
-38.613 46.907 74.104
-38.636 46.946 74.015
-38.659 46.984 73.926
-38.682 47.023 73.837
-38.706 47.062 73.747
-38.729 47.100 73.658
-38.752 47.139 73.569
-38.775 47.177 73.479
-38.799 47.216 73.390
-38.822 47.254 73.301
-38.845 47.293 73.212
-38.868 47.332 73.122
-38.892 47.370 73.033
-38.915 47.409 72.944
-38.938 47.447 72.854
-38.961 47.486 72.765
-38.985 47.525 72.676
-39.008 47.563 72.587
-39.031 47.602 72.497
-39.054 47.640 72.408
-39.078 47.679 72.319
-39.101 47.717 72.230
-39.124 47.756 72.140
-39.147 47.795 72.051
-39.171 47.833 71.962
-39.194 47.872 71.872
-39.217 47.910 71.783
-39.240 47.949 71.694
-39.264 47.988 71.605
-39.287 48.026 71.515
-39.310 48.065 71.426
-39.333 48.103 71.337
-39.357 48.142 71.248
-39.380 48.181 71.158
-39.403 48.219 71.069
-39.426 48.258 70.980
-39.450 48.296 70.890
-39.473 48.335 70.801
-39.496 48.374 70.712
-39.519 48.412 70.623
-39.543 48.451 70.533
-39.566 48.489 70.444
-39.589 48.528 70.355
-39.612 48.567 70.266
-39.636 48.605 70.176
-39.659 48.644 70.087
-39.682 48.682 69.998
-39.705 48.721 69.908
-39.729 48.760 69.819
-39.752 48.798 69.730
-39.775 48.837 69.641
-39.798 48.875 69.551
-39.822 48.914 69.462
-39.845 48.952 69.373
-39.868 48.991 69.283
-39.891 49.029 69.194
-39.915 49.068 69.105
-39.938 49.107 69.016
-39.961 49.145 68.926
-39.985 49.184 68.837
-40.008 49.222 68.748
-40.031 49.261 68.658
-40.055 49.299 68.569
-40.078 49.338 68.480
-40.101 49.376 68.391
-40.125 49.415 68.301
-40.148 49.453 68.212
-40.171 49.492 68.123
-40.195 49.530 68.033
-40.218 49.569 67.944
-40.241 49.607 67.855
-40.265 49.646 67.766
-40.288 49.684 67.676
-40.311 49.723 67.587
-40.334 49.761 67.498
-40.358 49.800 67.408
-40.381 49.838 67.319
-40.404 49.877 67.230
-40.428 49.915 67.141
-40.451 49.954 67.051
-40.474 49.992 66.962
-40.498 50.031 66.873
-40.521 50.069 66.783
-40.544 50.108 66.694
-40.568 50.146 66.605
-40.591 50.185 66.515
-40.614 50.223 66.426
-40.638 50.262 66.337
-40.661 50.300 66.248
-40.684 50.339 66.158
-40.708 50.377 66.069
-40.731 50.416 65.980
-40.754 50.454 65.890
-40.778 50.493 65.801
-40.801 50.531 65.712
-40.824 50.570 65.623
-40.848 50.608 65.533
-40.871 50.647 65.444
-40.894 50.685 65.355
-40.918 50.723 65.265
-40.941 50.761 65.176
-40.964 50.798 65.086
-40.987 50.835 64.996
-41.011 50.872 64.906
-41.034 50.909 64.816
-41.057 50.945 64.726
-41.080 50.982 64.635
-41.103 51.019 64.545
-41.126 51.056 64.455
-41.150 51.093 64.365
-41.173 51.129 64.275
-41.196 51.166 64.185
-41.219 51.203 64.095
-41.242 51.240 64.005
-41.266 51.277 63.915
-41.289 51.313 63.825
-41.312 51.350 63.735
-41.335 51.387 63.645
-41.358 51.424 63.555
-41.382 51.461 63.465
-41.405 51.497 63.375
-41.428 51.534 63.285
-41.451 51.571 63.195
-41.474 51.608 63.105
-41.498 51.645 63.015
-41.521 51.681 62.925
-41.544 51.718 62.835
-41.567 51.755 62.745
-41.590 51.792 62.654
-41.613 51.829 62.564
-41.637 51.865 62.474
-41.660 51.902 62.384
-41.683 51.939 62.294
-41.706 51.976 62.204
-41.729 52.013 62.114
-41.753 52.049 62.024
-41.776 52.086 61.934
-41.799 52.123 61.844
-41.822 52.160 61.754
-41.845 52.197 61.664
-41.869 52.233 61.574
-41.892 52.270 61.484
-41.915 52.307 61.394
-41.938 52.344 61.304
-41.961 52.381 61.214
-41.985 52.417 61.124
-42.008 52.454 61.034
-42.031 52.491 60.944
-42.054 52.528 60.854
-42.077 52.565 60.764
-42.100 52.602 60.673
-42.122 52.638 60.583
-42.145 52.675 60.493
-42.168 52.712 60.403
-42.191 52.749 60.313
-42.213 52.786 60.223
-42.236 52.823 60.133
-42.259 52.859 60.042
-42.282 52.896 59.952
-42.304 52.933 59.862
-42.327 52.970 59.772
-42.350 53.007 59.682
-42.373 53.044 59.592
-42.395 53.080 59.502
-42.418 53.117 59.411
-42.441 53.154 59.321
-42.464 53.191 59.231
-42.486 53.228 59.141
-42.509 53.265 59.051
-42.532 53.301 58.961
-42.554 53.338 58.871
-42.577 53.375 58.780
-42.600 53.412 58.690
-42.623 53.449 58.600
-42.645 53.486 58.510
-42.668 53.522 58.420
-42.691 53.559 58.330
-42.714 53.596 58.240
-42.736 53.633 58.149
-42.759 53.670 58.059
-42.782 53.707 57.969
-42.805 53.744 57.879
-42.827 53.780 57.789
-42.850 53.817 57.699
-42.873 53.854 57.609
-42.895 53.891 57.518
-42.918 53.928 57.428
-42.941 53.965 57.338
-42.964 54.001 57.248
-42.986 54.038 57.158
-43.009 54.075 57.068
-43.032 54.112 56.978
-43.055 54.149 56.887
-43.077 54.186 56.797
-43.100 54.223 56.707
-43.123 54.259 56.617
-43.145 54.296 56.527
-43.168 54.333 56.437
-43.191 54.370 56.347
-43.213 54.407 56.256
-43.236 54.444 56.166
-43.259 54.481 56.076
-43.281 54.518 55.986
-43.304 54.554 55.896
-43.327 54.591 55.806
-43.350 54.628 55.716
-43.372 54.665 55.625
-43.395 54.702 55.535
-43.418 54.739 55.445
-43.440 54.776 55.355
-43.463 54.813 55.265
-43.486 54.850 55.175
-43.508 54.886 55.085
-43.531 54.923 54.995
-43.554 54.960 54.904
-43.576 54.997 54.814
-43.599 55.034 54.724
-43.622 55.071 54.634
-43.644 55.108 54.544
-43.667 55.145 54.454
-43.690 55.181 54.364
-43.712 55.218 54.273
-43.735 55.255 54.183
-43.758 55.292 54.093
-43.780 55.329 54.003
-43.803 55.366 53.913
-43.826 55.403 53.823
-43.849 55.440 53.733
-43.871 55.476 53.642
-43.894 55.513 53.552
-43.917 55.550 53.462
-43.939 55.587 53.372
-43.962 55.624 53.282
-43.985 55.661 53.192
-44.007 55.698 53.102
-44.030 55.735 53.011
-44.053 55.772 52.921
-44.075 55.808 52.831
-44.098 55.845 52.741
-44.121 55.882 52.651
-44.143 55.919 52.561
-44.166 55.956 52.471
-44.189 55.993 52.380
-44.211 56.030 52.290
-44.234 56.066 52.200
-44.257 56.103 52.110
-44.280 56.140 52.020
-44.302 56.177 51.930
-44.325 56.214 51.840
-44.348 56.251 51.749
-44.370 56.288 51.659
-44.393 56.325 51.569
-44.416 56.361 51.479
-44.438 56.398 51.389
-44.461 56.435 51.299
-44.484 56.472 51.209
-44.506 56.509 51.119
-44.529 56.546 51.028
-44.552 56.583 50.938
-44.575 56.620 50.848
-44.597 56.656 50.758
-44.620 56.693 50.668
-44.643 56.730 50.578
-44.666 56.767 50.488
-44.688 56.804 50.397
-44.711 56.841 50.307
-44.734 56.878 50.217
-44.756 56.915 50.127
-44.779 56.951 50.037
-44.802 56.988 49.947
-44.825 57.025 49.857
-44.848 57.062 49.767
-44.870 57.099 49.676
-44.893 57.136 49.586
-44.916 57.173 49.496
-44.939 57.209 49.406
-44.961 57.246 49.316
-44.984 57.283 49.226
-45.007 57.320 49.136
-45.029 57.357 49.046
-45.052 57.394 48.955
-45.075 57.431 48.865
-45.098 57.467 48.775
-45.120 57.504 48.685
-45.143 57.541 48.595
-45.166 57.578 48.505
-45.189 57.615 48.415
-45.211 57.651 48.324
-45.234 57.688 48.234
-45.257 57.725 48.144
-45.280 57.762 48.054
-45.302 57.799 47.964
-45.325 57.835 47.874
-45.348 57.872 47.783
-45.371 57.909 47.693
-45.393 57.946 47.603
-45.416 57.983 47.513
-45.439 58.020 47.423
-45.462 58.056 47.333
-45.484 58.093 47.243
-45.507 58.130 47.152
-45.530 58.167 47.062
-45.553 58.204 46.972
-45.576 58.241 46.882
-45.599 58.277 46.792
-45.622 58.314 46.702
-45.645 58.351 46.612
-45.668 58.388 46.522
-45.691 58.425 46.432
-45.714 58.462 46.342
-45.738 58.499 46.252
-45.761 58.536 46.162
-45.784 58.573 46.072
-45.807 58.610 45.982
-45.830 58.647 45.892
-45.854 58.684 45.802
-45.877 58.721 45.712
-45.900 58.758 45.622
-45.923 58.795 45.532
-45.947 58.832 45.442
-45.970 58.869 45.352
-45.993 58.906 45.262
-46.016 58.943 45.172
-46.039 58.980 45.083
-46.063 59.017 44.993
-46.086 59.054 44.903
-46.109 59.091 44.813
-46.132 59.128 44.723
-46.155 59.165 44.633
-46.179 59.201 44.543
-46.202 59.238 44.453
-46.225 59.275 44.363
-46.248 59.312 44.273
-46.271 59.349 44.183
-46.294 59.386 44.093
-46.318 59.423 44.003
-46.341 59.460 43.913
-46.364 59.497 43.823
-46.387 59.534 43.733
-46.410 59.571 43.643
-46.433 59.608 43.553
-46.457 59.645 43.463
-46.480 59.681 43.373
-46.503 59.718 43.283
-46.526 59.755 43.193
-46.549 59.792 43.103
-46.572 59.829 43.013
-46.596 59.866 42.923
-46.619 59.903 42.833
-46.642 59.940 42.743
-46.665 59.977 42.653
-46.688 60.014 42.563
-46.711 60.051 42.473
-46.735 60.088 42.383
-46.758 60.125 42.293
-46.781 60.162 42.203
-46.804 60.199 42.113
-46.827 60.236 42.023
-46.850 60.273 41.933
-46.874 60.311 41.843
-46.897 60.348 41.753
-46.920 60.385 41.663
-46.943 60.422 41.573
-46.966 60.459 41.484
-46.989 60.496 41.394
-47.012 60.533 41.304
-47.036 60.570 41.214
-47.059 60.607 41.124
-47.082 60.645 41.034
-47.105 60.682 40.944
-47.128 60.719 40.854
-47.151 60.756 40.764
-47.175 60.793 40.674
-47.198 60.830 40.584
-47.221 60.867 40.494
-47.244 60.904 40.404
-47.267 60.941 40.314
-47.290 60.978 40.225
-47.313 61.016 40.135
-47.336 61.053 40.045
-47.360 61.090 39.955
-47.383 61.127 39.865
-47.406 61.164 39.775
-47.429 61.201 39.685
-47.452 61.238 39.595
-47.475 61.275 39.505
-47.498 61.312 39.415
-47.521 61.350 39.325
-47.545 61.387 39.235
-47.568 61.424 39.145
-47.591 61.461 39.055
-47.614 61.498 38.965
-47.637 61.535 38.876
-47.660 61.572 38.786
-47.683 61.609 38.696
-47.706 61.646 38.606
-47.729 61.684 38.516
-47.753 61.721 38.426
-47.776 61.758 38.336
-47.799 61.795 38.246
-47.822 61.832 38.156
-47.845 61.869 38.066
-47.868 61.906 37.976
-47.891 61.944 37.886
-47.914 61.981 37.796
-47.937 62.018 37.707
-47.961 62.055 37.617
-47.984 62.092 37.527
-48.007 62.129 37.437
-48.030 62.167 37.347
-48.053 62.204 37.257
-48.076 62.241 37.167
-48.099 62.278 37.077
-48.122 62.315 36.987
-48.145 62.352 36.897
-48.168 62.390 36.807
-48.192 62.427 36.717
-48.215 62.464 36.628
-48.238 62.501 36.538
-48.261 62.538 36.448
-48.284 62.575 36.358
-48.307 62.613 36.268
-48.330 62.650 36.178
-48.353 62.687 36.088
-48.376 62.724 35.998
-48.399 62.761 35.908
-48.422 62.799 35.818
-48.445 62.836 35.728
-48.469 62.873 35.638
-48.492 62.910 35.549
-48.515 62.947 35.459
-48.538 62.984 35.369
-48.561 63.022 35.279
-48.584 63.059 35.189
-48.607 63.096 35.099
-48.630 63.133 35.009
-48.653 63.170 34.919
-48.676 63.207 34.829
-48.699 63.244 34.739
-48.723 63.282 34.649
-48.746 63.319 34.559
-48.769 63.356 34.470
-48.792 63.393 34.380
-48.815 63.430 34.290
-48.838 63.467 34.200
-48.861 63.505 34.110
-48.884 63.542 34.020
-48.907 63.579 33.930
-48.930 63.616 33.840
-48.954 63.653 33.750
-48.977 63.690 33.660
-49.000 63.727 33.570
-49.023 63.765 33.480
-49.046 63.802 33.390
-49.069 63.839 33.301
-49.092 63.876 33.211
-49.115 63.913 33.121
-49.138 63.950 33.031
-49.161 63.988 32.941
-49.185 64.025 32.851
-49.208 64.062 32.761
-49.231 64.099 32.671
-49.254 64.136 32.581
-49.277 64.173 32.491
-49.300 64.210 32.401
-49.323 64.248 32.311
-49.346 64.285 32.222
-49.369 64.322 32.132
-49.393 64.359 32.042
-49.416 64.396 31.952
-49.439 64.433 31.862
-49.462 64.471 31.772
-49.485 64.508 31.682
-49.508 64.545 31.592
-49.531 64.582 31.502
-49.554 64.619 31.412
-49.577 64.656 31.322
-49.600 64.693 31.232
-49.624 64.731 31.143
-49.647 64.768 31.053
-49.670 64.805 30.963
-49.693 64.842 30.873
-49.716 64.879 30.783
-49.739 64.916 30.693
-49.762 64.953 30.603
-49.786 64.990 30.513
-49.809 65.027 30.423
-49.832 65.064 30.333
-49.855 65.101 30.243
-49.879 65.138 30.153
-49.902 65.175 30.063
-49.925 65.211 29.973
-49.948 65.248 29.883
-49.971 65.285 29.793
-49.995 65.322 29.703
-50.018 65.359 29.613
-50.041 65.396 29.523
-50.064 65.433 29.433
-50.088 65.470 29.343
-50.111 65.507 29.253
-50.134 65.543 29.163
-50.157 65.580 29.073
-50.181 65.617 28.983
-50.204 65.654 28.893
-50.227 65.691 28.803
-50.250 65.728 28.713
-50.274 65.765 28.623
-50.297 65.802 28.533
-50.320 65.839 28.443
-50.343 65.876 28.353
-50.366 65.912 28.263
-50.390 65.949 28.173
-50.413 65.986 28.083
-50.436 66.023 27.993
-50.459 66.060 27.903
-50.483 66.097 27.813
-50.506 66.134 27.723
-50.529 66.171 27.633
-50.552 66.208 27.543
-50.576 66.245 27.453
-50.599 66.281 27.363
-50.622 66.318 27.273
-50.645 66.355 27.183
-50.669 66.392 27.093
-50.692 66.429 27.003
-50.715 66.466 26.913
-50.738 66.503 26.823
-50.762 66.540 26.733
-50.785 66.577 26.643
-50.808 66.613 26.553
-50.831 66.650 26.463
-50.853 66.686 26.373
-50.875 66.723 26.282
-50.897 66.759 26.191
-50.918 66.795 26.101
-50.940 66.831 26.010
-50.961 66.867 25.919
-50.983 66.903 25.828
-51.004 66.939 25.737
-51.026 66.975 25.647
-51.047 67.011 25.556
-51.069 67.047 25.465
-51.090 67.083 25.374
-51.112 67.119 25.284
-51.133 67.155 25.193
-51.155 67.191 25.102
-51.176 67.227 25.011
-51.198 67.263 24.920
-51.220 67.299 24.830
-51.241 67.335 24.739
-51.263 67.371 24.648
-51.284 67.407 24.557
-51.306 67.443 24.466
-51.327 67.478 24.376
-51.349 67.514 24.285
-51.370 67.550 24.194
-51.392 67.586 24.103
-51.413 67.622 24.013
-51.435 67.658 23.922
-51.456 67.694 23.831
-51.478 67.730 23.740
-51.499 67.766 23.649
-51.521 67.802 23.559
-51.542 67.839 23.468
-51.564 67.875 23.377
-51.585 67.911 23.286
-51.607 67.947 23.196
-51.629 67.983 23.105
-51.650 68.019 23.014
-51.672 68.055 22.923
-51.693 68.091 22.833
-51.715 68.127 22.742
-51.736 68.163 22.651
-51.758 68.199 22.560
-51.779 68.235 22.469
-51.801 68.271 22.379
-51.822 68.307 22.288
-51.844 68.343 22.197
-51.865 68.379 22.106
-51.887 68.415 22.016
-51.908 68.451 21.925
-51.929 68.487 21.834
-51.951 68.523 21.743
-51.972 68.559 21.652
-51.993 68.595 21.562
-52.015 68.631 21.471
-52.036 68.667 21.380
-52.057 68.703 21.289
-52.079 68.740 21.198
-52.100 68.776 21.108
-52.121 68.812 21.017
-52.143 68.848 20.926
-52.164 68.884 20.835
-52.185 68.920 20.745
-52.207 68.956 20.654
-52.228 68.992 20.563
-52.249 69.028 20.472
-52.271 69.064 20.381
-52.292 69.100 20.291
-52.314 69.136 20.200
-52.335 69.173 20.109
-52.356 69.209 20.018
-52.378 69.245 19.927
-52.399 69.281 19.837
-52.420 69.317 19.746
-52.442 69.353 19.655
-52.463 69.389 19.564
-52.484 69.425 19.474
-52.506 69.461 19.383
-52.527 69.497 19.292
-52.548 69.533 19.201
-52.570 69.569 19.110
-52.591 69.606 19.020
-52.612 69.642 18.929
-52.634 69.678 18.838
-52.655 69.714 18.747
-52.676 69.750 18.656
-52.698 69.786 18.566
-52.719 69.822 18.475
-52.740 69.858 18.384
-52.762 69.894 18.293
-52.783 69.930 18.203
-52.804 69.966 18.112
-52.826 70.002 18.021
-52.847 70.039 17.930
-52.868 70.075 17.839
-52.890 70.111 17.749
-52.911 70.147 17.658
-52.932 70.183 17.567
-52.954 70.219 17.476
-52.975 70.255 17.385
-52.996 70.291 17.295
-53.018 70.327 17.204
-53.039 70.363 17.113
-53.060 70.399 17.022
-53.082 70.436 16.932
-53.103 70.472 16.841
-53.124 70.508 16.750
-53.146 70.544 16.659
-53.167 70.580 16.568
-53.188 70.616 16.478
-53.210 70.652 16.387
-53.231 70.688 16.296
-53.252 70.724 16.205
-53.274 70.760 16.114
-53.295 70.796 16.024
-53.316 70.832 15.933
-53.338 70.869 15.842
-53.359 70.905 15.751
-53.381 70.941 15.661
-53.402 70.977 15.570
-53.423 71.013 15.479
-53.445 71.049 15.388
-53.466 71.085 15.297
-53.487 71.121 15.207
-53.509 71.157 15.116
-53.530 71.193 15.025
-53.551 71.229 14.934
-53.573 71.265 14.843
-53.594 71.301 14.753
-53.616 71.337 14.662
-53.637 71.374 14.571
-53.658 71.410 14.480
-53.680 71.446 14.390
-53.701 71.482 14.299
-53.722 71.518 14.208
-53.744 71.554 14.117
-53.765 71.590 14.026
-53.786 71.626 13.936
-53.808 71.662 13.845
-53.829 71.698 13.754
-53.850 71.734 13.663
-53.872 71.770 13.572
-53.893 71.806 13.482
-53.915 71.842 13.391
-53.936 71.878 13.300
-53.957 71.915 13.209
-53.979 71.951 13.118
-54.000 71.987 13.028
-54.021 72.023 12.937
-54.043 72.059 12.846
-54.064 72.095 12.755
-54.085 72.131 12.665
-54.107 72.167 12.574
-54.128 72.203 12.483
-54.150 72.239 12.392
-54.171 72.275 12.302
-54.193 72.311 12.211
-54.215 72.347 12.120
-54.237 72.383 12.029
-54.259 72.419 11.939
-54.281 72.455 11.848
-54.302 72.491 11.757
-54.324 72.527 11.666
-54.346 72.563 11.576
-54.368 72.599 11.485
-54.390 72.635 11.394
-54.412 72.670 11.304
-54.434 72.706 11.213
-54.456 72.742 11.122
-54.478 72.778 11.032
-54.500 72.814 10.941
-54.522 72.850 10.850
-54.544 72.886 10.759
-54.566 72.922 10.669
-54.588 72.958 10.578
-54.610 72.994 10.487
-54.632 73.030 10.397
-54.654 73.066 10.306
-54.676 73.101 10.215
-54.698 73.137 10.125
-54.720 73.173 10.034
-54.742 73.209 9.943
-54.764 73.245 9.852
-54.786 73.281 9.762
-54.808 73.317 9.671
-54.830 73.353 9.580
-54.852 73.389 9.490
-54.874 73.425 9.399
-54.896 73.461 9.308
-54.918 73.497 9.218
-54.940 73.532 9.127
-54.962 73.568 9.036
-54.984 73.604 8.945
-55.006 73.640 8.855
-55.028 73.676 8.764
-55.050 73.712 8.673
-55.072 73.748 8.583
-55.094 73.784 8.492
-55.116 73.820 8.401
-55.138 73.856 8.311
-55.160 73.892 8.220
-55.182 73.928 8.129
-55.204 73.964 8.039
-55.225 74.000 7.948
-55.247 74.037 7.858
-55.268 74.075 7.768
-55.289 74.112 7.677
-55.310 74.150 7.587
-55.331 74.188 7.497
-55.352 74.226 7.407
-55.373 74.264 7.317
-55.394 74.302 7.227
-55.415 74.340 7.136
-55.436 74.377 7.046
-55.457 74.415 6.956
-55.478 74.453 6.866
-55.499 74.491 6.776
-55.520 74.529 6.686
-55.541 74.567 6.596
-55.562 74.605 6.505
-55.583 74.643 6.415
-55.604 74.680 6.325
-55.625 74.718 6.235
-55.647 74.756 6.145
-55.668 74.794 6.055
-55.689 74.832 5.965
-55.710 74.870 5.875
-55.731 74.908 5.784
-55.752 74.946 5.694
-55.773 74.983 5.604
-55.794 75.021 5.514
-55.815 75.059 5.424
-55.836 75.097 5.334
-55.857 75.135 5.244
-55.878 75.173 5.154
-55.899 75.211 5.063
-55.920 75.249 4.973
-55.941 75.287 4.883
-55.962 75.324 4.793
-55.983 75.362 4.703
-56.004 75.400 4.613
-56.025 75.438 4.523
-56.046 75.476 4.433
-56.067 75.514 4.342
-56.088 75.552 4.252
-56.109 75.590 4.162
-56.130 75.627 4.072
-56.151 75.665 3.982
-56.172 75.703 3.892
-56.193 75.741 3.802
-56.214 75.779 3.712
-56.235 75.817 3.621
-56.256 75.855 3.531
-56.276 75.893 3.441
-56.297 75.931 3.351
-56.318 75.969 3.261
-56.339 76.007 3.171
-56.360 76.045 3.081
-56.381 76.083 2.991
-56.402 76.121 2.900
-56.423 76.159 2.810
-56.444 76.197 2.720
-56.464 76.235 2.630
-56.485 76.273 2.540
-56.506 76.311 2.450
-56.527 76.349 2.360
-56.548 76.387 2.270
-56.569 76.425 2.180
-56.590 76.463 2.089
-56.611 76.501 1.999
-56.631 76.539 1.909
-56.652 76.577 1.819
-56.673 76.615 1.729
-56.694 76.653 1.639
-56.715 76.691 1.549
-56.736 76.729 1.459
-56.757 76.767 1.369
-56.778 76.805 1.278
-56.798 76.843 1.188
-56.819 76.881 1.098
-56.840 76.919 1.008
-56.861 76.957 0.918
-56.882 76.995 0.828
-56.903 77.033 0.738
-56.924 77.071 0.648
-56.945 77.109 0.558
-56.966 77.147 0.467
-56.986 77.185 0.377
-57.007 77.223 0.287
-57.028 77.261 0.197
-57.049 77.299 0.107
-57.070 77.337 0.017
-57.091 77.375 -0.073
-57.112 77.413 -0.163
-57.133 77.450 -0.254
-57.153 77.488 -0.344
-57.174 77.526 -0.434
-57.195 77.564 -0.524
-57.216 77.602 -0.614
-57.237 77.640 -0.704
-57.258 77.678 -0.794
-57.279 77.716 -0.884
-57.300 77.754 -0.975
-57.321 77.792 -1.065
-57.341 77.830 -1.155
-57.362 77.868 -1.245
-57.383 77.906 -1.335
-57.404 77.944 -1.425
-57.425 77.982 -1.515
-57.446 78.020 -1.605
-57.467 78.058 -1.695
-57.488 78.096 -1.786
-57.508 78.134 -1.876
-57.529 78.172 -1.966
-57.550 78.210 -2.056
-57.571 78.248 -2.146
-57.592 78.286 -2.236
-57.613 78.324 -2.326
-57.634 78.362 -2.416
-57.655 78.400 -2.507
-57.676 78.438 -2.597
-57.696 78.476 -2.687
-57.717 78.514 -2.777
-57.738 78.552 -2.867
-57.759 78.590 -2.957
