9.619 7.552 -2.900
9.623 7.544 -2.801
9.627 7.536 -2.701
9.632 7.528 -2.602
9.636 7.520 -2.502
9.640 7.512 -2.402
9.645 7.504 -2.303
9.649 7.496 -2.203
9.653 7.488 -2.104
9.658 7.480 -2.004
9.662 7.472 -1.905
9.666 7.464 -1.805
9.671 7.456 -1.705
9.675 7.448 -1.606
9.679 7.440 -1.506
9.684 7.432 -1.407
9.688 7.424 -1.307
9.692 7.416 -1.207
9.697 7.408 -1.108
9.701 7.400 -1.008
9.706 7.392 -0.909
9.710 7.384 -0.809
9.714 7.376 -0.710
9.719 7.368 -0.610
9.723 7.360 -0.510
9.727 7.352 -0.411
9.732 7.344 -0.311
9.736 7.336 -0.212
9.740 7.328 -0.112
9.745 7.320 -0.012
9.749 7.312 0.087
9.753 7.304 0.187
9.758 7.296 0.286
9.762 7.288 0.386
9.766 7.280 0.485
9.771 7.272 0.585
9.775 7.265 0.685
9.779 7.257 0.784
9.784 7.249 0.884
9.788 7.241 0.983
9.793 7.233 1.083
9.797 7.225 1.183
9.801 7.217 1.282
9.806 7.209 1.382
9.810 7.201 1.481
9.814 7.193 1.581
9.819 7.185 1.681
9.823 7.177 1.780
9.827 7.169 1.880
9.832 7.161 1.979
9.836 7.153 2.079
9.841 7.145 2.178
9.845 7.137 2.278
9.849 7.129 2.378
9.854 7.121 2.477
9.858 7.113 2.577
9.862 7.105 2.676
9.867 7.097 2.776
9.871 7.089 2.876
9.875 7.081 2.975
9.880 7.073 3.075
9.884 7.065 3.174
9.889 7.057 3.274
9.893 7.050 3.373
9.897 7.042 3.473
9.902 7.034 3.573
9.906 7.026 3.672
9.910 7.018 3.772
9.915 7.010 3.871
9.919 7.002 3.971
9.924 6.994 4.071
9.928 6.986 4.170
9.933 6.978 4.270
9.937 6.970 4.369
9.941 6.963 4.469
9.946 6.955 4.569
9.950 6.947 4.668
9.955 6.939 4.768
9.959 6.931 4.867
9.964 6.923 4.967
9.968 6.915 5.066
9.972 6.907 5.166
9.977 6.899 5.266
9.981 6.892 5.365
9.986 6.884 5.465
9.990 6.876 5.564
9.995 6.868 5.664
9.999 6.860 5.764
10.003 6.852 5.863
10.008 6.844 5.963
10.012 6.836 6.062
10.017 6.828 6.162
10.021 6.821 6.262
10.026 6.813 6.361
10.030 6.805 6.461
10.035 6.797 6.560
10.039 6.789 6.660
10.044 6.781 6.759
10.048 6.773 6.859
10.053 6.765 6.959
10.057 6.758 7.058
10.061 6.750 7.158
10.066 6.742 7.257
10.070 6.734 7.357
10.075 6.726 7.457
10.079 6.718 7.556
10.084 6.710 7.656
10.088 6.703 7.755
10.093 6.695 7.855
10.097 6.687 7.955
10.102 6.679 8.054
10.106 6.671 8.154
10.111 6.663 8.253
10.115 6.655 8.353
10.120 6.648 8.452
10.124 6.640 8.552
10.129 6.632 8.652
10.133 6.624 8.751
10.138 6.616 8.851
10.142 6.608 8.950
10.147 6.600 9.050
10.151 6.592 9.150
10.156 6.585 9.249
10.160 6.577 9.349
10.165 6.569 9.448
10.169 6.561 9.548
10.174 6.553 9.648
10.178 6.545 9.747
10.183 6.537 9.847
10.187 6.530 9.946
10.192 6.522 10.046
10.196 6.514 10.145
10.201 6.506 10.245
10.205 6.498 10.345
10.210 6.490 10.444
10.214 6.482 10.544
10.219 6.475 10.643
10.223 6.467 10.743
10.228 6.459 10.843
10.232 6.451 10.942
10.237 6.443 11.042
10.241 6.435 11.141
10.246 6.427 11.241
10.250 6.420 11.341
10.255 6.412 11.440
10.259 6.404 11.540
10.264 6.396 11.639
10.268 6.388 11.739
10.273 6.380 11.838
10.277 6.372 11.938
10.282 6.365 12.038
10.286 6.357 12.137
10.291 6.349 12.237
10.295 6.341 12.336
10.300 6.333 12.436
10.304 6.325 12.536
10.309 6.317 12.635
10.314 6.310 12.735
10.318 6.302 12.834
10.323 6.294 12.934
10.327 6.286 13.033
10.332 6.278 13.133
10.336 6.270 13.233
10.341 6.262 13.332
10.345 6.255 13.432
10.350 6.247 13.531
10.354 6.239 13.631
10.359 6.231 13.731
10.364 6.223 13.830
10.368 6.215 13.930
10.373 6.207 14.029
10.377 6.200 14.129
10.382 6.192 14.229
10.386 6.184 14.328
10.391 6.176 14.428
10.395 6.168 14.527
10.400 6.160 14.627
10.404 6.152 14.726
10.409 6.145 14.826
10.414 6.137 14.926
10.418 6.129 15.025
10.423 6.121 15.125
10.427 6.113 15.224
10.432 6.105 15.324
10.436 6.098 15.424
10.441 6.090 15.523
10.445 6.082 15.623
10.450 6.074 15.722
10.454 6.066 15.822
10.459 6.058 15.921
10.464 6.050 16.021
10.468 6.043 16.121
10.473 6.035 16.220
10.477 6.027 16.320
10.482 6.019 16.419
10.486 6.011 16.519
10.491 6.003 16.619
10.495 5.995 16.718
10.500 5.988 16.818
10.505 5.980 16.917
10.509 5.972 17.017
10.514 5.964 17.117
10.518 5.956 17.216
10.523 5.948 17.316
10.527 5.941 17.415
10.532 5.933 17.515
10.536 5.925 17.614
10.541 5.917 17.714
10.546 5.909 17.814
10.550 5.901 17.913
10.555 5.894 18.013
10.559 5.886 18.112
10.564 5.878 18.212
10.568 5.870 18.312
10.573 5.862 18.411
10.577 5.854 18.511
10.582 5.847 18.610
10.587 5.839 18.710
10.591 5.831 18.810
10.596 5.823 18.909
10.600 5.815 19.009
10.605 5.807 19.108
10.609 5.800 19.208
10.614 5.792 19.307
10.618 5.784 19.407
10.623 5.776 19.507
10.627 5.768 19.606
10.632 5.761 19.706
10.637 5.753 19.805
10.641 5.745 19.905
10.646 5.737 20.005
10.650 5.729 20.104
10.655 5.722 20.204
10.659 5.714 20.303
10.664 5.706 20.403
10.668 5.698 20.503
10.673 5.691 20.602
10.678 5.683 20.702
10.682 5.675 20.801
10.687 5.667 20.901
10.691 5.660 21.001
10.696 5.652 21.100
10.700 5.644 21.200
10.705 5.636 21.299
10.709 5.629 21.399
10.714 5.621 21.498
10.718 5.613 21.598
10.723 5.605 21.698
10.728 5.598 21.797
10.732 5.590 21.897
10.737 5.582 21.996
10.741 5.574 22.096
10.746 5.567 22.196
10.750 5.559 22.295
10.755 5.551 22.395
10.759 5.543 22.494
10.764 5.536 22.594
10.768 5.528 22.694
10.773 5.520 22.793
10.777 5.513 22.893
10.782 5.505 22.992
10.786 5.498 23.092
10.791 5.490 23.192
10.796 5.482 23.291
10.800 5.475 23.391
10.805 5.467 23.490
10.809 5.459 23.590
10.814 5.452 23.690
10.818 5.444 23.789
10.823 5.436 23.889
10.827 5.429 23.988
10.832 5.421 24.088
10.836 5.413 24.188
10.841 5.406 24.287
10.845 5.398 24.387
10.850 5.390 24.486
10.854 5.383 24.586
10.859 5.375 24.686
10.864 5.368 24.785
10.868 5.360 24.885
10.873 5.352 24.984
10.877 5.345 25.084
10.882 5.337 25.184
10.886 5.330 25.283
10.891 5.323 25.383
10.896 5.315 25.483
10.900 5.308 25.582
10.905 5.301 25.682
10.910 5.293 25.781
10.914 5.286 25.881
10.919 5.279 25.981
10.924 5.271 26.080
10.928 5.264 26.180
10.933 5.257 26.280
10.937 5.250 26.379
10.942 5.242 26.479
10.947 5.235 26.578
10.951 5.228 26.678
10.956 5.220 26.778
10.961 5.213 26.877
10.965 5.206 26.977
10.970 5.199 27.077
10.975 5.191 27.176
10.979 5.184 27.276
10.984 5.177 27.375
10.989 5.169 27.475
10.993 5.162 27.575
10.998 5.155 27.674
11.003 5.147 27.774
11.007 5.140 27.874
11.012 5.133 27.973
11.017 5.126 28.073
11.022 5.118 28.172
11.027 5.111 28.272
11.032 5.104 28.372
11.037 5.096 28.471
11.042 5.089 28.571
11.047 5.082 28.670
11.052 5.074 28.770
11.057 5.067 28.870
11.062 5.060 28.969
11.067 5.052 29.069
11.072 5.045 29.168
11.077 5.038 29.268
11.082 5.030 29.368
11.087 5.023 29.467
11.092 5.016 29.567
11.097 5.008 29.666
11.102 5.001 29.766
11.107 4.994 29.866
11.112 4.987 29.965
11.117 4.979 30.065
11.122 4.972 30.164
11.127 4.965 30.264
11.132 4.957 30.364
11.137 4.950 30.463
11.142 4.943 30.563
11.147 4.935 30.662
11.152 4.928 30.762
11.158 4.920 30.862
11.163 4.913 30.961
11.168 4.906 31.061
11.173 4.898 31.160
11.179 4.891 31.260
11.184 4.883 31.360
11.189 4.876 31.459
11.195 4.869 31.559
11.200 4.861 31.658
11.205 4.854 31.758
11.211 4.846 31.857
11.216 4.839 31.957
11.222 4.831 32.057
11.227 4.824 32.156
11.232 4.816 32.256
11.238 4.809 32.355
11.243 4.802 32.455
11.248 4.794 32.555
11.254 4.787 32.654
11.259 4.779 32.754
11.264 4.772 32.853
11.270 4.764 32.953
11.275 4.757 33.052
11.280 4.749 33.152
11.286 4.742 33.252
11.291 4.735 33.351
11.296 4.727 33.451
11.302 4.720 33.550
11.307 4.712 33.650
11.313 4.705 33.749
11.318 4.697 33.849
11.324 4.690 33.949
11.329 4.682 34.048
11.334 4.675 34.148
11.340 4.667 34.247
11.345 4.660 34.347
11.351 4.652 34.446
11.356 4.645 34.546
11.362 4.637 34.646
11.367 4.630 34.745
11.372 4.622 34.845
11.378 4.615 34.944
11.383 4.608 35.044
11.389 4.600 35.143
11.394 4.593 35.243
11.400 4.585 35.343
11.405 4.578 35.442
11.410 4.570 35.542
11.416 4.563 35.641
11.421 4.555 35.741
11.427 4.548 35.840
11.432 4.540 35.940
11.438 4.533 36.040
11.443 4.525 36.139
11.448 4.518 36.239
11.454 4.510 36.338
11.459 4.503 36.438
11.465 4.495 36.537
11.470 4.488 36.637
11.476 4.480 36.737
11.481 4.473 36.836
11.487 4.465 36.936
11.492 4.458 37.035
11.497 4.450 37.135
11.503 4.443 37.234
11.508 4.435 37.334
11.514 4.428 37.434
11.519 4.420 37.533
11.525 4.413 37.633
11.530 4.405 37.732
11.536 4.398 37.832
11.541 4.391 37.931
11.547 4.383 38.031
11.552 4.376 38.131
11.557 4.368 38.230
11.563 4.361 38.330
11.568 4.353 38.429
11.574 4.346 38.529
11.579 4.338 38.628
11.585 4.331 38.728
11.590 4.323 38.828
11.596 4.316 38.927
11.601 4.308 39.027
11.606 4.301 39.126
11.612 4.293 39.226
11.617 4.286 39.325
11.623 4.278 39.425
11.628 4.271 39.525
11.634 4.263 39.624
11.639 4.256 39.724
11.645 4.248 39.823
11.650 4.241 39.923
11.655 4.234 40.022
11.661 4.226 40.122
11.666 4.219 40.222
11.672 4.211 40.321
11.677 4.204 40.421
11.683 4.196 40.520
11.688 4.189 40.620
11.694 4.181 40.719
11.699 4.174 40.819
11.704 4.166 40.918
11.710 4.159 41.018
11.715 4.151 41.118
11.721 4.144 41.217
11.726 4.137 41.317
11.732 4.129 41.416
11.737 4.122 41.516
11.742 4.114 41.616
11.748 4.107 41.715
11.753 4.099 41.815
11.759 4.092 41.914
11.764 4.085 42.014
11.770 4.077 42.113
11.775 4.070 42.213
11.780 4.062 42.313
11.786 4.055 42.412
11.791 4.047 42.512
11.797 4.040 42.611
11.802 4.033 42.711
11.808 4.025 42.810
11.813 4.018 42.910
11.818 4.010 43.010
11.824 4.003 43.109
11.829 3.995 43.209
11.835 3.988 43.308
11.840 3.981 43.408
11.845 3.973 43.507
11.851 3.966 43.607
11.856 3.958 43.707
11.862 3.951 43.806
11.867 3.944 43.906
11.872 3.936 44.005
11.877 3.929 44.105
11.883 3.922 44.205
11.888 3.914 44.304
11.893 3.907 44.404
11.899 3.900 44.503
11.904 3.893 44.603
11.909 3.885 44.703
11.914 3.878 44.802
11.920 3.871 44.902
11.925 3.864 45.001
11.930 3.856 45.101
11.936 3.849 45.200
11.941 3.842 45.300
11.946 3.834 45.400
11.951 3.827 45.499
11.957 3.820 45.599
11.962 3.813 45.698
11.967 3.805 45.798
11.973 3.798 45.898
11.978 3.791 45.997
11.983 3.784 46.097
11.988 3.776 46.196
11.994 3.769 46.296
11.999 3.762 46.396
12.004 3.755 46.495
12.009 3.748 46.595
12.014 3.741 46.694
12.019 3.734 46.794
12.024 3.727 46.894
12.028 3.720 46.993
12.033 3.713 47.093
12.038 3.707 47.193
12.042 3.700 47.292
12.047 3.693 47.392
12.052 3.686 47.492
12.057 3.680 47.591
12.061 3.673 47.691
12.066 3.666 47.791
12.071 3.659 47.890
12.075 3.653 47.990
12.080 3.646 48.090
12.085 3.639 48.189
12.090 3.632 48.289
12.094 3.626 48.389
12.099 3.619 48.488
12.104 3.612 48.588
12.108 3.605 48.688
12.113 3.599 48.787
12.118 3.592 48.887
12.123 3.585 48.987
12.127 3.578 49.086
12.132 3.572 49.186
12.137 3.565 49.285
12.141 3.558 49.384
12.142 3.558 49.388
12.142 3.558 49.390
12.142 3.558 49.392
12.142 3.558 49.394
12.142 3.558 49.395
12.142 3.558 49.396
12.142 3.558 49.397
12.142 3.558 49.398
12.142 3.558 49.398
12.142 3.558 49.399
12.142 3.558 49.400
12.142 3.558 49.400
12.142 3.558 49.400
12.142 3.558 49.401
12.142 3.558 49.401
12.141 3.558 49.402
12.141 3.558 49.402
12.141 3.558 49.402
12.141 3.558 49.402
12.141 3.558 49.402
12.141 3.558 49.403
12.141 3.559 49.403
12.140 3.559 49.403
12.140 3.559 49.403
12.140 3.559 49.402
12.139 3.560 49.402
12.139 3.560 49.402
12.139 3.560 49.402
12.138 3.561 49.402
12.138 3.561 49.402
12.137 3.561 49.401
12.137 3.562 49.401
12.136 3.562 49.401
12.136 3.563 49.400
12.135 3.564 49.400
12.134 3.564 49.399
12.133 3.565 49.399
12.132 3.566 49.398
12.130 3.567 49.397
12.129 3.569 49.396
12.127 3.570 49.395
12.126 3.572 49.394
12.124 3.573 49.393
12.121 3.575 49.391
12.119 3.578 49.390
12.116 3.580 49.388
12.113 3.583 49.386
12.110 3.586 49.384
12.106 3.589 49.381
12.102 3.593 49.379
12.097 3.597 49.376
12.092 3.601 49.372
12.087 3.606 49.369
12.081 3.611 49.365
12.074 3.617 49.360
12.066 3.624 49.356
12.058 3.631 49.350
12.049 3.639 49.344
12.039 3.648 49.338
12.028 3.658 49.330
12.016 3.668 49.322
12.002 3.680 49.314
11.987 3.693 49.304
11.971 3.707 49.294
11.953 3.723 49.282
11.934 3.740 49.269
11.912 3.759 49.255
11.888 3.780 49.239
11.862 3.803 49.222
11.833 3.829 49.203
11.801 3.857 49.183
11.766 3.887 49.160
11.728 3.921 49.135
11.686 3.958 49.107
11.639 3.999 49.077
11.588 4.044 49.043
11.532 4.093 49.007
11.470 4.148 48.966
11.403 4.207 48.922
11.335 4.266 48.878
11.268 4.326 48.834
11.200 4.385 48.790
11.133 4.444 48.746
11.065 4.503 48.702
10.998 4.563 48.658
10.930 4.622 48.614
10.863 4.681 48.570
10.795 4.741 48.526
10.728 4.800 48.482
10.660 4.859 48.438
10.593 4.918 48.394
10.525 4.977 48.351
10.457 5.037 48.307
10.390 5.096 48.263
10.322 5.155 48.220
10.254 5.214 48.176
10.186 5.273 48.132
10.118 5.332 48.089
10.050 5.391 48.045
9.982 5.451 48.002
9.915 5.510 47.958
9.847 5.569 47.915
9.779 5.628 47.871
9.711 5.687 47.828
9.643 5.746 47.784
9.575 5.805 47.740
9.507 5.864 47.697
9.440 5.924 47.653
9.372 5.983 47.610
9.304 6.042 47.566
9.236 6.101 47.523
9.168 6.160 47.479
9.100 6.219 47.436
9.032 6.278 47.392
8.964 6.338 47.349
8.896 6.397 47.305
8.828 6.456 47.262
8.761 6.515 47.218
8.693 6.574 47.175
8.625 6.633 47.131
8.557 6.692 47.088
8.489 6.751 47.044
8.421 6.810 47.001
8.353 6.870 46.958
8.285 6.929 46.914
8.217 6.988 46.871
8.149 7.047 46.827
8.081 7.106 46.784
8.013 7.165 46.740
7.945 7.224 46.697
7.877 7.283 46.653
7.809 7.342 46.610
7.741 7.402 46.567
7.673 7.461 46.523
7.605 7.520 46.480
7.537 7.579 46.436
7.469 7.638 46.393
7.401 7.697 46.349
7.333 7.756 46.306
7.265 7.815 46.263
7.197 7.874 46.219
7.130 7.934 46.176
7.062 7.993 46.132
6.994 8.052 46.089
6.926 8.111 46.045
6.858 8.170 46.002
6.790 8.229 45.959
6.722 8.288 45.915
6.654 8.347 45.872
6.586 8.406 45.828
6.518 8.466 45.785
6.450 8.525 45.741
6.382 8.584 45.698
6.314 8.643 45.655
6.246 8.702 45.611
6.178 8.761 45.568
6.110 8.820 45.524
6.042 8.879 45.481
5.974 8.938 45.437
5.906 8.998 45.394
5.838 9.057 45.351
5.770 9.116 45.307
5.702 9.175 45.264
5.634 9.234 45.220
5.566 9.293 45.177
5.498 9.352 45.133
5.430 9.411 45.090
5.362 9.470 45.047
5.294 9.530 45.003
5.226 9.589 44.960
5.158 9.648 44.916
5.090 9.707 44.873
5.023 9.766 44.829
4.955 9.825 44.786
4.887 9.884 44.743
4.819 9.943 44.699
4.751 10.002 44.656
4.683 10.061 44.612
4.615 10.121 44.569
4.547 10.180 44.525
4.479 10.239 44.482
4.411 10.298 44.438
4.343 10.357 44.395
4.275 10.416 44.352
4.207 10.475 44.308
4.139 10.534 44.265
4.071 10.593 44.221
4.003 10.652 44.178
3.935 10.711 44.134
3.867 10.771 44.091
3.799 10.830 44.047
3.731 10.889 44.004
3.663 10.948 43.960
3.595 11.007 43.917
3.527 11.066 43.874
3.459 11.125 43.830
3.391 11.184 43.787
3.323 11.243 43.743
3.255 11.302 43.700
3.187 11.361 43.656
3.119 11.420 43.613
3.051 11.479 43.569
2.983 11.539 43.526
2.915 11.598 43.482
2.847 11.657 43.439
2.779 11.716 43.396
2.711 11.775 43.352
2.643 11.834 43.309
2.575 11.893 43.265
2.507 11.952 43.222
2.439 12.011 43.178
2.371 12.070 43.135
2.303 12.129 43.091
2.235 12.188 43.048
2.167 12.247 43.004
2.099 12.306 42.961
2.031 12.365 42.918
1.963 12.424 42.874
1.895 12.483 42.831
1.827 12.542 42.787
1.759 12.601 42.744
1.691 12.661 42.700
1.623 12.720 42.657
1.555 12.779 42.613
1.487 12.838 42.570
1.419 12.897 42.526
1.351 12.956 42.483
1.283 13.015 42.439
1.215 13.074 42.396
1.147 13.133 42.353
1.079 13.192 42.309
1.011 13.251 42.266
0.943 13.310 42.222
0.875 13.369 42.179
0.807 13.428 42.135
0.739 13.487 42.092
0.671 13.546 42.048
0.603 13.605 42.005
0.535 13.664 41.961
0.467 13.723 41.918
0.399 13.782 41.875
0.331 13.841 41.831
0.263 13.900 41.788
0.195 13.960 41.744
0.127 14.019 41.701
0.059 14.078 41.657
-0.009 14.137 41.614
-0.077 14.196 41.570
-0.145 14.255 41.527
-0.213 14.314 41.483
-0.281 14.373 41.440
-0.349 14.432 41.397
-0.417 14.491 41.353
-0.485 14.550 41.310
-0.553 14.609 41.266
-0.621 14.668 41.223
-0.689 14.727 41.179
-0.757 14.786 41.136
-0.825 14.845 41.092
-0.893 14.904 41.049
-0.961 14.963 41.005
-1.029 15.022 40.962
-1.097 15.081 40.918
-1.165 15.140 40.875
-1.233 15.200 40.832
-1.301 15.259 40.788
-1.369 15.318 40.745
-1.437 15.377 40.701
-1.505 15.436 40.658
-1.573 15.495 40.614
-1.641 15.554 40.571
-1.709 15.613 40.527
-1.777 15.672 40.484
-1.845 15.731 40.440
-1.913 15.790 40.397
-1.981 15.849 40.353
-2.049 15.908 40.310
-2.117 15.967 40.266
-2.185 16.027 40.223
-2.252 16.086 40.179
-2.320 16.145 40.136
-2.388 16.204 40.092
-2.456 16.263 40.049
-2.524 16.322 40.005
-2.592 16.381 39.962
-2.660 16.440 39.918
-2.728 16.499 39.875
-2.796 16.558 39.832
-2.864 16.618 39.788
-2.932 16.677 39.745
-3.000 16.736 39.701
-3.068 16.795 39.658
-3.136 16.854 39.614
-3.204 16.913 39.571
-3.271 16.972 39.527
-3.339 17.032 39.484
-3.407 17.091 39.440
-3.475 17.150 39.397
-3.543 17.209 39.353
-3.611 17.268 39.310
-3.678 17.328 39.266
-3.746 17.387 39.223
-3.814 17.446 39.180
-3.882 17.505 39.136
-3.950 17.565 39.093
-4.018 17.624 39.049
-4.085 17.683 39.006
-4.153 17.743 38.962
-4.221 17.802 38.919
-4.289 17.861 38.875
-4.357 17.920 38.832
-4.425 17.980 38.788
-4.492 18.039 38.745
-4.560 18.098 38.702
-4.628 18.157 38.658
-4.696 18.217 38.615
-4.764 18.276 38.571
-4.832 18.335 38.528
-4.899 18.394 38.484
-4.967 18.454 38.441
-5.035 18.513 38.398
-5.103 18.572 38.354
-5.171 18.632 38.311
-5.238 18.691 38.267
-5.306 18.750 38.224
-5.374 18.810 38.181
-5.442 18.869 38.137
-5.510 18.928 38.094
-5.578 18.987 38.050
-5.645 19.047 38.007
-5.713 19.106 37.964
-5.781 19.165 37.920
-5.849 19.225 37.877
-5.917 19.284 37.834
-5.984 19.343 37.790
-6.052 19.403 37.747
-6.120 19.462 37.703
-6.188 19.521 37.660
-6.256 19.581 37.617
-6.324 19.640 37.573
-6.391 19.699 37.530
-6.459 19.759 37.487
-6.527 19.818 37.443
-6.595 19.877 37.400
-6.663 19.937 37.357
-6.730 19.996 37.313
-6.798 20.055 37.270
-6.866 20.115 37.227
-6.934 20.174 37.183
-7.002 20.233 37.140
-7.070 20.293 37.097
-7.137 20.352 37.053
-7.205 20.411 37.010
-7.273 20.471 36.967
-7.341 20.530 36.923
-7.409 20.589 36.880
-7.477 20.649 36.837
-7.544 20.708 36.793
-7.612 20.767 36.750
-7.680 20.827 36.706
-7.748 20.886 36.663
-7.816 20.945 36.620
-7.884 21.005 36.576
-7.951 21.064 36.533
-8.019 21.123 36.490
-8.087 21.183 36.446
-8.155 21.242 36.403
-8.223 21.301 36.360
-8.290 21.361 36.316
-8.358 21.420 36.273
-8.426 21.480 36.230
-8.494 21.539 36.186
-8.562 21.598 36.143
-8.630 21.658 36.100
-8.697 21.717 36.056
-8.765 21.776 36.013
-8.833 21.836 35.970
-8.901 21.895 35.926
-8.969 21.954 35.883
-9.036 22.014 35.840
-9.104 22.073 35.796
-9.172 22.132 35.753
-9.240 22.192 35.710
-9.308 22.251 35.666
-9.376 22.310 35.623
-9.443 22.370 35.579
-9.511 22.429 35.536
-9.579 22.488 35.493
-9.647 22.547 35.449
-9.715 22.607 35.406
-9.782 22.666 35.362
-9.850 22.725 35.319
-9.918 22.785 35.276
-9.986 22.844 35.232
-10.054 22.903 35.189
-10.121 22.963 35.145
-10.189 23.022 35.102
-10.257 23.081 35.059
-10.325 23.141 35.015
-10.393 23.200 34.972
-10.460 23.259 34.928
-10.528 23.319 34.885
-10.596 23.378 34.841
-10.664 23.437 34.798
-10.731 23.496 34.754
-10.799 23.555 34.710
-10.867 23.614 34.667
-10.935 23.674 34.623
-11.003 23.733 34.579
-11.070 23.792 34.535
-11.138 23.851 34.492
-11.206 23.910 34.448
-11.274 23.969 34.404
-11.341 24.028 34.360
-11.409 24.087 34.317
-11.477 24.146 34.273
-11.545 24.206 34.229
-11.612 24.265 34.185
-11.680 24.324 34.142
-11.748 24.383 34.098
-11.816 24.442 34.054
-11.884 24.501 34.010
-11.951 24.560 33.967
-12.019 24.619 33.923
-12.087 24.678 33.879
-12.155 24.737 33.835
-12.223 24.796 33.792
-12.290 24.855 33.748
-12.359 24.914 33.704
-12.427 24.973 33.660
-12.495 25.031 33.617
-12.563 25.090 33.573
-12.632 25.148 33.529
-12.700 25.207 33.486
-12.768 25.265 33.442
-12.836 25.324 33.398
-12.905 25.382 33.354
-12.973 25.441 33.311
-13.041 25.499 33.267
-13.110 25.558 33.223
-13.178 25.616 33.179
-13.246 25.675 33.136
-13.315 25.733 33.092
-13.383 25.792 33.048
-13.451 25.850 33.005
-13.520 25.909 32.961
-13.588 25.967 32.917
-13.656 26.026 32.873
-13.725 26.084 32.830
-13.793 26.142 32.786
-13.861 26.201 32.742
-13.930 26.259 32.699
-13.998 26.318 32.655
-14.066 26.376 32.611
-14.135 26.435 32.568
-14.203 26.493 32.524
-14.272 26.551 32.480
-14.340 26.610 32.437
-14.409 26.668 32.393
-14.478 26.726 32.350
-14.546 26.785 32.306
-14.615 26.843 32.262
-14.683 26.901 32.219
-14.752 26.960 32.175
-14.820 27.018 32.132
-14.889 27.076 32.088
-14.957 27.135 32.044
-15.026 27.193 32.001
-15.094 27.251 31.957
-15.163 27.310 31.914
-15.232 27.368 31.870
-15.300 27.426 31.827
-15.369 27.485 31.783
-15.437 27.543 31.739
-15.506 27.601 31.696
-15.574 27.660 31.652
-15.643 27.718 31.609
-15.711 27.776 31.565
-15.780 27.834 31.522
-15.849 27.893 31.478
-15.917 27.951 31.435
-15.986 28.009 31.391
-16.054 28.068 31.347
-16.123 28.126 31.304
-16.191 28.184 31.260
-16.260 28.243 31.217
-16.329 28.301 31.173
-16.397 28.359 31.130
-16.466 28.418 31.086
-16.534 28.476 31.043
-16.603 28.534 30.999
-16.672 28.593 30.956
-16.740 28.651 30.912
-16.809 28.709 30.868
-16.877 28.768 30.825
-16.946 28.826 30.781
-17.014 28.884 30.738
-17.083 28.942 30.694
-17.152 29.001 30.651
-17.220 29.059 30.607
-17.289 29.117 30.564
-17.357 29.176 30.520
-17.426 29.234 30.477
-17.494 29.292 30.433
-17.563 29.351 30.390
-17.632 29.409 30.346
-17.700 29.467 30.302
-17.769 29.526 30.259
-17.837 29.584 30.215
-17.906 29.642 30.172
-17.974 29.701 30.128
-18.043 29.759 30.085
-18.112 29.817 30.041
-18.180 29.876 29.998
-18.249 29.934 29.954
-18.317 29.992 29.911
-18.386 30.051 29.867
-18.455 30.109 29.823
-18.523 30.167 29.780
-18.592 30.225 29.736
-18.660 30.284 29.693
-18.729 30.342 29.649
-18.797 30.400 29.606
-18.866 30.459 29.562
-18.935 30.517 29.519
-19.003 30.575 29.475
-19.072 30.634 29.432
-19.140 30.692 29.388
-19.209 30.750 29.344
-19.277 30.809 29.301
-19.346 30.867 29.257
-19.415 30.925 29.214
-19.483 30.984 29.170
-19.552 31.042 29.127
-19.620 31.100 29.083
-19.689 31.159 29.040
-19.757 31.217 28.996
-19.826 31.275 28.953
-19.894 31.334 28.909
-19.963 31.392 28.866
-20.032 31.450 28.822
-20.100 31.509 28.778
-20.169 31.567 28.735
-20.237 31.625 28.691
-20.306 31.684 28.648
-20.374 31.742 28.604
-20.443 31.800 28.561
-20.512 31.859 28.517
-20.580 31.917 28.474
-20.649 31.975 28.430
-20.717 32.034 28.387
-20.786 32.092 28.343
-20.854 32.150 28.299
-20.923 32.209 28.256
-20.992 32.267 28.212
-21.060 32.325 28.169
-21.129 32.384 28.125
-21.197 32.442 28.082
-21.266 32.500 28.038
-21.334 32.559 27.995
-21.403 32.617 27.951
-21.472 32.675 27.908
-21.540 32.734 27.864
-21.609 32.792 27.821
-21.677 32.850 27.777
-21.746 32.909 27.734
-21.814 32.967 27.690
-21.883 33.025 27.646
-21.952 33.084 27.603
-22.020 33.142 27.559
-22.089 33.200 27.516
-22.157 33.258 27.472
-22.226 33.317 27.429
-22.294 33.375 27.385
-22.363 33.433 27.342
-22.432 33.492 27.298
-22.500 33.550 27.255
-22.569 33.608 27.211
-22.637 33.667 27.168
-22.706 33.725 27.124
-22.775 33.783 27.080
-22.843 33.842 27.037
-22.912 33.900 26.993
-22.980 33.958 26.950
-23.049 34.017 26.906
-23.117 34.075 26.863
-23.186 34.133 26.819
-23.255 34.192 26.776
-23.323 34.250 26.732
-23.392 34.308 26.689
-23.460 34.367 26.645
-23.529 34.425 26.602
-23.597 34.483 26.558
-23.666 34.542 26.514
-23.735 34.600 26.471
-23.803 34.658 26.427
-23.872 34.717 26.384
-23.940 34.775 26.340
-24.009 34.833 26.297
-24.077 34.891 26.253
-24.146 34.950 26.210
-24.215 35.008 26.166
-24.283 35.066 26.123
-24.352 35.125 26.079
-24.420 35.183 26.036
-24.489 35.241 25.992
-24.557 35.300 25.948
-24.626 35.358 25.905
-24.695 35.416 25.861
-24.763 35.475 25.818
-24.832 35.533 25.774
-24.900 35.591 25.731
-24.969 35.650 25.687
-25.037 35.708 25.644
-25.106 35.766 25.600
-25.174 35.825 25.556
-25.243 35.883 25.513
-25.312 35.941 25.469
-25.380 36.000 25.426
-25.449 36.058 25.382
-25.517 36.116 25.339
-25.586 36.175 25.295
-25.654 36.233 25.251
-25.723 36.291 25.208
-25.791 36.350 25.164
-25.860 36.408 25.121
-25.928 36.466 25.077
-25.997 36.525 25.034
-26.065 36.583 24.990
-26.134 36.641 24.946
-26.202 36.700 24.903
-26.271 36.758 24.859
-26.339 36.817 24.815
-26.407 36.875 24.771
-26.475 36.934 24.727
-26.543 36.992 24.683
-26.612 37.051 24.639
-26.680 37.109 24.595
-26.748 37.168 24.551
-26.816 37.226 24.507
-26.884 37.285 24.463
-26.952 37.343 24.419
-27.020 37.402 24.375
-27.088 37.460 24.331
-27.157 37.519 24.287
-27.225 37.577 24.243
-27.293 37.636 24.199
-27.361 37.694 24.155
-27.429 37.753 24.111
-27.497 37.811 24.067
-27.565 37.870 24.023
-27.633 37.928 23.979
-27.701 37.987 23.935
-27.769 38.046 23.891
-27.837 38.104 23.848
-27.905 38.163 23.805
-27.974 38.223 23.761
-28.042 38.282 23.719
-28.110 38.342 23.676
-28.178 38.401 23.633
-28.246 38.461 23.590
-28.314 38.521 23.547
-28.382 38.580 23.505
-28.450 38.640 23.462
-28.518 38.699 23.419
-28.586 38.759 23.376
-28.654 38.818 23.333
-28.722 38.878 23.291
-28.790 38.938 23.248
-28.858 38.997 23.205
-28.926 39.057 23.162
-28.994 39.116 23.120
-29.062 39.176 23.077
-29.130 39.235 23.034
-29.198 39.295 22.991
-29.266 39.354 22.949
-29.333 39.414 22.906
-29.401 39.474 22.863
-29.469 39.533 22.820
-29.538 39.593 22.778
-29.606 39.652 22.735
-29.674 39.712 22.692
-29.742 39.772 22.650
-29.810 39.831 22.607
-29.878 39.891 22.564
-29.946 39.950 22.522
-30.014 40.010 22.479
-30.082 40.070 22.437
-30.150 40.129 22.394
-30.218 40.189 22.352
-30.286 40.248 22.309
-30.354 40.308 22.266
-30.422 40.368 22.224
-30.490 40.427 22.181
-30.558 40.487 22.139
-30.627 40.546 22.096
-30.695 40.606 22.054
-30.763 40.666 22.011
-30.831 40.725 21.969
-30.899 40.785 21.926
-30.967 40.845 21.883
-31.035 40.904 21.841
-31.103 40.964 21.798
-31.171 41.023 21.756
-31.239 41.083 21.713
-31.307 41.143 21.671
-31.375 41.202 21.628
-31.444 41.262 21.586
-31.512 41.322 21.543
-31.580 41.381 21.501
-31.648 41.441 21.458
-31.716 41.500 21.415
-31.784 41.560 21.373
-31.852 41.620 21.330
-31.920 41.679 21.288
-31.988 41.739 21.245
-32.056 41.799 21.203
-32.124 41.858 21.160
-32.192 41.918 21.118
-32.261 41.977 21.075
-32.329 42.037 21.033
-32.397 42.097 20.990
-32.465 42.156 20.948
-32.533 42.216 20.905
-32.601 42.275 20.863
-32.669 42.335 20.820
-32.737 42.395 20.777
-32.805 42.454 20.735
-32.873 42.514 20.692
-32.941 42.574 20.650
-33.010 42.633 20.607
-33.078 42.693 20.565
-33.146 42.752 20.522
-33.214 42.812 20.480
-33.282 42.872 20.437
-33.350 42.931 20.395
-33.418 42.991 20.352
-33.486 43.051 20.310
-33.554 43.110 20.267
-33.622 43.170 20.224
-33.690 43.229 20.182
-33.758 43.289 20.139
-33.827 43.348 20.097
-33.895 43.408 20.054
-33.963 43.468 20.011
-34.031 43.527 19.969
-34.099 43.587 19.926
-34.167 43.646 19.884
-34.235 43.706 19.841
-34.303 43.765 19.798
-34.371 43.825 19.756
-34.439 43.885 19.713
-34.507 43.944 19.671
-34.576 44.004 19.628
-34.644 44.063 19.585
-34.712 44.123 19.543
-34.780 44.182 19.500
-34.848 44.242 19.458
-34.916 44.301 19.415
-34.984 44.361 19.372
-35.052 44.421 19.330
-35.120 44.480 19.287
-35.188 44.540 19.244
-35.257 44.599 19.202
-35.325 44.659 19.159
-35.393 44.718 19.117
-35.461 44.778 19.074
-35.529 44.837 19.031
-35.597 44.896 18.989
-35.666 44.956 18.946
-35.734 45.015 18.903
-35.802 45.074 18.860
-35.870 45.134 18.818
-35.938 45.193 18.775
-36.007 45.253 18.732
-36.075 45.312 18.690
-36.143 45.371 18.647
-36.211 45.431 18.604
-36.279 45.490 18.562
-36.348 45.549 18.519
-36.416 45.609 18.476
-36.484 45.668 18.434
-36.552 45.727 18.391
-36.621 45.787 18.348
-36.689 45.846 18.305
-36.757 45.906 18.263
-36.825 45.965 18.220
-36.893 46.024 18.177
-36.962 46.084 18.135
-37.030 46.143 18.092
-37.098 46.202 18.049
-37.167 46.261 18.007
-37.235 46.321 17.964
-37.303 46.380 17.921
-37.371 46.439 17.879
-37.440 46.499 17.836
-37.508 46.558 17.793
-37.576 46.617 17.751
-37.645 46.676 17.708
-37.713 46.736 17.665
-37.781 46.795 17.623
-37.850 46.854 17.580
-37.918 46.914 17.537
-37.986 46.973 17.495
-38.055 47.032 17.452
-38.123 47.091 17.410
-38.191 47.151 17.367
-38.259 47.210 17.324
-38.328 47.269 17.282
-38.396 47.329 17.239
-38.464 47.388 17.196
-38.533 47.447 17.154
-38.601 47.506 17.111
-38.669 47.566 17.068
-38.738 47.625 17.026
-38.806 47.684 16.983
-38.874 47.743 16.940
-38.943 47.803 16.898
-39.011 47.862 16.855
-39.079 47.921 16.812
-39.148 47.981 16.770
-39.216 48.040 16.727
-39.284 48.099 16.685
-39.353 48.158 16.642
-39.421 48.218 16.599
-39.489 48.277 16.557
-39.558 48.336 16.514
-39.626 48.395 16.471
-39.694 48.455 16.429
-39.763 48.514 16.386
-39.831 48.573 16.343
-39.899 48.632 16.301
-39.968 48.692 16.258
-40.036 48.751 16.216
-40.104 48.810 16.173
-40.173 48.870 16.130
-40.241 48.929 16.088
-40.309 48.988 16.045
-40.378 49.047 16.002
-40.446 49.107 15.960
-40.514 49.166 15.917
-40.583 49.225 15.874
-40.651 49.284 15.832
-40.719 49.344 15.789
-40.788 49.403 15.747
-40.856 49.462 15.704
-40.924 49.522 15.661
-40.993 49.581 15.619
-41.061 49.640 15.576
-41.129 49.699 15.533
-41.198 49.759 15.491
-41.266 49.818 15.448
-41.334 49.877 15.405
-41.402 49.936 15.363
-41.471 49.996 15.320
-41.539 50.055 15.278
-41.607 50.114 15.235
-41.676 50.174 15.192
-41.744 50.233 15.150
-41.812 50.292 15.107
-41.881 50.352 15.064
-41.949 50.411 15.022
-42.017 50.470 14.979
-42.086 50.529 14.937
-42.154 50.589 14.894
-42.222 50.648 14.851
-42.290 50.707 14.809
-42.359 50.767 14.766
-42.427 50.826 14.723
-42.495 50.885 14.681
-42.564 50.945 14.638
-42.632 51.004 14.595
-42.700 51.063 14.553
-42.769 51.123 14.510
-42.837 51.182 14.468
-42.905 51.241 14.425
-42.973 51.300 14.382
-43.042 51.360 14.340
-43.110 51.419 14.297
-43.178 51.478 14.254
-43.247 51.538 14.212
-43.315 51.597 14.169
-43.383 51.656 14.126
-43.451 51.716 14.084
-43.520 51.775 14.041
-43.588 51.834 13.999
-43.656 51.894 13.956
-43.725 51.953 13.913
-43.793 52.012 13.871
-43.861 52.072 13.828
-43.929 52.131 13.785
-43.998 52.190 13.743
-44.066 52.250 13.700
-44.134 52.309 13.658
-44.203 52.368 13.615
-44.271 52.428 13.572
-44.339 52.487 13.530
-44.407 52.546 13.487
-44.476 52.606 13.445
-44.544 52.665 13.402
-44.612 52.724 13.359
-44.680 52.784 13.317
-44.749 52.843 13.274
-44.817 52.902 13.231
-44.885 52.962 13.189
-44.954 53.021 13.146
-45.022 53.080 13.104
-45.090 53.140 13.061
-45.158 53.199 13.018
-45.227 53.258 12.976
-45.295 53.318 12.933
-45.363 53.377 12.890
-45.432 53.437 12.848
-45.500 53.496 12.805
-45.568 53.555 12.763
-45.636 53.615 12.720
-45.705 53.674 12.677
-45.773 53.733 12.635
-45.841 53.793 12.592
-45.910 53.852 12.550
-45.978 53.911 12.507
-46.046 53.971 12.464
-46.114 54.030 12.422
-46.183 54.089 12.379
-46.251 54.149 12.337
-46.319 54.208 12.294
-46.387 54.267 12.251
-46.456 54.327 12.209
-46.524 54.386 12.166
-46.592 54.445 12.123
-46.661 54.505 12.081
-46.729 54.564 12.038
-46.797 54.623 11.996
-46.865 54.683 11.953
-46.934 54.742 11.910
-47.002 54.801 11.868
-47.070 54.861 11.825
-47.139 54.920 11.783
-47.207 54.979 11.740
-47.275 55.039 11.697
-47.343 55.098 11.655
-47.412 55.158 11.612
-47.480 55.217 11.569
-47.548 55.276 11.527
-47.616 55.336 11.484
-47.685 55.395 11.442
-47.753 55.454 11.399
-47.821 55.514 11.356
-47.889 55.573 11.314
-47.958 55.632 11.271
-48.026 55.692 11.228
-48.094 55.751 11.186
-48.162 55.810 11.143
-48.231 55.870 11.100
-48.299 55.929 11.058
-48.367 55.988 11.015
-48.435 56.048 10.972
-48.504 56.107 10.930
-48.572 56.166 10.887
-48.640 56.226 10.844
-48.708 56.285 10.802
-48.777 56.344 10.759
-48.845 56.404 10.716
-48.913 56.463 10.674
-48.981 56.522 10.631
-49.050 56.582 10.588
-49.118 56.641 10.546
-49.186 56.701 10.503
-49.254 56.760 10.460
-49.322 56.819 10.417
-49.390 56.879 10.374
-49.458 56.938 10.331
-49.526 56.998 10.288
-49.594 57.057 10.245
-49.662 57.117 10.202
-49.730 57.176 10.159
-49.798 57.235 10.116
-49.866 57.295 10.074
-49.934 57.354 10.031
-50.002 57.414 9.988
-50.070 57.473 9.945
-50.138 57.533 9.902
-50.206 57.592 9.859
-50.274 57.651 9.816
-50.342 57.711 9.773
-50.410 57.770 9.730
-50.478 57.830 9.687
-50.546 57.889 9.644
-50.614 57.949 9.601
-50.682 58.008 9.558
-50.750 58.067 9.515
-50.817 58.127 9.472
-50.881 58.183 9.434
-50.902 58.201 9.423
-50.925 58.221 9.411
-50.951 58.244 9.398
-50.979 58.269 9.384
-51.010 58.297 9.368
-51.045 58.328 9.351
-51.083 58.362 9.332
-51.125 58.399 9.311
-51.172 58.440 9.288
-51.223 58.486 9.263
-51.279 58.535 9.235
-51.341 58.590 9.205
-51.409 58.651 9.171
-51.479 58.713 9.136
-51.549 58.775 9.102
-51.619 58.837 9.067
-51.689 58.899 9.032
-51.759 58.962 8.998
-51.829 59.024 8.963
-51.900 59.086 8.928
-51.970 59.148 8.894
-52.040 59.211 8.859
-52.110 59.273 8.824
-52.180 59.335 8.790
-52.250 59.397 8.755
-52.321 59.460 8.720
-52.391 59.522 8.686
-52.461 59.584 8.651
-52.531 59.646 8.616
-52.601 59.709 8.582
-52.671 59.771 8.547
-52.742 59.833 8.512
-52.812 59.896 8.478
-52.882 59.958 8.443
-52.952 60.020 8.408
-53.022 60.082 8.374
-53.092 60.145 8.339
-53.163 60.207 8.305
-53.233 60.269 8.270
-53.303 60.331 8.235
-53.373 60.394 8.201
-53.443 60.456 8.166
-53.513 60.518 8.131
-53.584 60.580 8.097
-53.654 60.643 8.062
-53.724 60.705 8.028
-53.794 60.767 7.993
-53.864 60.829 7.958
-53.935 60.892 7.924
-54.005 60.954 7.889
-54.075 61.016 7.854
-54.145 61.079 7.820
-54.215 61.141 7.785
-54.285 61.203 7.751
-54.356 61.265 7.716
-54.426 61.328 7.681
-54.496 61.390 7.647
-54.566 61.452 7.612
-54.636 61.514 7.577
-54.706 61.577 7.543
-54.777 61.639 7.508
-54.847 61.701 7.474
-54.917 61.763 7.439
-54.987 61.826 7.404
-55.057 61.888 7.370
-55.127 61.950 7.335
-55.198 62.012 7.300
-55.268 62.075 7.266
-55.338 62.137 7.231
-55.408 62.199 7.196
-55.478 62.261 7.162
-55.549 62.324 7.127
-55.619 62.386 7.092
-55.689 62.448 7.058
-55.759 62.510 7.023
-55.829 62.572 6.988
-55.899 62.635 6.954
-55.970 62.697 6.919
-56.040 62.759 6.884
-56.110 62.821 6.850
-56.180 62.884 6.815
-56.250 62.946 6.780
-56.320 63.008 6.746
-56.391 63.070 6.711
-56.461 63.132 6.676
-56.531 63.195 6.642
-56.601 63.257 6.607
-56.671 63.319 6.572
-56.742 63.381 6.538
-56.812 63.443 6.503
-56.882 63.506 6.468
-56.952 63.568 6.433
-57.023 63.630 6.399
-57.093 63.692 6.364
-57.164 63.754 6.329
-57.234 63.815 6.295
-57.305 63.877 6.260
-57.375 63.939 6.225
-57.446 64.001 6.191
-57.516 64.063 6.156
-57.587 64.125 6.121
-57.657 64.187 6.087
-57.727 64.249 6.052
-57.798 64.311 6.017
-57.868 64.373 5.983
-57.939 64.434 5.948
-58.009 64.496 5.913
-58.080 64.558 5.879
-58.150 64.620 5.844
-58.221 64.682 5.809
-58.291 64.744 5.775
-58.362 64.806 5.740
-58.432 64.868 5.706
-58.503 64.929 5.671
-58.573 64.991 5.636
-58.644 65.053 5.602
-58.714 65.115 5.567
-58.785 65.177 5.532
-58.855 65.239 5.498
-58.926 65.301 5.463
-58.996 65.363 5.428
-59.067 65.424 5.394
-59.138 65.486 5.359
-59.208 65.548 5.325
-59.279 65.610 5.290
-59.349 65.672 5.255
-59.420 65.734 5.221
-59.490 65.796 5.186
-59.561 65.857 5.152
-59.631 65.919 5.117
-59.702 65.981 5.082
-59.772 66.043 5.048
-59.843 66.105 5.013
-59.913 66.167 4.978
-59.984 66.229 4.944
-60.054 66.290 4.909
-60.125 66.352 4.875
-60.196 66.414 4.840
-60.266 66.476 4.805
-60.337 66.538 4.771
-60.407 66.600 4.736
-60.478 66.662 4.702
-60.548 66.723 4.667
-60.619 66.785 4.632
-60.689 66.847 4.598
-60.760 66.909 4.563
-60.830 66.971 4.529
-60.901 67.033 4.494
-60.971 67.095 4.459
-61.042 67.156 4.425
-61.112 67.218 4.390
-61.183 67.280 4.355
-61.254 67.342 4.321
-61.324 67.404 4.286
-61.395 67.466 4.252
-61.465 67.528 4.217
-61.536 67.589 4.182
-61.606 67.651 4.148
-61.677 67.713 4.113
-61.747 67.775 4.079
-61.818 67.837 4.044
-61.888 67.899 4.009
-61.959 67.961 3.975
-62.029 68.022 3.940
-62.100 68.084 3.905
-62.171 68.146 3.871
-62.241 68.208 3.836
-62.312 68.270 3.802
-62.382 68.332 3.767
-62.453 68.394 3.732
-62.523 68.455 3.698
-62.594 68.517 3.663
-62.664 68.579 3.629
-62.735 68.641 3.594
-62.805 68.703 3.559
-62.876 68.765 3.525
-62.946 68.827 3.490
-63.017 68.888 3.455
-63.088 68.950 3.421
-63.158 69.012 3.386
-63.229 69.074 3.352
-63.299 69.136 3.317
-63.370 69.197 3.282
-63.440 69.259 3.248
-63.511 69.321 3.213
-63.581 69.383 3.178
-63.652 69.445 3.144
-63.723 69.507 3.109
-63.793 69.568 3.074
-63.864 69.630 3.040
-63.934 69.692 3.005
-64.005 69.754 2.971
-64.075 69.816 2.936
-64.146 69.877 2.901
-64.217 69.939 2.867
-64.287 70.001 2.832
-64.358 70.063 2.797
-64.428 70.125 2.763
-64.499 70.186 2.728
-64.569 70.248 2.694
-64.640 70.310 2.659
-64.711 70.372 2.624
-64.781 70.434 2.590
-64.852 70.495 2.555
-64.922 70.557 2.520
-64.993 70.619 2.486
-65.063 70.681 2.451
-65.134 70.743 2.416
-65.205 70.805 2.382
-65.275 70.866 2.347
-65.346 70.928 2.313
-65.416 70.990 2.278
-65.487 71.052 2.243
-65.557 71.114 2.209
-65.628 71.175 2.174
-65.699 71.237 2.139
-65.769 71.299 2.105
-65.840 71.361 2.070
-65.910 71.423 2.036
-65.981 71.484 2.001
-66.051 71.546 1.966
-66.122 71.608 1.932
-66.193 71.670 1.897
-66.263 71.732 1.862
-66.334 71.794 1.828
-66.404 71.855 1.793
-66.475 71.917 1.758
-66.545 71.979 1.724
-66.616 72.041 1.689
-66.686 72.103 1.655
-66.757 72.165 1.620
-66.827 72.226 1.585
-66.898 72.288 1.551
-66.968 72.350 1.516
-67.039 72.412 1.481
-67.110 72.474 1.447
-67.180 72.536 1.412
-67.251 72.597 1.377
-67.321 72.659 1.343
-67.392 72.721 1.308
-67.462 72.783 1.273
-67.533 72.845 1.239
-67.603 72.907 1.204
-67.674 72.968 1.170
-67.744 73.030 1.135
-67.815 73.092 1.100
-67.885 73.154 1.066
-67.956 73.216 1.031
-68.026 73.278 0.996
-68.097 73.340 0.962
-68.167 73.402 0.927
-68.238 73.463 0.893
-68.309 73.525 0.858
-68.379 73.587 0.823
-68.450 73.649 0.789
-68.520 73.711 0.754
-68.591 73.773 0.720
-68.661 73.835 0.685
-68.732 73.897 0.650
-68.802 73.958 0.616
-68.873 74.020 0.581
-68.943 74.082 0.546
-69.014 74.144 0.512
-69.084 74.206 0.477
-69.155 74.268 0.443
-69.225 74.330 0.408
-69.296 74.392 0.373
-69.366 74.454 0.339
-69.437 74.515 0.304
-69.507 74.577 0.270
-69.578 74.639 0.235
-69.648 74.701 0.200
-69.719 74.763 0.166
-69.789 74.825 0.131
-69.860 74.887 0.096
-69.930 74.949 0.062
-70.001 75.010 0.027
-70.071 75.072 -0.007
-70.142 75.134 -0.042
-70.212 75.196 -0.077
-70.283 75.258 -0.111
-70.353 75.320 -0.146
-70.424 75.382 -0.181
-70.494 75.444 -0.215
-70.565 75.505 -0.250
-70.635 75.567 -0.284
-70.706 75.629 -0.319
-70.776 75.691 -0.354
-70.847 75.753 -0.388
-70.917 75.815 -0.423
-70.988 75.877 -0.458
-71.058 75.939 -0.492
-71.129 76.000 -0.527
-71.200 76.062 -0.562
-71.270 76.124 -0.596
-71.341 76.186 -0.631
-71.411 76.248 -0.666
-71.482 76.310 -0.700
-71.552 76.372 -0.735
-71.623 76.434 -0.770
-71.693 76.496 -0.804
-71.764 76.557 -0.839
-71.834 76.619 -0.873
-71.905 76.681 -0.908
-71.975 76.743 -0.943
-72.046 76.805 -0.977
-72.116 76.867 -1.012
-72.187 76.929 -1.047
-72.257 76.991 -1.081
-72.328 77.052 -1.116
-72.398 77.114 -1.151
-72.469 77.176 -1.185
-72.539 77.238 -1.220
-72.610 77.300 -1.255
-72.680 77.362 -1.289
-72.751 77.424 -1.324
-72.821 77.486 -1.359
-72.892 77.547 -1.393
-72.962 77.609 -1.428
-73.033 77.671 -1.463
-73.103 77.733 -1.497
-73.174 77.795 -1.532
-73.244 77.857 -1.567
-73.315 77.919 -1.601
-73.385 77.981 -1.636
-73.456 78.042 -1.670
-73.526 78.104 -1.705
-73.597 78.166 -1.740
-73.667 78.228 -1.774
-73.738 78.290 -1.809
-73.808 78.352 -1.844
-73.879 78.414 -1.878
-73.949 78.476 -1.913
-74.020 78.538 -1.948
-74.090 78.599 -1.982
-74.161 78.661 -2.017
-74.231 78.723 -2.052
-74.302 78.785 -2.086
-74.372 78.847 -2.121
-74.443 78.909 -2.156
-74.513 78.971 -2.190
-74.584 79.033 -2.225
-74.654 79.094 -2.260
-74.725 79.156 -2.294
-74.795 79.218 -2.329
-74.866 79.280 -2.364
-74.936 79.342 -2.398
-75.007 79.404 -2.433
-75.077 79.466 -2.467
-75.148 79.528 -2.502
-75.218 79.589 -2.537
-75.289 79.651 -2.571
-75.359 79.713 -2.606
-75.430 79.775 -2.641
-75.500 79.837 -2.675
-75.571 79.899 -2.710
-75.641 79.961 -2.745
-75.712 80.023 -2.779
-75.782 80.085 -2.814
-75.853 80.146 -2.849
-75.923 80.208 -2.883
-75.994 80.270 -2.918
-76.064 80.332 -2.953
-76.135 80.394 -2.987
