9.800 8.888 -2.900
9.807 8.884 -2.801
9.814 8.880 -2.701
9.821 8.876 -2.601
9.829 8.872 -2.502
9.836 8.869 -2.402
9.843 8.865 -2.302
9.850 8.861 -2.203
9.857 8.857 -2.103
9.865 8.853 -2.003
9.872 8.849 -1.904
9.879 8.845 -1.804
9.886 8.841 -1.704
9.894 8.838 -1.605
9.901 8.834 -1.505
9.908 8.830 -1.405
9.915 8.826 -1.306
9.922 8.822 -1.206
9.930 8.818 -1.106
9.937 8.814 -1.007
9.944 8.810 -0.907
9.951 8.806 -0.807
9.959 8.803 -0.708
9.966 8.799 -0.608
9.973 8.795 -0.508
9.980 8.791 -0.409
9.987 8.787 -0.309
9.995 8.783 -0.209
10.002 8.779 -0.110
10.009 8.775 -0.010
10.016 8.772 0.090
10.024 8.768 0.189
10.031 8.764 0.289
10.038 8.760 0.389
10.045 8.756 0.488
10.053 8.752 0.588
10.060 8.748 0.688
10.067 8.744 0.787
10.074 8.740 0.887
10.081 8.737 0.987
10.089 8.733 1.086
10.096 8.729 1.186
10.103 8.725 1.285
10.111 8.721 1.385
10.118 8.717 1.485
10.125 8.713 1.584
10.132 8.709 1.684
10.140 8.705 1.784
10.147 8.701 1.883
10.154 8.697 1.983
10.161 8.693 2.083
10.169 8.690 2.182
10.176 8.686 2.282
10.183 8.682 2.382
10.190 8.678 2.481
10.198 8.674 2.581
10.205 8.670 2.681
10.212 8.666 2.780
10.219 8.662 2.880
10.227 8.658 2.980
10.234 8.654 3.079
10.241 8.651 3.179
10.248 8.647 3.279
10.256 8.643 3.378
10.263 8.639 3.478
10.270 8.635 3.578
10.277 8.631 3.677
10.285 8.627 3.777
10.292 8.623 3.877
10.299 8.619 3.976
10.306 8.615 4.076
10.314 8.612 4.176
10.321 8.608 4.275
10.328 8.604 4.375
10.335 8.600 4.475
10.343 8.596 4.574
10.350 8.592 4.674
10.357 8.588 4.774
10.364 8.584 4.873
10.372 8.580 4.973
10.379 8.576 5.073
10.386 8.573 5.172
10.393 8.569 5.272
10.401 8.565 5.372
10.408 8.561 5.471
10.415 8.557 5.571
10.422 8.553 5.671
10.429 8.550 5.770
10.437 8.546 5.870
10.444 8.542 5.969
10.451 8.538 6.069
10.458 8.534 6.169
10.466 8.530 6.268
10.473 8.527 6.368
10.480 8.523 6.468
10.487 8.519 6.567
10.495 8.515 6.667
10.502 8.511 6.767
10.509 8.507 6.866
10.516 8.503 6.966
10.523 8.500 7.066
10.531 8.496 7.165
10.538 8.492 7.265
10.545 8.488 7.365
10.552 8.484 7.464
10.560 8.481 7.564
10.567 8.477 7.664
10.574 8.473 7.763
10.581 8.469 7.863
10.588 8.465 7.963
10.596 8.462 8.062
10.603 8.458 8.162
10.610 8.454 8.262
10.617 8.451 8.361
10.624 8.447 8.461
10.632 8.443 8.561
10.639 8.440 8.660
10.646 8.436 8.760
10.653 8.432 8.860
10.660 8.429 8.960
10.667 8.425 9.059
10.675 8.421 9.159
10.682 8.418 9.259
10.689 8.414 9.358
10.696 8.410 9.458
10.703 8.407 9.558
10.710 8.403 9.657
10.718 8.399 9.757
10.725 8.396 9.857
10.732 8.392 9.956
10.739 8.388 10.056
10.746 8.385 10.156
10.754 8.381 10.255
10.761 8.377 10.355
10.768 8.374 10.455
10.775 8.370 10.554
10.782 8.367 10.654
10.789 8.363 10.754
10.796 8.359 10.853
10.804 8.356 10.953
10.811 8.352 11.053
10.818 8.349 11.152
10.825 8.345 11.252
10.832 8.342 11.352
10.839 8.338 11.451
10.847 8.335 11.551
10.854 8.331 11.651
10.861 8.328 11.750
10.868 8.324 11.850
10.875 8.321 11.950
10.882 8.317 12.049
10.889 8.313 12.149
10.897 8.310 12.249
10.904 8.306 12.349
10.911 8.303 12.448
10.918 8.299 12.548
10.925 8.296 12.648
10.932 8.292 12.747
10.939 8.289 12.847
10.947 8.285 12.947
10.954 8.282 13.046
10.961 8.278 13.146
10.968 8.275 13.246
10.975 8.271 13.345
10.982 8.268 13.445
10.990 8.264 13.545
10.997 8.261 13.644
11.004 8.257 13.744
11.011 8.254 13.844
11.018 8.250 13.943
11.026 8.247 14.043
11.033 8.244 14.143
11.040 8.240 14.242
11.047 8.237 14.342
11.055 8.233 14.442
11.062 8.230 14.541
11.069 8.227 14.641
11.076 8.223 14.741
11.083 8.220 14.841
11.091 8.216 14.940
11.098 8.213 15.040
11.105 8.210 15.140
11.112 8.206 15.239
11.120 8.203 15.339
11.127 8.199 15.439
11.134 8.196 15.538
11.141 8.193 15.638
11.149 8.189 15.738
11.156 8.186 15.837
11.163 8.182 15.937
11.170 8.179 16.037
11.178 8.176 16.136
11.185 8.172 16.236
11.192 8.169 16.336
11.199 8.165 16.435
11.207 8.162 16.535
11.214 8.159 16.635
11.221 8.155 16.734
11.229 8.152 16.834
11.236 8.149 16.934
11.243 8.145 17.033
11.251 8.142 17.133
11.258 8.139 17.233
11.266 8.136 17.332
11.273 8.132 17.432
11.280 8.129 17.532
11.288 8.126 17.631
11.295 8.122 17.731
11.302 8.119 17.831
11.310 8.116 17.930
11.317 8.112 18.030
11.324 8.109 18.130
11.332 8.106 18.229
11.339 8.102 18.329
11.347 8.099 18.429
11.354 8.096 18.528
11.361 8.093 18.628
11.369 8.089 18.728
11.376 8.086 18.827
11.383 8.083 18.927
11.391 8.079 19.027
11.398 8.076 19.127
11.406 8.073 19.226
11.413 8.069 19.326
11.420 8.066 19.426
11.428 8.063 19.525
11.435 8.060 19.625
11.443 8.056 19.725
11.450 8.053 19.824
11.458 8.050 19.924
11.465 8.046 20.024
11.473 8.043 20.123
11.480 8.040 20.223
11.488 8.036 20.323
11.495 8.033 20.422
11.502 8.030 20.522
11.510 8.027 20.622
11.517 8.023 20.721
11.525 8.020 20.821
11.532 8.017 20.921
11.540 8.013 21.020
11.547 8.010 21.120
11.555 8.007 21.220
11.562 8.004 21.319
11.569 8.000 21.419
11.577 7.997 21.519
11.584 7.994 21.618
11.592 7.990 21.718
11.599 7.987 21.818
11.607 7.984 21.917
11.614 7.981 22.017
11.622 7.977 22.117
11.629 7.974 22.216
11.637 7.971 22.316
11.644 7.967 22.416
11.652 7.964 22.515
11.659 7.961 22.615
11.667 7.958 22.715
11.674 7.954 22.814
11.681 7.951 22.914
11.689 7.948 23.013
11.696 7.944 23.113
11.704 7.941 23.213
11.711 7.938 23.312
11.719 7.934 23.412
11.726 7.931 23.512
11.734 7.928 23.611
11.741 7.925 23.711
11.749 7.921 23.811
11.756 7.918 23.910
11.764 7.915 24.010
11.771 7.911 24.110
11.779 7.908 24.209
11.786 7.905 24.309
11.794 7.902 24.409
11.801 7.898 24.508
11.809 7.895 24.608
11.816 7.892 24.708
11.824 7.888 24.807
11.831 7.885 24.907
11.839 7.882 25.007
11.846 7.878 25.106
11.854 7.875 25.206
11.861 7.872 25.306
11.869 7.869 25.405
11.876 7.865 25.505
11.884 7.862 25.605
11.891 7.859 25.704
11.899 7.855 25.804
11.906 7.852 25.904
11.914 7.849 26.003
11.921 7.846 26.103
11.929 7.842 26.203
11.936 7.839 26.302
11.944 7.836 26.402
11.951 7.832 26.502
11.959 7.829 26.601
11.966 7.826 26.701
11.974 7.822 26.801
11.981 7.819 26.900
11.989 7.816 27.000
11.996 7.813 27.100
12.004 7.809 27.199
12.011 7.806 27.299
12.019 7.803 27.399
12.026 7.799 27.498
12.034 7.796 27.598
12.041 7.793 27.698
12.049 7.790 27.797
12.056 7.786 27.897
12.064 7.783 27.997
12.071 7.780 28.096
12.079 7.776 28.196
12.086 7.773 28.296
12.094 7.770 28.395
12.101 7.766 28.495
12.109 7.763 28.595
12.116 7.760 28.694
12.124 7.757 28.794
12.131 7.753 28.894
12.139 7.750 28.993
12.146 7.747 29.093
12.154 7.743 29.193
12.161 7.740 29.292
12.169 7.737 29.392
12.176 7.734 29.492
12.184 7.730 29.591
12.191 7.727 29.691
12.199 7.724 29.791
12.206 7.720 29.890
12.214 7.717 29.990
12.221 7.714 30.090
12.229 7.711 30.189
12.236 7.707 30.289
12.244 7.704 30.389
12.251 7.701 30.488
12.259 7.697 30.588
12.266 7.694 30.688
12.274 7.691 30.787
12.281 7.688 30.887
12.289 7.684 30.987
12.296 7.681 31.086
12.304 7.678 31.186
12.311 7.674 31.286
12.319 7.671 31.385
12.326 7.668 31.485
12.334 7.665 31.584
12.341 7.661 31.684
12.349 7.658 31.784
12.356 7.655 31.883
12.364 7.651 31.983
12.371 7.648 32.083
12.379 7.645 32.182
12.386 7.642 32.282
12.394 7.638 32.382
12.401 7.635 32.481
12.409 7.632 32.581
12.416 7.628 32.681
12.424 7.625 32.780
12.431 7.622 32.880
12.439 7.619 32.980
12.446 7.615 33.079
12.454 7.612 33.179
12.461 7.609 33.279
12.469 7.606 33.378
12.476 7.602 33.478
12.484 7.599 33.578
12.491 7.596 33.677
12.499 7.592 33.777
12.506 7.589 33.877
12.514 7.586 33.976
12.521 7.583 34.076
12.529 7.579 34.176
12.536 7.576 34.275
12.544 7.573 34.375
12.551 7.569 34.475
12.559 7.566 34.574
12.566 7.563 34.674
12.574 7.560 34.774
12.581 7.556 34.873
12.589 7.553 34.973
12.596 7.550 35.073
12.604 7.547 35.172
12.611 7.543 35.272
12.619 7.540 35.372
12.626 7.537 35.471
12.634 7.533 35.571
12.641 7.530 35.671
12.649 7.527 35.770
12.656 7.524 35.870
12.664 7.520 35.970
12.671 7.517 36.069
12.679 7.514 36.169
12.686 7.511 36.269
12.694 7.507 36.368
12.701 7.504 36.468
12.709 7.501 36.568
12.716 7.498 36.667
12.723 7.494 36.767
12.731 7.491 36.867
12.738 7.488 36.966
12.746 7.484 37.066
12.753 7.481 37.166
12.761 7.478 37.265
12.768 7.475 37.365
12.776 7.471 37.465
12.783 7.468 37.564
12.791 7.465 37.664
12.798 7.462 37.764
12.806 7.458 37.863
12.813 7.455 37.963
12.821 7.452 38.063
12.828 7.448 38.162
12.836 7.445 38.262
12.843 7.442 38.362
12.851 7.439 38.461
12.858 7.435 38.561
12.865 7.432 38.661
12.873 7.429 38.760
12.880 7.426 38.860
12.888 7.422 38.960
12.895 7.419 39.059
12.903 7.416 39.159
12.910 7.413 39.259
12.918 7.409 39.358
12.925 7.406 39.458
12.933 7.403 39.558
12.940 7.399 39.657
12.948 7.396 39.757
12.955 7.393 39.857
12.962 7.390 39.956
12.970 7.386 40.056
12.977 7.383 40.156
12.985 7.380 40.255
12.992 7.376 40.355
13.000 7.373 40.455
13.007 7.370 40.554
13.015 7.367 40.654
13.022 7.363 40.754
13.029 7.360 40.853
13.037 7.357 40.953
13.044 7.353 41.053
13.052 7.350 41.152
13.059 7.347 41.252
13.067 7.344 41.352
13.074 7.340 41.451
13.082 7.337 41.551
13.089 7.334 41.651
13.096 7.330 41.750
13.104 7.327 41.850
13.111 7.324 41.950
13.119 7.321 42.049
13.126 7.317 42.149
13.134 7.314 42.249
13.141 7.311 42.348
13.148 7.307 42.448
13.156 7.304 42.548
13.163 7.301 42.647
13.171 7.298 42.747
13.178 7.294 42.847
13.186 7.291 42.946
13.193 7.288 43.046
13.200 7.284 43.146
13.208 7.281 43.245
13.215 7.278 43.345
13.223 7.274 43.445
13.230 7.271 43.544
13.237 7.268 43.644
13.245 7.264 43.744
13.252 7.261 43.843
13.260 7.258 43.943
13.267 7.254 44.043
13.274 7.251 44.142
13.282 7.248 44.242
13.289 7.244 44.342
13.297 7.241 44.441
13.304 7.238 44.541
13.311 7.234 44.641
13.319 7.231 44.740
13.326 7.228 44.840
13.334 7.224 44.940
13.341 7.221 45.039
13.348 7.218 45.139
13.356 7.214 45.239
13.363 7.211 45.338
13.371 7.208 45.438
13.378 7.204 45.538
13.385 7.201 45.637
13.393 7.197 45.737
13.400 7.194 45.837
13.407 7.191 45.936
13.415 7.187 46.036
13.422 7.184 46.136
13.430 7.181 46.235
13.437 7.177 46.335
13.444 7.174 46.435
13.452 7.170 46.534
13.459 7.167 46.634
13.466 7.164 46.734
13.474 7.160 46.833
13.481 7.157 46.933
13.489 7.153 47.033
13.496 7.150 47.132
13.503 7.147 47.232
13.511 7.143 47.332
13.518 7.140 47.431
13.525 7.136 47.531
13.533 7.133 47.631
13.540 7.130 47.730
13.548 7.126 47.830
13.555 7.123 47.930
13.562 7.119 48.029
13.570 7.116 48.129
13.577 7.113 48.229
13.584 7.109 48.328
13.592 7.106 48.428
13.599 7.102 48.528
13.607 7.099 48.627
13.614 7.095 48.727
13.621 7.092 48.827
13.629 7.089 48.926
13.636 7.085 49.026
13.643 7.082 49.126
13.651 7.078 49.225
13.658 7.075 49.325
13.666 7.071 49.425
13.673 7.068 49.524
13.680 7.064 49.624
13.688 7.061 49.724
13.695 7.058 49.823
13.702 7.054 49.923
13.710 7.051 50.023
13.717 7.047 50.122
13.725 7.044 50.222
13.732 7.040 50.322
13.739 7.037 50.421
13.747 7.033 50.521
13.754 7.030 50.621
13.761 7.026 50.720
13.769 7.023 50.820
13.776 7.020 50.920
13.784 7.016 51.019
13.791 7.013 51.119
13.798 7.009 51.219
13.806 7.006 51.318
13.813 7.002 51.418
13.820 6.999 51.518
13.828 6.995 51.617
13.835 6.992 51.717
13.843 6.988 51.817
13.850 6.985 51.916
13.857 6.981 52.016
13.865 6.978 52.116
13.872 6.974 52.215
13.880 6.971 52.315
13.887 6.967 52.415
13.894 6.964 52.514
13.902 6.960 52.614
13.909 6.957 52.714
13.917 6.953 52.813
13.924 6.950 52.913
13.931 6.946 53.013
13.939 6.943 53.112
13.946 6.939 53.212
13.953 6.936 53.312
13.961 6.932 53.411
13.968 6.929 53.511
13.976 6.925 53.611
13.983 6.922 53.710
13.990 6.918 53.810
13.998 6.915 53.910
14.005 6.911 54.009
14.013 6.908 54.109
14.020 6.904 54.209
14.027 6.900 54.308
14.035 6.897 54.408
14.042 6.893 54.508
14.050 6.890 54.607
14.057 6.886 54.707
14.064 6.883 54.807
14.072 6.879 54.906
14.079 6.876 55.006
14.086 6.872 55.106
14.094 6.869 55.205
14.101 6.865 55.305
14.109 6.862 55.405
14.116 6.858 55.504
14.123 6.855 55.604
14.131 6.851 55.704
14.138 6.848 55.803
14.146 6.844 55.903
14.153 6.841 56.003
14.160 6.837 56.102
14.168 6.834 56.202
14.175 6.830 56.302
14.182 6.827 56.401
14.190 6.823 56.501
14.197 6.820 56.601
14.205 6.816 56.700
14.212 6.813 56.800
14.219 6.809 56.900
14.227 6.806 56.999
14.234 6.802 57.099
14.241 6.799 57.199
14.249 6.795 57.298
14.256 6.791 57.398
14.264 6.788 57.498
14.271 6.784 57.597
14.278 6.781 57.697
14.286 6.777 57.797
14.293 6.774 57.896
14.300 6.770 57.996
14.308 6.767 58.096
14.315 6.763 58.195
14.323 6.760 58.295
14.330 6.756 58.395
14.337 6.753 58.494
14.345 6.749 58.594
14.352 6.746 58.694
14.359 6.742 58.793
14.367 6.739 58.893
14.374 6.735 58.993
14.381 6.732 59.092
14.389 6.728 59.192
14.396 6.725 59.292
14.403 6.721 59.391
14.411 6.718 59.491
14.418 6.714 59.591
14.425 6.711 59.690
14.433 6.707 59.790
14.440 6.704 59.890
14.447 6.700 59.989
14.455 6.697 60.089
14.462 6.693 60.189
14.469 6.690 60.288
14.477 6.686 60.388
14.484 6.683 60.488
14.491 6.679 60.587
14.498 6.676 60.687
14.506 6.672 60.787
14.513 6.669 60.886
14.520 6.665 60.986
14.528 6.662 61.086
14.535 6.658 61.185
14.542 6.655 61.285
14.549 6.651 61.385
14.556 6.648 61.484
14.563 6.644 61.584
14.571 6.641 61.684
14.578 6.638 61.783
14.585 6.634 61.883
14.592 6.631 61.983
14.599 6.627 62.082
14.606 6.624 62.182
14.613 6.620 62.282
14.621 6.617 62.382
14.628 6.613 62.481
14.635 6.610 62.581
14.642 6.606 62.681
14.649 6.603 62.780
14.656 6.600 62.880
14.663 6.596 62.980
14.671 6.593 63.079
14.678 6.589 63.179
14.685 6.586 63.279
14.692 6.582 63.378
14.699 6.579 63.478
14.706 6.575 63.578
14.713 6.572 63.677
14.720 6.569 63.777
14.727 6.565 63.877
14.734 6.562 63.976
14.741 6.559 64.076
14.747 6.555 64.176
14.754 6.552 64.276
14.760 6.549 64.375
14.767 6.546 64.475
14.773 6.543 64.575
14.780 6.540 64.675
14.786 6.537 64.774
14.793 6.533 64.874
14.800 6.530 64.974
14.806 6.527 65.074
14.813 6.524 65.173
14.819 6.521 65.273
14.826 6.518 65.373
14.832 6.515 65.473
14.839 6.511 65.572
14.845 6.508 65.672
14.852 6.505 65.772
14.858 6.502 65.871
14.865 6.499 65.971
14.871 6.496 66.071
14.878 6.493 66.171
14.884 6.490 66.270
14.891 6.486 66.370
14.897 6.483 66.470
14.903 6.480 66.570
14.909 6.477 66.669
14.915 6.474 66.769
14.920 6.471 66.869
14.925 6.468 66.969
14.930 6.464 67.069
14.935 6.461 67.168
14.940 6.458 67.268
14.945 6.455 67.368
14.950 6.452 67.468
14.955 6.449 67.568
14.960 6.446 67.668
14.965 6.442 67.767
14.970 6.439 67.867
14.975 6.436 67.967
14.980 6.433 68.067
14.985 6.430 68.167
14.990 6.427 68.267
14.994 6.424 68.366
14.999 6.420 68.466
15.004 6.417 68.566
15.009 6.414 68.666
15.014 6.411 68.766
15.019 6.408 68.866
15.024 6.405 68.965
15.029 6.402 69.065
15.034 6.398 69.165
15.039 6.395 69.265
15.044 6.392 69.365
15.049 6.389 69.464
15.052 6.387 69.540
15.053 6.387 69.544
15.053 6.387 69.547
15.053 6.387 69.549
15.053 6.387 69.551
15.053 6.386 69.552
15.053 6.386 69.553
15.053 6.386 69.554
15.053 6.386 69.555
15.053 6.386 69.556
15.053 6.386 69.556
15.053 6.387 69.557
15.053 6.387 69.557
15.053 6.387 69.558
15.053 6.387 69.558
15.053 6.387 69.559
15.053 6.387 69.559
15.053 6.387 69.559
15.052 6.387 69.560
15.052 6.387 69.560
15.052 6.387 69.560
15.052 6.387 69.560
15.052 6.387 69.560
15.052 6.387 69.561
15.052 6.387 69.561
15.051 6.388 69.561
15.051 6.388 69.561
15.051 6.388 69.561
15.051 6.388 69.561
15.050 6.388 69.561
15.050 6.389 69.561
15.050 6.389 69.561
15.049 6.389 69.561
15.049 6.389 69.561
15.048 6.390 69.561
15.048 6.390 69.560
15.047 6.391 69.560
15.047 6.391 69.560
15.046 6.392 69.560
15.045 6.392 69.560
15.044 6.393 69.559
15.043 6.394 69.559
15.042 6.394 69.559
15.041 6.395 69.558
15.039 6.397 69.558
15.038 6.398 69.557
15.036 6.399 69.557
15.034 6.401 69.556
15.032 6.402 69.555
15.029 6.404 69.555
15.026 6.406 69.554
15.023 6.409 69.553
15.020 6.411 69.551
15.016 6.414 69.550
15.012 6.417 69.549
15.007 6.421 69.547
15.002 6.424 69.545
14.997 6.429 69.543
14.990 6.433 69.541
14.983 6.439 69.539
14.976 6.444 69.536
14.967 6.450 69.534
14.958 6.457 69.530
14.948 6.465 69.527
14.937 6.473 69.523
14.924 6.483 69.519
14.911 6.493 69.514
14.896 6.504 69.509
14.879 6.516 69.503
14.861 6.530 69.497
14.841 6.545 69.490
14.819 6.562 69.483
14.795 6.580 69.475
14.768 6.600 69.466
14.739 6.622 69.456
14.707 6.646 69.444
14.671 6.672 69.432
14.632 6.702 69.419
14.589 6.734 69.404
14.542 6.769 69.388
14.490 6.808 69.370
14.432 6.851 69.351
14.369 6.898 69.329
14.300 6.950 69.306
14.224 7.007 69.280
14.147 7.065 69.253
14.070 7.123 69.227
13.992 7.181 69.201
13.915 7.238 69.174
13.838 7.296 69.148
13.761 7.354 69.122
13.683 7.412 69.095
13.606 7.470 69.069
13.529 7.527 69.043
13.452 7.585 69.016
13.375 7.643 68.990
13.297 7.701 68.964
13.220 7.759 68.937
13.143 7.817 68.911
13.066 7.874 68.885
12.988 7.932 68.858
12.911 7.990 68.832
12.834 8.048 68.806
12.757 8.106 68.779
12.680 8.163 68.753
12.602 8.221 68.727
12.525 8.279 68.700
12.448 8.337 68.674
12.371 8.395 68.648
12.293 8.452 68.621
12.216 8.510 68.595
12.139 8.568 68.569
12.062 8.626 68.542
11.984 8.684 68.516
11.907 8.741 68.490
11.830 8.799 68.463
11.753 8.857 68.437
11.675 8.915 68.411
11.598 8.973 68.384
11.521 9.031 68.358
11.444 9.088 68.332
11.367 9.146 68.305
11.289 9.204 68.279
11.212 9.262 68.253
11.135 9.320 68.226
11.058 9.377 68.200
10.980 9.435 68.174
10.903 9.493 68.148
10.826 9.551 68.121
10.749 9.609 68.095
10.671 9.666 68.069
10.594 9.724 68.042
10.517 9.782 68.016
10.440 9.840 67.990
10.362 9.898 67.963
10.285 9.955 67.937
10.208 10.013 67.911
10.131 10.071 67.884
10.054 10.129 67.858
9.976 10.187 67.832
9.899 10.244 67.805
9.822 10.302 67.779
9.745 10.360 67.753
9.667 10.418 67.726
9.590 10.476 67.700
9.513 10.533 67.674
9.436 10.591 67.647
9.358 10.649 67.621
9.281 10.707 67.595
9.204 10.764 67.568
9.127 10.822 67.542
9.049 10.880 67.516
8.972 10.938 67.489
8.895 10.996 67.463
8.818 11.053 67.437
8.740 11.111 67.410
8.663 11.169 67.384
8.586 11.227 67.358
8.509 11.285 67.331
8.431 11.342 67.305
8.354 11.400 67.279
8.277 11.458 67.252
8.200 11.516 67.226
8.122 11.573 67.200
8.045 11.631 67.173
7.968 11.689 67.147
7.891 11.747 67.121
7.813 11.805 67.094
7.736 11.862 67.068
7.659 11.920 67.042
7.582 11.978 67.015
7.504 12.036 66.989
7.427 12.094 66.963
7.350 12.151 66.936
7.273 12.209 66.910
7.195 12.267 66.884
7.118 12.325 66.857
7.041 12.382 66.831
6.964 12.440 66.805
6.886 12.498 66.778
6.809 12.556 66.752
6.732 12.614 66.726
6.655 12.672 66.699
6.578 12.730 66.673
6.501 12.788 66.647
6.423 12.845 66.620
6.346 12.903 66.594
6.269 12.961 66.568
6.192 13.019 66.541
6.115 13.077 66.515
6.038 13.135 66.489
5.961 13.193 66.462
5.884 13.251 66.436
5.806 13.309 66.410
5.729 13.367 66.383
5.652 13.425 66.357
5.575 13.483 66.331
5.498 13.541 66.304
5.421 13.599 66.278
5.344 13.657 66.252
5.267 13.715 66.225
5.190 13.773 66.199
5.112 13.831 66.173
5.035 13.889 66.146
4.958 13.947 66.120
4.881 14.005 66.094
4.804 14.063 66.067
4.727 14.121 66.041
4.650 14.179 66.015
4.573 14.237 65.989
4.496 14.295 65.962
4.418 14.352 65.936
4.341 14.410 65.910
4.264 14.468 65.883
4.187 14.526 65.857
4.110 14.584 65.831
4.033 14.642 65.805
3.956 14.700 65.778
3.879 14.758 65.752
3.801 14.816 65.726
3.724 14.874 65.699
3.647 14.932 65.673
3.570 14.990 65.647
3.493 15.048 65.620
3.416 15.106 65.594
3.339 15.164 65.568
3.262 15.222 65.541
3.185 15.280 65.515
3.107 15.338 65.489
3.030 15.396 65.463
2.953 15.454 65.436
2.876 15.512 65.410
2.799 15.570 65.384
2.722 15.628 65.357
2.645 15.686 65.331
2.568 15.744 65.305
2.491 15.802 65.278
2.413 15.860 65.252
2.336 15.918 65.226
2.259 15.976 65.199
2.182 16.034 65.173
2.105 16.092 65.147
2.028 16.150 65.120
1.951 16.207 65.094
1.874 16.265 65.068
1.796 16.323 65.041
1.719 16.381 65.015
1.642 16.439 64.988
1.565 16.497 64.962
1.487 16.554 64.936
1.410 16.612 64.909
1.333 16.670 64.883
1.256 16.728 64.856
1.178 16.785 64.830
1.101 16.843 64.803
1.024 16.901 64.777
0.947 16.958 64.751
0.869 17.016 64.724
0.792 17.074 64.698
0.715 17.132 64.671
0.638 17.189 64.645
0.560 17.247 64.618
0.483 17.305 64.592
0.406 17.363 64.565
0.329 17.420 64.539
0.251 17.478 64.513
0.174 17.536 64.486
0.097 17.593 64.460
0.020 17.651 64.433
-0.058 17.709 64.407
-0.135 17.767 64.380
-0.212 17.824 64.354
-0.289 17.882 64.328
-0.367 17.940 64.301
-0.444 17.998 64.275
-0.521 18.055 64.248
-0.599 18.113 64.222
-0.676 18.171 64.196
-0.753 18.228 64.169
-0.830 18.286 64.143
-0.908 18.344 64.116
-0.985 18.402 64.090
-1.062 18.459 64.064
-1.139 18.517 64.037
-1.217 18.575 64.011
-1.294 18.632 63.984
-1.371 18.690 63.958
-1.449 18.748 63.931
-1.526 18.806 63.905
-1.603 18.863 63.879
-1.680 18.921 63.852
-1.758 18.979 63.826
-1.835 19.036 63.799
-1.912 19.094 63.773
-1.989 19.152 63.747
-2.067 19.210 63.720
-2.144 19.267 63.694
-2.221 19.325 63.667
-2.298 19.383 63.641
-2.376 19.441 63.615
-2.453 19.498 63.588
-2.530 19.556 63.562
-2.608 19.614 63.535
-2.685 19.671 63.509
-2.762 19.729 63.483
-2.839 19.787 63.456
-2.917 19.845 63.430
-2.994 19.902 63.403
-3.071 19.960 63.377
-3.148 20.018 63.350
-3.226 20.076 63.324
-3.303 20.133 63.298
-3.380 20.191 63.271
-3.457 20.249 63.245
-3.535 20.306 63.218
-3.612 20.364 63.192
-3.689 20.422 63.166
-3.767 20.480 63.139
-3.844 20.537 63.113
-3.921 20.595 63.086
-3.998 20.653 63.060
-4.076 20.711 63.034
-4.153 20.768 63.007
-4.230 20.826 62.981
-4.307 20.884 62.954
-4.385 20.941 62.928
-4.462 20.999 62.902
-4.539 21.057 62.875
-4.616 21.115 62.849
-4.694 21.172 62.822
-4.771 21.230 62.796
-4.848 21.288 62.769
-4.925 21.346 62.743
-5.003 21.403 62.717
-5.080 21.461 62.690
-5.157 21.519 62.664
-5.234 21.577 62.637
-5.312 21.634 62.611
-5.389 21.692 62.584
-5.466 21.750 62.558
-5.543 21.807 62.531
-5.621 21.865 62.505
-5.698 21.923 62.479
-5.775 21.981 62.452
-5.852 22.038 62.426
-5.930 22.096 62.399
-6.007 22.154 62.373
-6.084 22.212 62.346
-6.161 22.269 62.320
-6.238 22.327 62.293
-6.316 22.385 62.267
-6.393 22.443 62.240
-6.470 22.501 62.214
-6.547 22.559 62.187
-6.624 22.617 62.160
-6.701 22.675 62.134
-6.778 22.732 62.107
-6.855 22.790 62.080
-6.932 22.848 62.054
-7.009 22.906 62.027
-7.086 22.964 62.000
-7.163 23.022 61.974
-7.240 23.080 61.947
-7.317 23.138 61.920
-7.394 23.196 61.894
-7.471 23.254 61.867
-7.548 23.312 61.840
-7.625 23.370 61.814
-7.702 23.428 61.787
-7.779 23.486 61.760
-7.856 23.544 61.734
-7.933 23.602 61.707
-8.010 23.660 61.680
-8.087 23.718 61.654
-8.164 23.776 61.627
-8.241 23.834 61.600
-8.318 23.892 61.574
-8.395 23.949 61.547
-8.472 24.007 61.521
-8.549 24.065 61.494
-8.626 24.123 61.467
-8.703 24.181 61.441
-8.780 24.239 61.414
-8.857 24.297 61.388
-8.934 24.355 61.361
-9.011 24.413 61.334
-9.088 24.471 61.308
-9.165 24.529 61.281
-9.242 24.587 61.255
-9.319 24.645 61.228
-9.397 24.703 61.201
-9.474 24.761 61.175
-9.551 24.819 61.148
-9.628 24.877 61.122
-9.705 24.935 61.095
-9.782 24.993 61.068
-9.859 25.051 61.042
-9.936 25.109 61.015
-10.013 25.166 60.989
-10.090 25.224 60.962
-10.167 25.282 60.935
-10.244 25.340 60.909
-10.321 25.398 60.882
-10.398 25.456 60.856
-10.475 25.514 60.829
-10.552 25.572 60.802
-10.629 25.630 60.776
-10.706 25.688 60.749
-10.783 25.746 60.722
-10.860 25.804 60.696
-10.937 25.862 60.669
-11.014 25.920 60.643
-11.091 25.978 60.616
-11.168 26.035 60.589
-11.245 26.093 60.563
-11.322 26.151 60.536
-11.400 26.209 60.509
-11.477 26.267 60.483
-11.554 26.325 60.456
-11.631 26.383 60.430
-11.708 26.441 60.403
-11.785 26.499 60.376
-11.862 26.557 60.350
-11.939 26.614 60.323
-12.016 26.672 60.296
-12.093 26.730 60.270
-12.170 26.788 60.243
-12.247 26.846 60.217
-12.324 26.904 60.190
-12.401 26.962 60.163
-12.479 27.020 60.137
-12.556 27.077 60.110
-12.633 27.135 60.083
-12.710 27.193 60.057
-12.787 27.251 60.030
-12.864 27.309 60.003
-12.941 27.367 59.977
-13.018 27.425 59.950
-13.095 27.483 59.924
-13.172 27.540 59.897
-13.249 27.598 59.870
-13.326 27.656 59.844
-13.403 27.714 59.817
-13.481 27.772 59.790
-13.558 27.830 59.764
-13.635 27.888 59.737
-13.712 27.946 59.711
-13.789 28.003 59.684
-13.866 28.061 59.657
-13.943 28.119 59.631
-14.020 28.177 59.604
-14.097 28.235 59.577
-14.174 28.293 59.551
-14.251 28.351 59.524
-14.328 28.409 59.498
-14.405 28.466 59.471
-14.483 28.524 59.444
-14.560 28.582 59.418
-14.637 28.640 59.391
-14.714 28.698 59.364
-14.791 28.756 59.338
-14.868 28.814 59.311
-14.945 28.872 59.284
-15.022 28.930 59.258
-15.099 28.988 59.231
-15.176 29.045 59.205
-15.253 29.103 59.178
-15.330 29.161 59.151
-15.407 29.219 59.125
-15.484 29.277 59.098
-15.561 29.335 59.071
-15.638 29.393 59.045
-15.715 29.451 59.018
-15.792 29.509 58.991
-15.869 29.567 58.965
-15.946 29.625 58.938
-16.023 29.683 58.912
-16.101 29.741 58.885
-16.178 29.798 58.858
-16.255 29.856 58.832
-16.332 29.914 58.805
-16.409 29.972 58.779
-16.486 30.030 58.752
-16.563 30.088 58.725
-16.640 30.146 58.699
-16.717 30.204 58.672
-16.794 30.262 58.645
-16.871 30.320 58.619
-16.948 30.378 58.592
-17.025 30.436 58.566
-17.102 30.494 58.539
-17.179 30.552 58.512
-17.256 30.610 58.486
-17.333 30.668 58.459
-17.410 30.725 58.433
-17.487 30.783 58.406
-17.564 30.841 58.379
-17.641 30.899 58.353
-17.718 30.957 58.326
-17.795 31.015 58.300
-17.872 31.073 58.273
-17.949 31.131 58.246
-18.026 31.189 58.220
-18.104 31.247 58.193
-18.181 31.305 58.167
-18.258 31.363 58.140
-18.335 31.421 58.113
-18.412 31.479 58.087
-18.489 31.537 58.060
-18.566 31.595 58.034
-18.643 31.653 58.007
-18.720 31.710 57.980
-18.797 31.768 57.954
-18.874 31.826 57.927
-18.951 31.884 57.901
-19.028 31.942 57.874
-19.105 32.000 57.847
-19.182 32.058 57.821
-19.259 32.116 57.794
-19.336 32.174 57.767
-19.413 32.232 57.740
-19.490 32.289 57.713
-19.567 32.347 57.686
-19.644 32.405 57.658
-19.721 32.463 57.631
-19.798 32.520 57.604
-19.875 32.578 57.577
-19.952 32.636 57.549
-20.029 32.693 57.522
-20.106 32.751 57.495
-20.183 32.809 57.467
-20.260 32.867 57.440
-20.337 32.924 57.413
-20.414 32.982 57.386
-20.491 33.040 57.358
-20.568 33.097 57.331
-20.645 33.155 57.304
-20.722 33.213 57.277
-20.799 33.271 57.249
-20.876 33.328 57.222
-20.953 33.386 57.195
-21.030 33.444 57.168
-21.107 33.501 57.140
-21.184 33.559 57.113
-21.261 33.617 57.086
-21.338 33.674 57.059
-21.415 33.732 57.032
-21.492 33.790 57.005
-21.569 33.847 56.978
-21.646 33.905 56.951
-21.723 33.962 56.924
-21.801 34.020 56.897
-21.878 34.078 56.870
-21.955 34.135 56.843
-22.032 34.193 56.816
-22.109 34.251 56.789
-22.186 34.308 56.762
-22.263 34.366 56.735
-22.340 34.424 56.707
-22.417 34.481 56.680
-22.495 34.539 56.653
-22.572 34.596 56.626
-22.649 34.654 56.599
-22.726 34.712 56.572
-22.803 34.769 56.545
-22.880 34.827 56.518
-22.957 34.885 56.491
-23.034 34.942 56.464
-23.111 35.000 56.437
-23.189 35.058 56.410
-23.266 35.115 56.383
-23.343 35.173 56.356
-23.420 35.230 56.329
-23.497 35.288 56.302
-23.574 35.346 56.275
-23.651 35.403 56.248
-23.728 35.461 56.221
-23.806 35.519 56.194
-23.883 35.576 56.167
-23.960 35.634 56.140
-24.037 35.691 56.112
-24.114 35.749 56.085
-24.191 35.807 56.058
-24.268 35.864 56.031
-24.345 35.922 56.004
-24.422 35.980 55.977
-24.500 36.037 55.950
-24.577 36.095 55.923
-24.654 36.152 55.896
-24.731 36.210 55.869
-24.808 36.268 55.842
-24.885 36.325 55.815
-24.962 36.383 55.788
-25.039 36.441 55.761
-25.117 36.498 55.734
-25.194 36.556 55.707
-25.271 36.613 55.680
-25.348 36.671 55.652
-25.425 36.729 55.625
-25.502 36.786 55.598
-25.579 36.844 55.571
-25.656 36.902 55.544
-25.733 36.959 55.517
-25.811 37.017 55.490
-25.888 37.074 55.463
-25.965 37.132 55.436
-26.042 37.190 55.409
-26.119 37.247 55.382
-26.196 37.305 55.355
-26.273 37.363 55.328
-26.350 37.420 55.301
-26.428 37.478 55.274
-26.505 37.535 55.247
-26.582 37.593 55.220
-26.659 37.651 55.192
-26.736 37.708 55.165
-26.813 37.766 55.138
-26.890 37.823 55.111
-26.967 37.881 55.084
-27.045 37.939 55.057
-27.122 37.996 55.030
-27.199 38.054 55.003
-27.276 38.112 54.976
-27.353 38.169 54.949
-27.430 38.227 54.922
-27.507 38.284 54.895
-27.584 38.342 54.868
-27.661 38.400 54.840
-27.738 38.457 54.813
-27.815 38.515 54.786
-27.892 38.573 54.759
-27.969 38.631 54.732
-28.046 38.688 54.705
-28.123 38.746 54.677
-28.200 38.804 54.650
-28.277 38.861 54.623
-28.354 38.919 54.596
-28.431 38.977 54.569
-28.508 39.034 54.542
-28.586 39.092 54.514
-28.663 39.150 54.487
-28.740 39.208 54.460
-28.817 39.265 54.433
-28.894 39.323 54.406
-28.971 39.381 54.378
-29.048 39.438 54.351
-29.125 39.496 54.324
-29.202 39.554 54.297
-29.279 39.612 54.270
-29.356 39.669 54.243
-29.433 39.727 54.216
-29.510 39.785 54.189
-29.587 39.843 54.162
-29.664 39.900 54.135
-29.741 39.958 54.108
-29.818 40.016 54.081
-29.895 40.074 54.054
-29.972 40.132 54.027
-30.049 40.190 54.000
-30.126 40.247 53.974
-30.203 40.305 53.947
-30.280 40.363 53.920
-30.357 40.421 53.893
-30.434 40.479 53.866
-30.511 40.536 53.839
-30.588 40.594 53.812
-30.665 40.652 53.785
-30.742 40.710 53.759
-30.819 40.768 53.732
-30.896 40.826 53.705
-30.973 40.883 53.678
-31.050 40.941 53.651
-31.127 40.999 53.624
-31.204 41.057 53.597
-31.281 41.115 53.570
-31.358 41.172 53.544
-31.436 41.230 53.517
-31.513 41.288 53.490
-31.590 41.346 53.463
-31.667 41.404 53.436
-31.744 41.462 53.409
-31.821 41.519 53.382
-31.898 41.577 53.355
-31.975 41.635 53.328
-32.052 41.693 53.302
-32.129 41.751 53.275
-32.206 41.808 53.248
-32.283 41.866 53.221
-32.360 41.924 53.194
-32.437 41.982 53.167
-32.514 42.040 53.140
-32.591 42.097 53.113
-32.668 42.155 53.086
-32.745 42.213 53.059
-32.822 42.271 53.033
-32.899 42.329 53.006
-32.976 42.386 52.979
-33.053 42.444 52.952
-33.130 42.502 52.925
-33.207 42.560 52.898
-33.284 42.618 52.871
-33.361 42.675 52.844
-33.438 42.733 52.817
-33.516 42.791 52.790
-33.593 42.849 52.763
-33.670 42.906 52.736
-33.747 42.964 52.709
-33.824 43.022 52.682
-33.901 43.080 52.656
-33.978 43.138 52.629
-34.055 43.195 52.602
-34.132 43.253 52.575
-34.209 43.311 52.548
-34.286 43.369 52.521
-34.363 43.426 52.494
-34.440 43.484 52.467
-34.517 43.542 52.440
-34.594 43.599 52.413
-34.672 43.657 52.386
-34.749 43.715 52.359
-34.826 43.773 52.332
-34.903 43.830 52.306
-34.980 43.888 52.279
-35.057 43.946 52.252
-35.134 44.003 52.225
-35.211 44.061 52.198
-35.288 44.119 52.171
-35.366 44.177 52.144
-35.443 44.234 52.117
-35.520 44.292 52.090
-35.597 44.350 52.063
-35.674 44.407 52.036
-35.751 44.465 52.010
-35.828 44.523 51.983
-35.905 44.581 51.956
-35.982 44.638 51.929
-36.059 44.696 51.902
-36.137 44.754 51.875
-36.214 44.811 51.848
-36.291 44.869 51.821
-36.368 44.927 51.794
-36.445 44.985 51.767
-36.522 45.042 51.740
-36.599 45.100 51.713
-36.676 45.158 51.687
-36.753 45.215 51.660
-36.830 45.273 51.633
-36.908 45.331 51.606
-36.985 45.389 51.579
-37.062 45.446 51.552
-37.139 45.504 51.525
-37.216 45.562 51.498
-37.293 45.619 51.471
-37.370 45.677 51.444
-37.447 45.735 51.417
-37.524 45.793 51.391
-37.601 45.850 51.364
-37.678 45.908 51.337
-37.756 45.966 51.310
-37.833 46.024 51.283
-37.910 46.081 51.256
-37.987 46.139 51.229
-38.064 46.197 51.202
-38.141 46.255 51.175
-38.218 46.312 51.148
-38.295 46.370 51.122
-38.372 46.428 51.095
-38.449 46.486 51.068
-38.526 46.543 51.041
-38.603 46.601 51.014
-38.680 46.659 50.987
-38.758 46.717 50.960
-38.835 46.774 50.933
-38.912 46.832 50.906
-38.989 46.890 50.880
-39.066 46.948 50.853
-39.143 47.005 50.826
-39.220 47.063 50.799
-39.297 47.121 50.772
-39.374 47.179 50.745
-39.451 47.236 50.718
-39.528 47.294 50.691
-39.605 47.352 50.664
-39.682 47.410 50.638
-39.760 47.467 50.611
-39.837 47.525 50.584
-39.914 47.583 50.557
-39.991 47.641 50.530
-40.068 47.698 50.503
-40.145 47.756 50.476
-40.222 47.814 50.449
-40.299 47.872 50.422
-40.376 47.929 50.396
-40.453 47.987 50.369
-40.530 48.045 50.342
-40.607 48.103 50.315
-40.684 48.161 50.288
-40.761 48.218 50.261
-40.838 48.276 50.234
-40.916 48.334 50.207
-40.993 48.392 50.180
-41.070 48.449 50.153
-41.147 48.507 50.126
-41.224 48.565 50.099
-41.301 48.623 50.072
-41.378 48.680 50.045
-41.455 48.738 50.018
-41.532 48.796 49.991
-41.609 48.854 49.964
-41.686 48.912 49.937
-41.763 48.969 49.910
-41.840 49.027 49.883
-41.917 49.085 49.856
-41.994 49.143 49.829
-42.071 49.200 49.802
-42.148 49.258 49.776
-42.225 49.316 49.749
-42.302 49.373 49.722
-42.379 49.431 49.695
-42.457 49.487 49.669
-42.496 49.515 49.657
-42.541 49.545 49.643
-42.590 49.578 49.628
-42.644 49.615 49.612
-42.704 49.655 49.594
-42.770 49.699 49.575
-42.843 49.748 49.553
-42.923 49.802 49.530
-43.004 49.856 49.506
-43.084 49.910 49.482
-43.165 49.964 49.458
-43.246 50.018 49.434
-43.326 50.072 49.410
-43.407 50.127 49.386
-43.487 50.181 49.363
-43.568 50.235 49.339
-43.649 50.289 49.315
-43.729 50.343 49.291
-43.810 50.397 49.267
-43.891 50.451 49.243
-43.971 50.505 49.219
-44.052 50.559 49.195
-44.133 50.613 49.172
-44.213 50.668 49.148
-44.294 50.722 49.124
-44.375 50.776 49.100
-44.455 50.830 49.076
-44.536 50.884 49.052
-44.616 50.938 49.028
-44.697 50.992 49.004
-44.778 51.046 48.981
-44.858 51.100 48.957
-44.939 51.154 48.933
-45.020 51.209 48.909
-45.100 51.263 48.885
-45.181 51.317 48.861
-45.262 51.371 48.837
-45.342 51.425 48.814
-45.423 51.479 48.790
-45.504 51.533 48.766
-45.584 51.587 48.742
-45.665 51.641 48.718
-45.745 51.695 48.694
-45.826 51.749 48.670
-45.907 51.804 48.646
-45.987 51.858 48.623
-46.068 51.912 48.599
-46.149 51.966 48.575
-46.229 52.020 48.551
-46.310 52.074 48.527
-46.391 52.128 48.503
-46.471 52.182 48.479
-46.552 52.236 48.455
-46.633 52.290 48.432
-46.713 52.345 48.408
-46.794 52.399 48.384
-46.874 52.453 48.360
-46.955 52.507 48.336
-47.036 52.561 48.312
-47.116 52.615 48.288
-47.197 52.669 48.264
-47.278 52.723 48.241
-47.358 52.777 48.217
-47.439 52.831 48.193
-47.520 52.886 48.169
-47.600 52.940 48.145
-47.681 52.994 48.121
-47.762 53.048 48.097
-47.842 53.102 48.073
-47.923 53.156 48.050
-48.003 53.210 48.026
-48.084 53.264 48.002
-48.165 53.318 47.978
-48.245 53.372 47.954
-48.326 53.426 47.930
-48.407 53.481 47.906
-48.487 53.535 47.882
-48.568 53.589 47.858
-48.649 53.643 47.835
-48.729 53.697 47.811
-48.810 53.751 47.787
-48.891 53.805 47.763
-48.971 53.859 47.739
-49.052 53.913 47.715
-49.132 53.967 47.691
-49.213 54.022 47.667
-49.294 54.076 47.643
-49.374 54.130 47.619
-49.455 54.184 47.595
-49.535 54.238 47.571
-49.616 54.293 47.547
-49.696 54.347 47.523
-49.777 54.401 47.499
-49.857 54.455 47.475
-49.938 54.509 47.451
-50.018 54.564 47.427
-50.099 54.618 47.403
-50.179 54.672 47.379
-50.260 54.726 47.355
-50.340 54.780 47.331
-50.421 54.835 47.307
-50.501 54.889 47.283
-50.582 54.943 47.259
-50.662 54.997 47.235
-50.743 55.052 47.211
-50.823 55.106 47.187
-50.904 55.160 47.163
-50.985 55.214 47.139
-51.065 55.268 47.115
-51.146 55.323 47.091
-51.226 55.377 47.067
-51.307 55.431 47.043
-51.387 55.485 47.020
-51.468 55.540 46.996
-51.548 55.594 46.972
-51.629 55.648 46.948
-51.710 55.702 46.924
-51.790 55.757 46.901
-51.871 55.811 46.877
-51.951 55.865 46.853
-52.032 55.919 46.829
-52.112 55.974 46.805
-52.193 56.028 46.782
-52.274 56.082 46.758
-52.354 56.136 46.734
-52.435 56.190 46.710
-52.515 56.245 46.686
-52.596 56.299 46.663
-52.676 56.353 46.639
-52.757 56.407 46.615
-52.838 56.462 46.591
-52.918 56.516 46.567
-52.999 56.570 46.544
-53.079 56.624 46.520
-53.160 56.679 46.496
-53.241 56.733 46.472
-53.321 56.787 46.449
-53.402 56.841 46.425
-53.482 56.895 46.401
-53.563 56.950 46.377
-53.643 57.004 46.353
-53.724 57.058 46.330
-53.805 57.112 46.306
-53.885 57.167 46.282
-53.966 57.221 46.258
-54.046 57.275 46.234
-54.127 57.329 46.211
-54.207 57.384 46.187
-54.288 57.438 46.163
-54.369 57.492 46.139
-54.449 57.546 46.115
-54.530 57.600 46.092
-54.610 57.655 46.068
-54.691 57.709 46.044
-54.772 57.763 46.020
-54.852 57.817 45.996
-54.933 57.871 45.973
-55.013 57.926 45.949
-55.094 57.980 45.925
-55.174 58.034 45.901
-55.255 58.088 45.877
-55.336 58.143 45.854
-55.416 58.197 45.830
-55.497 58.251 45.806
-55.577 58.305 45.782
-55.658 58.359 45.758
-55.739 58.414 45.735
-55.819 58.468 45.711
-55.900 58.522 45.687
-55.980 58.576 45.663
-56.061 58.630 45.639
-56.142 58.685 45.616
-56.222 58.739 45.592
-56.303 58.793 45.568
-56.383 58.847 45.544
-56.464 58.902 45.520
-56.544 58.956 45.497
-56.625 59.010 45.473
-56.706 59.064 45.449
-56.786 59.118 45.425
-56.867 59.173 45.401
-56.947 59.227 45.378
-57.028 59.281 45.354
-57.109 59.335 45.330
-57.189 59.389 45.306
-57.270 59.444 45.282
-57.350 59.498 45.259
-57.431 59.552 45.235
-57.511 59.606 45.211
-57.592 59.661 45.187
-57.673 59.715 45.163
-57.753 59.769 45.140
-57.834 59.823 45.116
-57.914 59.878 45.092
-57.994 59.932 45.068
-58.075 59.987 45.044
-58.155 60.041 45.020
-58.235 60.096 44.996
-58.316 60.150 44.972
-58.396 60.205 44.948
-58.476 60.260 44.925
-58.557 60.314 44.901
-58.637 60.369 44.877
-58.717 60.424 44.853
-58.797 60.478 44.829
-58.878 60.533 44.805
-58.958 60.587 44.781
-59.038 60.642 44.757
-59.119 60.697 44.733
-59.199 60.751 44.709
-59.279 60.806 44.685
-59.359 60.860 44.662
-59.440 60.915 44.638
-59.520 60.970 44.614
-59.600 61.024 44.590
-59.681 61.079 44.566
-59.761 61.134 44.542
-59.841 61.188 44.518
-59.921 61.243 44.494
-60.002 61.297 44.470
-60.082 61.352 44.447
-60.162 61.407 44.423
-60.243 61.461 44.399
-60.323 61.516 44.375
-60.403 61.571 44.351
-60.483 61.625 44.327
-60.564 61.680 44.304
-60.644 61.734 44.280
-60.724 61.789 44.256
-60.805 61.844 44.232
-60.885 61.898 44.208
-60.965 61.953 44.184
-61.045 62.008 44.160
-61.126 62.062 44.137
-61.206 62.117 44.113
-61.286 62.171 44.089
-61.367 62.226 44.065
-61.447 62.281 44.041
-61.527 62.335 44.017
-61.608 62.390 43.993
-61.688 62.445 43.969
-61.768 62.499 43.946
-61.848 62.554 43.922
-61.929 62.608 43.898
-62.009 62.663 43.874
-62.089 62.718 43.850
-62.170 62.772 43.826
-62.250 62.827 43.802
-62.330 62.881 43.778
-62.410 62.936 43.755
-62.491 62.991 43.731
-62.571 63.045 43.707
-62.651 63.100 43.683
-62.732 63.154 43.659
-62.812 63.209 43.635
-62.892 63.264 43.611
-62.973 63.318 43.587
-63.053 63.373 43.564
-63.133 63.427 43.540
-63.214 63.482 43.516
-63.294 63.536 43.492
-63.374 63.591 43.468
-63.455 63.645 43.444
-63.535 63.700 43.420
-63.615 63.754 43.396
-63.696 63.809 43.372
-63.776 63.863 43.349
-63.856 63.918 43.325
-63.937 63.972 43.301
-64.017 64.027 43.277
-64.098 64.082 43.253
-64.178 64.136 43.229
-64.258 64.191 43.205
-64.339 64.245 43.181
-64.419 64.300 43.157
-64.499 64.354 43.133
-64.580 64.409 43.110
-64.660 64.463 43.086
-64.740 64.518 43.062
-64.821 64.572 43.038
-64.901 64.627 43.014
-64.981 64.681 42.990
-65.062 64.736 42.966
-65.142 64.790 42.942
-65.222 64.845 42.918
-65.303 64.899 42.894
-65.383 64.954 42.871
-65.463 65.008 42.847
-65.544 65.063 42.823
-65.624 65.117 42.799
-65.705 65.172 42.775
-65.785 65.226 42.751
-65.865 65.281 42.727
-65.946 65.335 42.703
-66.026 65.390 42.679
-66.106 65.445 42.656
-66.187 65.499 42.632
-66.267 65.554 42.608
-66.347 65.608 42.584
-66.428 65.663 42.560
-66.508 65.717 42.536
-66.588 65.772 42.512
-66.668 65.827 42.488
-66.749 65.881 42.465
-66.829 65.936 42.441
-66.909 65.991 42.417
-66.990 66.045 42.393
-67.070 66.100 42.369
-67.150 66.155 42.346
-67.230 66.209 42.322
-67.311 66.264 42.298
-67.391 66.319 42.274
-67.471 66.373 42.250
-67.551 66.428 42.226
-67.632 66.483 42.203
-67.712 66.537 42.179
-67.792 66.592 42.155
-67.872 66.647 42.131
-67.953 66.702 42.107
-68.033 66.756 42.084
-68.113 66.811 42.060
-68.194 66.866 42.036
-68.274 66.920 42.012
-68.354 66.975 41.988
-68.434 67.030 41.965
-68.515 67.084 41.941
-68.595 67.139 41.917
-68.675 67.194 41.893
-68.755 67.248 41.869
-68.836 67.303 41.846
-68.916 67.358 41.822
-68.996 67.412 41.798
-69.076 67.467 41.774
-69.157 67.522 41.750
-69.237 67.577 41.727
-69.317 67.631 41.703
-69.397 67.686 41.679
-69.478 67.741 41.655
-69.558 67.795 41.631
-69.638 67.850 41.607
-69.718 67.905 41.584
-69.799 67.959 41.560
-69.879 68.014 41.536
-69.959 68.069 41.512
-70.040 68.123 41.488
-70.120 68.178 41.464
-70.200 68.233 41.440
-70.280 68.287 41.416
-70.361 68.342 41.392
-70.441 68.396 41.368
-70.521 68.451 41.344
-70.601 68.506 41.321
-70.682 68.560 41.297
-70.762 68.615 41.273
-70.842 68.670 41.249
-70.922 68.724 41.225
-71.003 68.779 41.201
-71.083 68.834 41.177
-71.163 68.888 41.153
-71.243 68.943 41.129
-71.324 68.997 41.105
-71.404 69.052 41.081
-71.484 69.107 41.057
-71.565 69.161 41.034
-71.645 69.216 41.010
-71.725 69.270 40.986
-71.806 69.325 40.962
-71.886 69.380 40.938
-71.966 69.434 40.914
-72.046 69.489 40.890
-72.127 69.543 40.866
-72.207 69.598 40.842
-72.287 69.652 40.818
-72.368 69.707 40.794
-72.448 69.761 40.770
-72.528 69.816 40.747
-72.609 69.871 40.723
-72.689 69.925 40.699
-72.769 69.980 40.675
-72.850 70.034 40.651
-72.930 70.089 40.627
-73.010 70.143 40.603
-73.091 70.198 40.579
-73.171 70.252 40.555
-73.251 70.307 40.531
-73.332 70.362 40.507
-73.412 70.416 40.484
-73.492 70.471 40.460
-73.573 70.525 40.436
-73.653 70.580 40.412
-73.733 70.634 40.388
-73.814 70.689 40.364
-73.894 70.743 40.340
-73.974 70.798 40.316
-74.054 70.853 40.292
-74.135 70.907 40.268
-74.215 70.962 40.244
-74.295 71.016 40.220
-74.376 71.071 40.196
-74.456 71.125 40.173
-74.536 71.180 40.149
-74.617 71.235 40.125
-74.697 71.289 40.101
-74.777 71.344 40.077
-74.858 71.398 40.053
-74.938 71.453 40.029
-75.018 71.507 40.005
-75.099 71.562 39.981
-75.179 71.617 39.957
-75.259 71.671 39.933
-75.339 71.726 39.909
-75.420 71.780 39.886
-75.500 71.835 39.862
-75.580 71.890 39.838
-75.661 71.944 39.814
-75.741 71.999 39.790
-75.821 72.053 39.766
-75.902 72.108 39.742
-75.982 72.163 39.718
-76.062 72.217 39.694
-76.142 72.272 39.671
-76.223 72.326 39.647
-76.303 72.381 39.623
-76.383 72.436 39.599
-76.464 72.490 39.575
-76.544 72.545 39.551
-76.624 72.599 39.527
-76.704 72.654 39.503
-76.785 72.709 39.479
-76.865 72.763 39.456
-76.945 72.818 39.432
-77.026 72.872 39.408
-77.106 72.927 39.384
-77.186 72.982 39.360
-77.267 73.036 39.336
-77.347 73.091 39.312
-77.427 73.145 39.288
-77.507 73.200 39.264
-77.588 73.255 39.241
-77.668 73.309 39.217
-77.748 73.364 39.193
-77.829 73.418 39.169
-77.909 73.473 39.145
-77.989 73.528 39.121
-78.069 73.582 39.097
-78.150 73.637 39.073
-78.230 73.691 39.049
-78.310 73.746 39.025
-78.391 73.800 39.001
-78.471 73.855 38.977
-78.551 73.909 38.953
-78.632 73.963 38.928
-78.712 74.018 38.904
-78.793 74.072 38.880
-78.873 74.126 38.855
-78.953 74.181 38.831
-79.034 74.235 38.807
-79.114 74.289 38.782
-79.194 74.344 38.758
-79.275 74.398 38.734
-79.355 74.452 38.710
-79.435 74.507 38.685
-79.516 74.561 38.661
-79.596 74.615 38.637
-79.676 74.670 38.612
-79.757 74.724 38.588
-79.837 74.778 38.564
-79.918 74.833 38.539
-79.998 74.887 38.515
-80.078 74.941 38.491
-80.159 74.995 38.467
-80.239 75.050 38.442
-80.319 75.104 38.418
-80.400 75.158 38.394
-80.480 75.213 38.370
-80.561 75.267 38.345
-80.641 75.321 38.321
-80.721 75.376 38.297
-80.802 75.430 38.272
-80.882 75.484 38.248
-80.963 75.538 38.224
-81.043 75.593 38.200
-81.123 75.647 38.175
-81.204 75.701 38.151
-81.284 75.756 38.127
-81.365 75.810 38.103
-81.445 75.864 38.078
-81.525 75.919 38.054
-81.606 75.973 38.030
-81.686 76.027 38.006
-81.767 76.081 37.981
-81.847 76.136 37.957
-81.927 76.190 37.933
-82.008 76.244 37.908
-82.088 76.299 37.884
-82.168 76.353 37.860
-82.249 76.407 37.836
-82.329 76.462 37.811
-82.410 76.516 37.787
-82.490 76.570 37.763
-82.570 76.624 37.739
-82.651 76.679 37.714
-82.731 76.733 37.690
-82.812 76.787 37.666
-82.892 76.842 37.642
-82.972 76.896 37.617
-83.053 76.950 37.593
-83.133 77.005 37.569
-83.213 77.059 37.544
-83.294 77.113 37.520
-83.374 77.168 37.496
-83.455 77.222 37.472
-83.535 77.276 37.447
-83.615 77.331 37.423
-83.696 77.385 37.399
-83.776 77.439 37.375
-83.856 77.493 37.350
-83.937 77.548 37.326
-84.017 77.602 37.302
-84.098 77.656 37.278
-84.178 77.711 37.253
-84.258 77.765 37.229
-84.339 77.819 37.205
-84.419 77.874 37.181
-84.500 77.928 37.156
-84.580 77.982 37.132
-84.660 78.037 37.108
-84.741 78.091 37.084
-84.821 78.145 37.059
-84.901 78.200 37.035
-84.982 78.254 37.011
-85.062 78.308 36.987
-85.143 78.363 36.962
-85.223 78.417 36.938
-85.303 78.471 36.914
-85.384 78.526 36.890
-85.464 78.580 36.865
-85.544 78.634 36.841
-85.625 78.689 36.817
-85.705 78.743 36.792
-85.786 78.797 36.768
-85.866 78.852 36.744
-85.946 78.906 36.720
-86.027 78.960 36.695
-86.107 79.014 36.671
-86.187 79.069 36.647
-86.268 79.123 36.623
-86.348 79.177 36.598
-86.428 79.232 36.574
-86.509 79.286 36.550
-86.589 79.340 36.525
-86.670 79.395 36.501
-86.750 79.449 36.477
-86.830 79.503 36.452
-86.911 79.557 36.428
-86.991 79.611 36.403
-87.072 79.665 36.378
-87.152 79.719 36.353
-87.233 79.773 36.328
-87.313 79.827 36.303
-87.394 79.880 36.278
-87.474 79.934 36.253
-87.555 79.988 36.228
-87.635 80.042 36.203
-87.716 80.096 36.178
-87.796 80.150 36.153
-87.877 80.203 36.128
-87.957 80.257 36.103
-88.038 80.311 36.078
-88.118 80.365 36.054
-88.199 80.419 36.029
-88.279 80.472 36.004
-88.360 80.526 35.979
-88.440 80.580 35.954
-88.521 80.634 35.929
-88.601 80.688 35.904
-88.682 80.742 35.879
-88.762 80.795 35.854
-88.843 80.849 35.829
-88.923 80.903 35.804
-89.004 80.957 35.779
-89.084 81.011 35.754
-89.165 81.064 35.729
-89.245 81.118 35.704
-89.326 81.172 35.679
-89.406 81.226 35.654
-89.487 81.280 35.629
-89.567 81.333 35.605
-89.648 81.387 35.580
-89.728 81.441 35.555
-89.809 81.495 35.530
-89.890 81.549 35.505
-89.970 81.602 35.480
-90.051 81.656 35.455
-90.131 81.710 35.430
-90.212 81.764 35.405
-90.292 81.818 35.380
-90.373 81.871 35.355
-90.453 81.925 35.331
-90.534 81.979 35.306
-90.614 82.033 35.281
-90.695 82.087 35.256
-90.775 82.140 35.231
-90.856 82.194 35.206
-90.936 82.248 35.181
-91.017 82.302 35.156
-91.097 82.356 35.131
-91.178 82.410 35.106
-91.258 82.463 35.081
-91.339 82.517 35.057
-91.419 82.571 35.032
-91.500 82.625 35.007
-91.580 82.679 34.982
-91.661 82.732 34.957
-91.741 82.786 34.932
-91.822 82.840 34.907
-91.903 82.894 34.882
-91.983 82.948 34.857
-92.064 83.002 34.832
-92.144 83.055 34.807
-92.225 83.109 34.783
-92.305 83.163 34.758
-92.386 83.217 34.733
-92.466 83.271 34.708
-92.547 83.324 34.683
-92.627 83.378 34.658
-92.708 83.432 34.633
-92.788 83.486 34.608
-92.869 83.540 34.583
-92.949 83.594 34.558
-93.030 83.647 34.534
-93.110 83.701 34.509
-93.191 83.755 34.484
-93.271 83.809 34.459
-93.352 83.863 34.434
-93.432 83.916 34.409
-93.513 83.970 34.384
-93.593 84.024 34.359
-93.674 84.078 34.334
-93.754 84.132 34.309
-93.835 84.186 34.285
-93.915 84.239 34.260
-93.996 84.293 34.235
-94.076 84.347 34.210
-94.157 84.401 34.185
-94.237 84.455 34.160
-94.318 84.508 34.135
-94.398 84.562 34.110
-94.479 84.616 34.085
-94.559 84.670 34.060
-94.640 84.724 34.035
-94.720 84.778 34.010
-94.801 84.831 33.985
-94.881 84.885 33.960
-94.962 84.939 33.935
-95.042 84.993 33.910
-95.123 85.047 33.886
-95.203 85.100 33.861
-95.284 85.154 33.836
-95.365 85.208 33.811
-95.445 85.261 33.786
-95.527 85.313 33.761
-95.609 85.366 33.736
-95.691 85.418 33.712
-95.772 85.469 33.687
-95.854 85.521 33.662
-95.936 85.573 33.638
-96.018 85.625 33.613
-96.100 85.677 33.588
-96.182 85.729 33.564
-96.264 85.780 33.539
-96.346 85.832 33.514
-96.428 85.884 33.490
-96.509 85.936 33.465
-96.591 85.988 33.440
-96.673 86.039 33.416
-96.755 86.091 33.391
-96.837 86.143 33.366
-96.919 86.195 33.342
-97.001 86.247 33.317
-97.083 86.298 33.292
-97.165 86.350 33.268
-97.247 86.402 33.243
-97.328 86.454 33.218
-97.410 86.506 33.194
-97.492 86.558 33.169
-97.574 86.609 33.144
-97.656 86.661 33.120
-97.738 86.713 33.095
-97.820 86.765 33.070
-97.902 86.817 33.046
-97.984 86.868 33.021
-98.066 86.920 32.996
-98.147 86.972 32.972
-98.229 87.024 32.947
-98.311 87.076 32.922
-98.393 87.127 32.898
-98.475 87.179 32.873
-98.557 87.231 32.848
-98.639 87.283 32.824
-98.721 87.335 32.799
-98.803 87.386 32.775
-98.885 87.438 32.750
-98.966 87.490 32.725
-99.048 87.542 32.701
-99.130 87.594 32.676
-99.212 87.645 32.651
-99.294 87.697 32.627
-99.376 87.749 32.602
-99.458 87.801 32.577
-99.540 87.853 32.553
-99.622 87.905 32.528
-99.704 87.956 32.503
-99.785 88.008 32.479
-99.867 88.060 32.454
-99.949 88.112 32.429
-100.031 88.164 32.405
-100.113 88.215 32.380
-100.195 88.267 32.355
-100.277 88.319 32.331
-100.359 88.371 32.306
-100.441 88.423 32.282
-100.523 88.475 32.257
-100.604 88.526 32.232
-100.686 88.578 32.208
-100.768 88.630 32.183
-100.850 88.682 32.158
-100.932 88.734 32.134
-101.014 88.785 32.109
-101.096 88.837 32.084
-101.178 88.889 32.060
-101.260 88.941 32.035
-101.341 88.993 32.010
-101.423 89.045 31.986
-101.505 89.096 31.961
-101.587 89.148 31.936
-101.669 89.200 31.912
-101.751 89.252 31.887
-101.833 89.304 31.863
-101.915 89.356 31.838
-101.997 89.407 31.813
-102.078 89.459 31.789
-102.160 89.511 31.764
-102.242 89.563 31.739
-102.324 89.615 31.715
-102.406 89.666 31.690
-102.488 89.718 31.665
-102.570 89.770 31.640
-102.652 89.822 31.616
-102.733 89.874 31.591
-102.815 89.925 31.566
-102.897 89.977 31.541
-102.979 90.029 31.516
-103.061 90.081 31.492
-103.143 90.133 31.467
-103.225 90.184 31.442
-103.306 90.236 31.417
-103.388 90.288 31.392
-103.470 90.340 31.367
-103.552 90.392 31.343
-103.634 90.443 31.318
-103.716 90.495 31.293
-103.798 90.547 31.268
-103.879 90.599 31.243
-103.961 90.651 31.219
-104.043 90.702 31.194
-104.125 90.754 31.169
-104.207 90.806 31.144
-104.289 90.857 31.120
-104.371 90.909 31.095
-104.453 90.961 31.070
-104.535 91.012 31.046
-104.617 91.064 31.021
-104.699 91.115 30.996
-104.781 91.167 30.972
-104.864 91.218 30.947
-104.946 91.270 30.923
-105.028 91.322 30.898
-105.110 91.373 30.873
-105.192 91.425 30.849
-105.274 91.476 30.824
-105.356 91.528 30.799
-105.438 91.579 30.775
-105.520 91.631 30.750
-105.602 91.682 30.726
-105.684 91.734 30.701
-105.766 91.786 30.676
-105.848 91.837 30.652
-105.930 91.889 30.627
-106.013 91.940 30.603
-106.095 91.992 30.578
-106.177 92.043 30.553
-106.259 92.095 30.529
-106.341 92.146 30.504
-106.423 92.198 30.479
-106.505 92.250 30.455
-106.587 92.301 30.430
-106.669 92.353 30.406
-106.751 92.404 30.381
-106.833 92.456 30.356
-106.915 92.507 30.332
-106.997 92.559 30.307
-107.079 92.611 30.283
-107.162 92.662 30.258
-107.244 92.714 30.233
-107.326 92.765 30.209
-107.408 92.817 30.184
-107.490 92.868 30.160
-107.572 92.920 30.135
-107.654 92.971 30.110
-107.736 93.023 30.086
-107.818 93.075 30.061
-107.900 93.126 30.036
-107.982 93.178 30.012
-108.064 93.229 29.987
-108.146 93.281 29.963
-108.228 93.332 29.938
-108.310 93.384 29.913
-108.393 93.436 29.889
-108.475 93.487 29.864
-108.557 93.539 29.840
-108.639 93.590 29.815
-108.721 93.642 29.790
-108.803 93.694 29.766
-108.885 93.745 29.741
-108.967 93.797 29.717
-109.049 93.848 29.692
-109.131 93.900 29.668
-109.213 93.951 29.643
-109.295 94.003 29.618
-109.377 94.055 29.594
-109.459 94.106 29.569
-109.541 94.158 29.545
-109.623 94.209 29.520
-109.705 94.261 29.495
-109.787 94.313 29.471
-109.870 94.364 29.446
-109.952 94.416 29.422
-110.034 94.467 29.397
-110.116 94.519 29.372
-110.198 94.571 29.348
-110.280 94.622 29.323
-110.362 94.674 29.299
-110.444 94.725 29.274
-110.526 94.777 29.249
-110.608 94.829 29.225
-110.690 94.880 29.200
-110.772 94.932 29.176
-110.854 94.983 29.151
-110.936 95.035 29.126
-111.018 95.086 29.102
-111.100 95.138 29.077
-111.182 95.189 29.052
-111.264 95.241 29.027
-111.347 95.292 29.002
-111.429 95.344 28.978
-111.511 95.395 28.953
-111.593 95.447 28.928
-111.675 95.498 28.903
-111.757 95.550 28.878
-111.839 95.601 28.853
-111.921 95.652 28.828
-112.003 95.704 28.803
-112.085 95.755 28.778
-112.167 95.807 28.753
-112.249 95.858 28.729
-112.331 95.909 28.704
-112.413 95.961 28.679
-112.495 96.012 28.654
-112.578 96.064 28.629
-112.660 96.115 28.604
-112.742 96.167 28.579
-112.824 96.218 28.554
-112.906 96.269 28.529
-112.988 96.321 28.504
-113.070 96.372 28.480
-113.152 96.424 28.455
-113.234 96.475 28.430
-113.316 96.526 28.405
-113.398 96.578 28.380
-113.480 96.629 28.355
-113.563 96.681 28.330
-113.645 96.732 28.305
-113.727 96.783 28.281
-113.809 96.835 28.256
-113.891 96.886 28.231
-113.973 96.937 28.206
-114.055 96.989 28.181
-114.137 97.040 28.156
-114.219 97.092 28.131
-114.302 97.143 28.106
-114.384 97.194 28.082
-114.466 97.246 28.057
-114.548 97.297 28.032
-114.630 97.348 28.007
-114.712 97.400 27.982
-114.794 97.451 27.957
-114.876 97.503 27.932
-114.958 97.554 27.908
-115.040 97.605 27.883
-115.123 97.657 27.858
-115.205 97.708 27.833
-115.287 97.760 27.808
-115.369 97.811 27.783
-115.451 97.862 27.758
-115.533 97.914 27.733
-115.615 97.965 27.709
-115.697 98.017 27.684
-115.779 98.068 27.659
-115.861 98.120 27.634
-115.943 98.171 27.609
-116.025 98.222 27.584
-116.108 98.274 27.559
-116.190 98.325 27.534
-116.272 98.377 27.510
-116.354 98.428 27.485
-116.436 98.480 27.460
-116.518 98.531 27.435
-116.600 98.582 27.410
-116.682 98.634 27.385
-116.764 98.685 27.360
-116.846 98.737 27.336
-116.928 98.788 27.311
-117.010 98.840 27.286
-117.092 98.891 27.261
-117.175 98.942 27.236
-117.257 98.994 27.211
-117.339 99.045 27.186
-117.421 99.097 27.162
-117.503 99.148 27.137
-117.585 99.200 27.112
-117.667 99.251 27.087
-117.749 99.302 27.062
-117.831 99.354 27.037
-117.913 99.405 27.013
-117.995 99.457 26.988
-118.077 99.508 26.963
-118.159 99.560 26.938
-118.242 99.611 26.913
-118.324 99.663 26.888
-118.406 99.714 26.863
-118.488 99.765 26.839
-118.570 99.817 26.814
-118.652 99.868 26.789
-118.734 99.920 26.764
-118.816 99.971 26.739
-118.898 100.023 26.714
-118.980 100.074 26.689
-119.062 100.125 26.665
-119.144 100.177 26.640
-119.226 100.228 26.615
-119.308 100.280 26.590
-119.391 100.331 26.565
-119.473 100.383 26.540
-119.555 100.434 26.515
-119.637 100.485 26.490
-119.719 100.537 26.466
-119.801 100.588 26.441
-119.883 100.640 26.416
-119.965 100.691 26.391
-120.047 100.742 26.366
-120.129 100.794 26.341
-120.212 100.845 26.316
-120.294 100.896 26.291
-120.376 100.947 26.266
-120.458 100.999 26.241
-120.540 101.050 26.217
-120.622 101.101 26.192
-120.705 101.152 26.167
-120.787 101.204 26.142
-120.869 101.255 26.117
-120.951 101.306 26.092
-121.033 101.357 26.067
-121.116 101.408 26.042
-121.198 101.460 26.017
-121.280 101.511 25.992
-121.362 101.562 25.967
-121.444 101.613 25.942
-121.527 101.665 25.917
-121.609 101.716 25.892
-121.691 101.767 25.868
-121.773 101.818 25.843
-121.855 101.869 25.818
-121.937 101.921 25.793
-122.020 101.972 25.768
-122.102 102.023 25.743
-122.184 102.074 25.718
-122.266 102.126 25.693
-122.348 102.177 25.668
-122.431 102.228 25.643
-122.513 102.279 25.618
-122.595 102.330 25.593
-122.677 102.382 25.568
-122.759 102.433 25.543
-122.842 102.484 25.519
-122.924 102.535 25.494
-123.006 102.587 25.469
-123.088 102.638 25.444
-123.170 102.689 25.419
-123.252 102.740 25.394
-123.335 102.791 25.369
-123.417 102.843 25.344
-123.499 102.894 25.319
-123.581 102.945 25.294
-123.663 102.996 25.269
-123.746 103.048 25.244
-123.828 103.099 25.219
-123.910 103.150 25.195
-123.992 103.202 25.170
-124.074 103.253 25.145
-124.156 103.304 25.120
-124.238 103.356 25.095
-124.320 103.407 25.070
-124.402 103.458 25.045
-124.485 103.510 25.020
-124.567 103.561 24.995
-124.649 103.613 24.970
-124.731 103.664 24.946
-124.813 103.715 24.921
-124.895 103.767 24.896
-124.977 103.818 24.871
-125.059 103.870 24.846
-125.141 103.921 24.821
-125.223 103.972 24.796
-125.305 104.024 24.771
-125.387 104.075 24.746
-125.470 104.127 24.721
-125.552 104.178 24.697
-125.634 104.229 24.672
-125.716 104.281 24.647
-125.798 104.332 24.622
-125.880 104.384 24.597
-125.962 104.435 24.572
-126.044 104.486 24.547
-126.126 104.538 24.522
-126.208 104.589 24.498
-126.290 104.641 24.473
-126.373 104.692 24.448
-126.455 104.743 24.423
-126.537 104.795 24.398
-126.619 104.846 24.373
-126.701 104.898 24.348
-126.783 104.949 24.323
-126.865 105.000 24.299
-126.947 105.052 24.274
-127.029 105.103 24.249
-127.111 105.155 24.224
-127.193 105.206 24.199
-127.275 105.257 24.174
-127.358 105.309 24.149
-127.440 105.360 24.124
-127.522 105.412 24.099
-127.604 105.463 24.074
-127.686 105.514 24.050
-127.768 105.566 24.025
-127.850 105.617 24.000
-127.932 105.669 23.975
-128.014 105.720 23.950
-128.096 105.771 23.925
-128.178 105.823 23.900
-128.261 105.874 23.875
-128.343 105.925 23.850
-128.425 105.977 23.825
-128.507 106.028 23.800
-128.589 106.080 23.776
-128.671 106.131 23.751
-128.753 106.182 23.726
-128.835 106.234 23.701
-128.917 106.285 23.676
-129.000 106.336 23.651
-129.082 106.388 23.626
-129.164 106.439 23.601
-129.246 106.490 23.576
-129.328 106.542 23.551
-129.410 106.593 23.526
-129.492 106.644 23.501
-129.574 106.695 23.477
-129.657 106.747 23.452
-129.739 106.798 23.427
-129.821 106.849 23.402
-129.903 106.901 23.377
-129.985 106.952 23.352
-130.067 107.003 23.327
-130.149 107.055 23.302
-130.232 107.106 23.277
-130.314 107.157 23.252
-130.396 107.208 23.227
-130.478 107.260 23.203
-130.560 107.311 23.178
-130.642 107.362 23.153
-130.724 107.414 23.128
-130.807 107.465 23.103
-130.889 107.516 23.078
-130.971 107.568 23.053
-131.053 107.619 23.028
-131.135 107.670 23.003
-131.217 107.722 22.978
-131.299 107.773 22.953
-131.381 107.824 22.928
-131.463 107.876 22.903
-131.546 107.927 22.878
-131.628 107.978 22.853
-131.710 108.030 22.828
-131.792 108.081 22.804
-131.874 108.132 22.779
-131.956 108.184 22.754
-132.038 108.235 22.729
-132.120 108.286 22.704
-132.202 108.338 22.679
-132.285 108.389 22.654
-132.367 108.440 22.629
-132.449 108.492 22.604
-132.531 108.543 22.579
-132.613 108.594 22.554
-132.695 108.646 22.530
-132.777 108.697 22.505
-132.859 108.749 22.481
-132.941 108.801 22.456
-133.023 108.852 22.432
-133.106 108.904 22.407
-133.188 108.956 22.383
-133.270 109.007 22.359
-133.352 109.059 22.334
-133.434 109.110 22.310
-133.516 109.162 22.286
-133.598 109.214 22.261
-133.680 109.265 22.237
-133.762 109.317 22.213
-133.844 109.369 22.188
-133.927 109.420 22.164
-134.009 109.472 22.140
-134.091 109.524 22.115
-134.173 109.575 22.091
-134.255 109.627 22.067
-134.337 109.679 22.042
-134.419 109.730 22.018
-134.501 109.782 21.994
-134.583 109.834 21.969
-134.665 109.885 21.945
-134.748 109.937 21.921
-134.830 109.988 21.896
-134.912 110.040 21.872
-134.994 110.092 21.848
-135.076 110.143 21.823
-135.158 110.195 21.799
-135.240 110.247 21.775
-135.322 110.298 21.750
-135.404 110.350 21.726
-135.487 110.402 21.702
-135.569 110.453 21.678
-135.651 110.505 21.653
-135.733 110.557 21.629
-135.815 110.608 21.605
-135.897 110.660 21.580
-135.979 110.711 21.556
-136.061 110.763 21.532
-136.143 110.815 21.507
-136.225 110.866 21.483
-136.308 110.918 21.459
-136.390 110.970 21.434
-136.472 111.021 21.410
-136.554 111.073 21.385
-136.636 111.124 21.361
-136.718 111.176 21.337
-136.800 111.228 21.312
-136.882 111.279 21.288
-136.964 111.331 21.264
-137.047 111.383 21.239
-137.129 111.434 21.215
-137.211 111.486 21.191
-137.293 111.537 21.166
-137.375 111.589 21.142
-137.457 111.641 21.118
-137.539 111.692 21.093
-137.621 111.744 21.069
-137.703 111.796 21.045
-137.786 111.847 21.020
-137.868 111.899 20.996
-137.950 111.950 20.972
-138.032 112.002 20.947
-138.114 112.054 20.923
-138.196 112.105 20.899
-138.278 112.157 20.874
-138.360 112.208 20.850
-138.443 112.260 20.825
-138.525 112.312 20.801
-138.607 112.363 20.777
-138.689 112.415 20.752
-138.771 112.466 20.728
-138.853 112.518 20.704
-138.935 112.570 20.679
-139.017 112.621 20.655
-139.099 112.673 20.631
-139.182 112.725 20.606
-139.264 112.776 20.582
-139.346 112.828 20.558
-139.428 112.879 20.533
-139.510 112.931 20.509
-139.592 112.983 20.485
-139.674 113.034 20.460
-139.756 113.086 20.436
-139.838 113.138 20.411
-139.920 113.189 20.387
-140.002 113.241 20.363
-140.084 113.293 20.338
-140.167 113.344 20.314
-140.249 113.396 20.289
-140.331 113.448 20.265
-140.413 113.499 20.240
-140.495 113.551 20.216
-140.577 113.603 20.192
-140.659 113.655 20.167
-140.741 113.706 20.143
-140.823 113.758 20.118
-140.905 113.810 20.094
-140.987 113.861 20.069
-141.069 113.913 20.045
-141.151 113.965 20.021
-141.233 114.016 19.996
-141.315 114.068 19.972
-141.397 114.120 19.948
-141.479 114.172 19.923
-141.561 114.223 19.899
-141.643 114.275 19.875
-141.725 114.327 19.850
-141.807 114.378 19.826
-141.890 114.430 19.802
-141.972 114.482 19.777
-142.054 114.534 19.753
-142.136 114.585 19.729
-142.218 114.637 19.705
-142.300 114.689 19.680
-142.382 114.740 19.656
-142.464 114.792 19.632
-142.546 114.844 19.608
-142.628 114.896 19.583
-142.710 114.947 19.559
-142.792 114.999 19.535
-142.874 115.051 19.510
-142.956 115.102 19.486
-143.039 115.154 19.462
-143.121 115.206 19.438
-143.203 115.258 19.413
-143.285 115.309 19.389
-143.367 115.361 19.365
-143.449 115.413 19.341
-143.531 115.465 19.316
-143.613 115.516 19.292
-143.695 115.568 19.268
-143.777 115.620 19.244
-143.859 115.671 19.219
-143.941 115.723 19.195
-144.023 115.775 19.171
-144.105 115.827 19.147
-144.188 115.878 19.122
-144.270 115.930 19.098
-144.352 115.982 19.074
-144.434 116.033 19.049
-144.516 116.085 19.025
-144.598 116.137 19.001
-144.680 116.189 18.977
-144.762 116.240 18.952
-144.844 116.292 18.928
-144.926 116.344 18.904
-145.008 116.395 18.880
-145.090 116.447 18.855
-145.172 116.499 18.831
-145.255 116.551 18.807
-145.337 116.602 18.783
-145.419 116.654 18.758
-145.501 116.706 18.734
-145.583 116.757 18.710
-145.665 116.809 18.685
-145.747 116.861 18.661
-145.829 116.912 18.637
-145.911 116.964 18.613
-145.993 117.016 18.588
-146.075 117.068 18.564
-146.157 117.119 18.540
-146.240 117.171 18.516
-146.322 117.223 18.491
-146.404 117.274 18.467
-146.486 117.326 18.443
-146.568 117.378 18.418
-146.650 117.430 18.394
-146.732 117.481 18.370
-146.814 117.533 18.346
-146.896 117.585 18.321
-146.978 117.636 18.297
-147.060 117.688 18.273
-147.142 117.740 18.249
-147.224 117.791 18.224
-147.307 117.843 18.200
-147.389 117.895 18.176
-147.471 117.947 18.151
-147.553 117.998 18.127
-147.635 118.050 18.103
-147.717 118.102 18.079
-147.799 118.153 18.054
-147.881 118.205 18.030
-147.963 118.257 18.006
-148.045 118.309 17.981
-148.127 118.360 17.957
-148.209 118.412 17.933
-148.291 118.464 17.909
-148.373 118.516 17.884
-148.454 118.568 17.860
-148.536 118.621 17.835
-148.617 118.674 17.811
-148.698 118.728 17.786
-148.779 118.781 17.761
-148.860 118.834 17.737
-148.941 118.887 17.712
-149.022 118.940 17.687
-149.103 118.993 17.663
-149.184 119.047 17.638
-149.265 119.100 17.613
-149.346 119.153 17.589
-149.427 119.206 17.564
-149.508 119.260 17.539
-149.589 119.313 17.515
-149.670 119.366 17.490
-149.751 119.419 17.465
-149.832 119.472 17.441
-149.913 119.526 17.416
-149.994 119.579 17.392
-150.075 119.632 17.367
-150.156 119.685 17.342
-150.237 119.738 17.318
-150.318 119.792 17.293
-150.399 119.845 17.268
-150.480 119.898 17.244
-150.561 119.951 17.219
-150.642 120.004 17.195
-150.723 120.058 17.170
-150.804 120.111 17.145
-150.885 120.164 17.121
-150.966 120.217 17.096
-151.047 120.270 17.072
-151.128 120.324 17.047
-151.209 120.377 17.022
-151.290 120.430 16.998
-151.371 120.483 16.973
-151.452 120.536 16.949
-151.533 120.590 16.924
-151.614 120.643 16.899
-151.695 120.696 16.875
-151.777 120.749 16.850
-151.858 120.802 16.825
-151.939 120.856 16.801
-152.020 120.909 16.776
-152.101 120.962 16.752
-152.182 121.015 16.727
-152.263 121.068 16.702
-152.344 121.122 16.678
-152.425 121.175 16.653
-152.506 121.228 16.629
-152.587 121.281 16.604
-152.668 121.334 16.579
-152.749 121.388 16.555
-152.830 121.441 16.530
-152.911 121.494 16.506
-152.992 121.547 16.481
-153.073 121.600 16.456
-153.154 121.653 16.432
-153.235 121.707 16.407
-153.316 121.760 16.382
-153.397 121.813 16.358
-153.478 121.866 16.333
-153.559 121.919 16.309
-153.640 121.973 16.284
-153.721 122.026 16.259
-153.802 122.079 16.235
-153.883 122.132 16.210
-153.964 122.185 16.186
-154.045 122.238 16.161
-154.126 122.292 16.136
-154.207 122.345 16.112
-154.288 122.398 16.087
-154.369 122.451 16.062
-154.450 122.504 16.038
-154.531 122.558 16.013
-154.612 122.611 15.989
-154.693 122.664 15.964
-154.774 122.717 15.939
-154.855 122.770 15.915
-154.936 122.823 15.890
-155.017 122.877 15.866
-155.098 122.930 15.841
-155.180 122.983 15.816
-155.261 123.036 15.792
-155.342 123.089 15.767
-155.423 123.143 15.742
-155.504 123.196 15.718
-155.585 123.249 15.693
-155.666 123.302 15.669
-155.747 123.355 15.644
-155.828 123.409 15.619
-155.909 123.462 15.595
-155.990 123.515 15.570
-156.071 123.568 15.545
-156.152 123.621 15.521
-156.233 123.674 15.496
-156.314 123.728 15.471
-156.395 123.781 15.447
-156.476 123.834 15.422
-156.557 123.887 15.397
-156.638 123.940 15.373
-156.719 123.994 15.348
-156.800 124.047 15.324
-156.881 124.100 15.299
-156.962 124.153 15.274
-157.043 124.207 15.250
-157.123 124.260 15.225
-157.204 124.314 15.201
-157.285 124.367 15.177
-157.366 124.421 15.152
-157.447 124.475 15.128
-157.527 124.529 15.104
-157.608 124.582 15.079
-157.689 124.636 15.055
-157.770 124.690 15.031
-157.850 124.744 15.007
-157.931 124.797 14.982
-158.012 124.851 14.958
-158.093 124.905 14.934
-158.173 124.959 14.910
-158.254 125.013 14.885
-158.335 125.066 14.861
-158.416 125.120 14.837
-158.496 125.174 14.813
-158.577 125.228 14.788
-158.658 125.281 14.764
-158.739 125.335 14.740
-158.819 125.389 14.715
-158.900 125.443 14.691
-158.981 125.496 14.667
-159.062 125.550 14.643
-159.142 125.604 14.618
-159.223 125.658 14.594
-159.304 125.712 14.570
-159.385 125.765 14.546
-159.465 125.819 14.521
-159.546 125.873 14.497
-159.627 125.927 14.473
-159.708 125.980 14.449
-159.788 126.034 14.424
-159.869 126.088 14.400
-159.950 126.142 14.376
-160.031 126.195 14.352
-160.111 126.249 14.327
-160.192 126.303 14.303
-160.273 126.357 14.279
-160.354 126.411 14.255
-160.434 126.464 14.230
-160.515 126.518 14.206
-160.596 126.572 14.182
-160.677 126.626 14.158
-160.757 126.679 14.133
-160.838 126.733 14.109
-160.919 126.787 14.085
-161.000 126.841 14.061
-161.080 126.894 14.036
-161.161 126.948 14.012
-161.242 127.002 13.988
-161.323 127.056 13.964
-161.403 127.109 13.939
-161.484 127.163 13.915
-161.565 127.217 13.891
-161.646 127.271 13.866
-161.726 127.324 13.842
-161.807 127.378 13.818
-161.888 127.432 13.794
-161.969 127.486 13.769
-162.049 127.539 13.745
-162.130 127.593 13.721
-162.211 127.647 13.697
-162.292 127.701 13.672
-162.373 127.754 13.648
-162.453 127.808 13.624
-162.534 127.862 13.600
-162.615 127.916 13.575
-162.696 127.969 13.551
-162.776 128.023 13.527
-162.857 128.077 13.503
-162.938 128.131 13.478
-163.019 128.184 13.454
-163.099 128.238 13.430
-163.180 128.292 13.405
-163.261 128.346 13.381
-163.342 128.399 13.357
-163.422 128.453 13.333
-163.503 128.507 13.308
-163.584 128.561 13.284
-163.665 128.614 13.260
-163.745 128.668 13.236
-163.826 128.722 13.211
-163.907 128.776 13.187
-163.988 128.829 13.163
-164.068 128.883 13.138
-164.149 128.937 13.114
-164.230 128.991 13.090
-164.311 129.044 13.065
-164.391 129.098 13.041
-164.472 129.152 13.017
-164.553 129.206 12.993
-164.633 129.260 12.968
-164.714 129.313 12.944
-164.795 129.367 12.920
-164.876 129.421 12.895
-164.956 129.475 12.871
-165.037 129.529 12.847
-165.118 129.582 12.822
-165.198 129.636 12.798
-165.279 129.690 12.774
-165.360 129.744 12.749
-165.441 129.797 12.725
-165.521 129.851 12.701
-165.602 129.905 12.676
-165.683 129.959 12.652
-165.763 130.013 12.628
-165.844 130.067 12.604
-165.925 130.120 12.580
-166.006 130.174 12.556
-166.086 130.228 12.532
-166.167 130.282 12.508
-166.248 130.336 12.484
-166.329 130.390 12.460
-166.410 130.443 12.436
-166.490 130.497 12.412
-166.571 130.551 12.388
-166.652 130.605 12.364
-166.733 130.659 12.340
-166.813 130.713 12.316
-166.894 130.767 12.292
-166.975 130.821 12.268
-167.056 130.874 12.244
-167.137 130.928 12.220
-167.217 130.982 12.196
-167.298 131.036 12.172
-167.379 131.090 12.148
-167.460 131.144 12.124
-167.540 131.198 12.100
-167.621 131.251 12.076
-167.702 131.305 12.052
-167.783 131.359 12.028
-167.863 131.413 12.004
-167.944 131.467 11.980
-168.025 131.521 11.956
-168.106 131.575 11.932
-168.187 131.628 11.908
-168.267 131.682 11.884
-168.348 131.736 11.860
-168.429 131.790 11.836
-168.510 131.844 11.812
-168.590 131.898 11.788
-168.671 131.952 11.764
-168.752 132.005 11.740
-168.833 132.059 11.716
-168.914 132.113 11.692
-168.994 132.167 11.669
-169.075 132.221 11.645
-169.156 132.275 11.621
-169.237 132.328 11.597
-169.317 132.382 11.573
-169.398 132.436 11.548
-169.479 132.490 11.524
-169.560 132.544 11.500
-169.641 132.598 11.476
-169.721 132.651 11.452
-169.802 132.705 11.428
-169.883 132.759 11.404
-169.964 132.813 11.380
-170.045 132.867 11.356
-170.125 132.920 11.332
-170.206 132.974 11.308
-170.287 133.028 11.284
-170.368 133.082 11.260
-170.448 133.136 11.236
-170.529 133.190 11.212
-170.610 133.243 11.188
-170.691 133.297 11.164
-170.772 133.351 11.140
-170.852 133.405 11.116
-170.933 133.459 11.092
-171.014 133.513 11.068
-171.095 133.566 11.044
-171.176 133.620 11.020
-171.256 133.674 10.996
-171.337 133.728 10.972
-171.418 133.782 10.948
-171.499 133.835 10.924
-171.579 133.889 10.900
-171.660 133.943 10.876
-171.741 133.997 10.852
-171.822 134.051 10.828
-171.903 134.104 10.804
-171.983 134.158 10.780
-172.064 134.212 10.756
-172.145 134.266 10.732
-172.226 134.320 10.708
-172.307 134.374 10.684
-172.387 134.427 10.660
-172.468 134.481 10.636
-172.549 134.535 10.612
-172.630 134.589 10.588
-172.710 134.643 10.564
-172.791 134.697 10.540
-172.872 134.751 10.516
-172.952 134.805 10.492
-173.033 134.859 10.468
-173.114 134.913 10.444
-173.195 134.967 10.420
-173.275 135.020 10.396
-173.356 135.074 10.372
-173.437 135.128 10.347
-173.517 135.182 10.323
-173.598 135.236 10.299
-173.679 135.290 10.275
-173.759 135.344 10.251
-173.840 135.398 10.227
-173.921 135.452 10.203
-174.001 135.506 10.179
-174.082 135.560 10.155
-174.163 135.614 10.131
-174.243 135.668 10.107
-174.324 135.722 10.083
-174.405 135.776 10.059
-174.485 135.830 10.035
-174.566 135.884 10.011
-174.647 135.938 9.987
-174.727 135.992 9.963
-174.808 136.046 9.939
-174.889 136.100 9.915
-174.969 136.154 9.891
-175.050 136.208 9.867
-175.131 136.262 9.843
-175.211 136.316 9.819
-175.292 136.370 9.795
-175.373 136.424 9.771
-175.453 136.478 9.747
-175.534 136.532 9.723
-175.615 136.586 9.699
-175.696 136.640 9.675
-175.776 136.694 9.651
-175.857 136.748 9.627
-175.938 136.802 9.603
-176.018 136.856 9.580
-176.099 136.910 9.556
-176.180 136.964 9.532
-176.260 137.018 9.508
-176.341 137.072 9.484
-176.422 137.126 9.460
-176.502 137.180 9.436
-176.583 137.234 9.412
-176.664 137.288 9.388
-176.744 137.342 9.364
-176.825 137.396 9.340
-176.906 137.450 9.316
-176.986 137.504 9.292
-177.067 137.558 9.268
-177.148 137.612 9.244
-177.228 137.666 9.220
-177.309 137.720 9.196
-177.390 137.774 9.172
-177.471 137.828 9.148
-177.551 137.882 9.124
-177.632 137.936 9.100
-177.713 137.990 9.076
-177.793 138.044 9.052
-177.874 138.098 9.028
-177.955 138.152 9.004
-178.036 138.205 8.980
-178.116 138.259 8.956
-178.197 138.313 8.932
-178.278 138.367 8.908
-178.359 138.421 8.884
-178.439 138.475 8.860
-178.520 138.529 8.836
-178.601 138.583 8.812
-178.681 138.637 8.788
-178.762 138.691 8.764
-178.843 138.745 8.740
-178.924 138.799 8.716
-179.004 138.852 8.692
-179.085 138.906 8.668
-179.166 138.960 8.644
-179.247 139.014 8.620
-179.327 139.068 8.596
-179.408 139.122 8.572
-179.489 139.176 8.548
-179.570 139.230 8.524
-179.650 139.284 8.500
-179.731 139.338 8.476
-179.812 139.392 8.452
-179.892 139.445 8.428
-179.973 139.499 8.404
-180.054 139.553 8.380
-180.135 139.607 8.356
-180.215 139.661 8.332
-180.296 139.715 8.308
-180.377 139.769 8.284
-180.458 139.823 8.261
-180.538 139.877 8.237
-180.619 139.931 8.213
-180.700 139.985 8.189
-180.780 140.038 8.165
-180.861 140.092 8.141
-180.942 140.146 8.117
-181.023 140.200 8.093
-181.103 140.254 8.069
-181.184 140.308 8.045
-181.265 140.362 8.021
-181.345 140.416 7.997
-181.426 140.470 7.973
-181.507 140.524 7.949
-181.587 140.578 7.925
-181.668 140.632 7.901
-181.749 140.686 7.877
-181.829 140.740 7.853
-181.910 140.794 7.829
-181.991 140.849 7.805
-182.071 140.903 7.781
-182.152 140.957 7.757
-182.232 141.011 7.733
-182.313 141.065 7.709
-182.394 141.119 7.685
-182.474 141.173 7.661
-182.555 141.227 7.637
-182.636 141.281 7.613
-182.716 141.335 7.589
-182.797 141.389 7.565
-182.877 141.444 7.541
-182.958 141.498 7.517
-183.039 141.552 7.493
-183.119 141.606 7.469
-183.200 141.660 7.445
-183.280 141.714 7.421
-183.361 141.768 7.398
-183.442 141.822 7.374
-183.522 141.876 7.350
-183.603 141.930 7.326
-183.684 141.985 7.302
-183.764 142.039 7.278
-183.845 142.093 7.254
-183.925 142.147 7.230
-184.006 142.201 7.206
-184.087 142.255 7.182
-184.167 142.309 7.158
-184.248 142.363 7.134
-184.329 142.417 7.110
-184.409 142.471 7.086
-184.490 142.525 7.062
-184.570 142.580 7.038
-184.651 142.634 7.014
-184.732 142.688 6.990
-184.812 142.742 6.966
-184.893 142.796 6.942
-184.973 142.850 6.918
-185.054 142.904 6.894
-185.135 142.958 6.870
-185.215 143.012 6.846
-185.296 143.066 6.822
-185.377 143.120 6.798
-185.457 143.174 6.774
-185.538 143.228 6.750
-185.618 143.283 6.726
-185.699 143.337 6.702
-185.780 143.391 6.678
-185.860 143.445 6.654
-185.941 143.499 6.630
-186.022 143.553 6.606
-186.102 143.607 6.582
-186.183 143.661 6.558
-186.264 143.715 6.534
-186.344 143.769 6.510
-186.425 143.823 6.486
-186.506 143.877 6.462
-186.586 143.931 6.438
-186.667 143.985 6.414
-186.748 144.039 6.390
-186.828 144.093 6.366
-186.909 144.147 6.342
-186.990 144.201 6.318
-187.070 144.255 6.294
-187.151 144.309 6.271
-187.232 144.363 6.247
-187.312 144.417 6.223
-187.393 144.471 6.199
-187.474 144.525 6.175
-187.554 144.579 6.151
-187.635 144.633 6.127
-187.716 144.687 6.103
-187.796 144.741 6.079
-187.877 144.795 6.055
-187.958 144.849 6.031
-188.038 144.903 6.007
-188.119 144.957 5.983
-188.200 145.011 5.959
-188.280 145.065 5.935
-188.361 145.119 5.911
-188.442 145.173 5.887
-188.522 145.227 5.863
-188.603 145.281 5.839
-188.684 145.335 5.815
-188.764 145.389 5.791
-188.845 145.443 5.767
-188.926 145.497 5.743
-189.006 145.551 5.719
-189.087 145.605 5.695
-189.168 145.659 5.671
-189.248 145.713 5.647
-189.329 145.767 5.623
-189.410 145.821 5.599
-189.490 145.875 5.575
-189.571 145.929 5.551
-189.652 145.984 5.527
-189.732 146.038 5.503
-189.813 146.092 5.479
-189.893 146.146 5.455
-189.974 146.200 5.431
-190.055 146.254 5.407
-190.135 146.308 5.383
-190.216 146.362 5.359
-190.297 146.416 5.335
-190.377 146.470 5.311
-190.458 146.524 5.287
-190.539 146.578 5.263
-190.619 146.632 5.239
-190.700 146.686 5.216
-190.780 146.740 5.192
-190.861 146.795 5.168
-190.942 146.849 5.144
-191.022 146.903 5.120
-191.103 146.957 5.096
-191.184 147.011 5.072
-191.264 147.065 5.048
-191.345 147.119 5.024
-191.425 147.173 5.000
-191.506 147.227 4.976
-191.587 147.281 4.952
-191.667 147.335 4.928
-191.748 147.389 4.904
-191.829 147.444 4.880
-191.909 147.498 4.856
-191.990 147.552 4.832
-192.071 147.606 4.808
-192.151 147.660 4.784
-192.232 147.714 4.761
-192.312 147.768 4.737
-192.393 147.822 4.713
-192.474 147.876 4.689
-192.554 147.930 4.665
-192.635 147.984 4.641
-192.716 148.039 4.617
-192.796 148.093 4.593
-192.877 148.147 4.569
-192.957 148.201 4.545
-193.038 148.255 4.521
-193.119 148.309 4.497
-193.199 148.363 4.473
-193.280 148.417 4.448
-193.361 148.471 4.424
-193.441 148.525 4.400
-193.522 148.579 4.376
-193.602 148.633 4.352
-193.683 148.687 4.327
-193.764 148.741 4.303
-193.844 148.795 4.279
-193.925 148.849 4.255
-194.005 148.903 4.231
-194.086 148.957 4.206
-194.167 149.011 4.182
-194.247 149.065 4.158
-194.328 149.119 4.134
-194.409 149.173 4.109
-194.489 149.226 4.085
-194.570 149.280 4.061
-194.650 149.334 4.037
-194.731 149.388 4.013
-194.812 149.442 3.988
-194.892 149.496 3.964
-194.973 149.550 3.940
-195.054 149.604 3.916
-195.134 149.658 3.892
-195.215 149.712 3.868
-195.296 149.766 3.843
-195.376 149.820 3.819
-195.457 149.874 3.795
-195.538 149.928 3.771
-195.618 149.982 3.747
-195.699 150.036 3.722
-195.780 150.090 3.698
-195.860 150.143 3.674
-195.941 150.197 3.650
-196.022 150.251 3.626
-196.102 150.305 3.602
-196.183 150.359 3.577
-196.264 150.413 3.553
-196.344 150.467 3.529
-196.425 150.521 3.505
-196.506 150.575 3.481
-196.586 150.629 3.457
-196.667 150.683 3.432
-196.748 150.737 3.408
-196.828 150.791 3.384
-196.909 150.845 3.360
-196.990 150.899 3.336
-197.070 150.952 3.312
-197.151 151.006 3.287
-197.232 151.060 3.263
-197.312 151.114 3.239
-197.393 151.168 3.215
-197.474 151.222 3.191
-197.554 151.276 3.167
-197.635 151.330 3.142
-197.716 151.384 3.118
-197.796 151.438 3.094
-197.877 151.492 3.070
-197.958 151.546 3.046
-198.038 151.600 3.022
-198.119 151.654 2.997
-198.199 151.708 2.973
-198.280 151.762 2.949
-198.361 151.816 2.925
-198.441 151.870 2.901
-198.522 151.924 2.877
-198.603 151.978 2.852
-198.683 152.032 2.828
-198.764 152.086 2.804
-198.845 152.139 2.780
-198.925 152.193 2.756
-199.006 152.247 2.732
-199.087 152.301 2.708
-199.167 152.355 2.683
-199.248 152.409 2.659
-199.329 152.463 2.635
-199.409 152.517 2.611
-199.490 152.571 2.587
-199.570 152.625 2.563
-199.651 152.679 2.538
-199.732 152.733 2.514
-199.812 152.787 2.490
-199.893 152.841 2.466
-199.974 152.895 2.442
-200.054 152.949 2.418
-200.135 153.003 2.394
-200.216 153.057 2.369
-200.296 153.111 2.345
-200.377 153.165 2.321
-200.457 153.219 2.297
-200.538 153.273 2.273
-200.619 153.327 2.249
-200.699 153.381 2.224
-200.780 153.435 2.200
-200.861 153.489 2.176
-200.941 153.543 2.152
-201.022 153.597 2.128
-201.103 153.651 2.104
-201.183 153.705 2.079
-201.264 153.759 2.055
-201.345 153.813 2.031
-201.425 153.867 2.007
-201.506 153.920 1.983
-201.586 153.974 1.958
-201.667 154.028 1.934
-201.748 154.082 1.910
-201.829 154.135 1.885
-201.909 154.189 1.860
-201.990 154.243 1.836
-202.071 154.296 1.811
-202.152 154.350 1.786
-202.232 154.403 1.761
-202.313 154.457 1.736
-202.394 154.510 1.712
-202.475 154.564 1.687
-202.555 154.617 1.662
-202.636 154.671 1.637
-202.717 154.724 1.613
-202.798 154.778 1.588
-202.878 154.831 1.563
-202.959 154.885 1.538
-203.040 154.938 1.513
-203.121 154.992 1.489
-203.201 155.045 1.464
-203.282 155.099 1.439
-203.363 155.153 1.414
-203.444 155.206 1.390
-203.524 155.260 1.365
-203.605 155.313 1.340
-203.686 155.367 1.315
-203.767 155.420 1.291
-203.848 155.474 1.266
-203.928 155.527 1.241
-204.009 155.581 1.216
-204.090 155.634 1.192
-204.171 155.688 1.167
-204.251 155.741 1.142
-204.332 155.795 1.117
-204.413 155.848 1.093
-204.494 155.902 1.068
-204.575 155.955 1.043
-204.655 156.009 1.018
-204.736 156.062 0.994
-204.817 156.115 0.969
-204.898 156.169 0.944
-204.979 156.222 0.919
-205.059 156.276 0.895
-205.140 156.329 0.870
-205.221 156.383 0.845
-205.302 156.436 0.820
-205.382 156.490 0.796
-205.463 156.543 0.771
-205.544 156.597 0.746
-205.625 156.650 0.721
-205.706 156.704 0.697
-205.786 156.758 0.672
-205.867 156.811 0.647
-205.948 156.865 0.622
-206.029 156.918 0.598
-206.109 156.972 0.573
-206.190 157.025 0.548
-206.271 157.079 0.523
-206.352 157.132 0.499
-206.432 157.186 0.474
-206.513 157.239 0.449
-206.594 157.293 0.425
-206.675 157.346 0.400
-206.756 157.400 0.375
-206.836 157.453 0.350
-206.917 157.507 0.326
-206.998 157.560 0.301
-207.079 157.614 0.276
-207.159 157.667 0.251
-207.240 157.721 0.227
-207.321 157.774 0.202
-207.402 157.828 0.177
-207.482 157.881 0.152
-207.563 157.935 0.128
-207.644 157.988 0.103
-207.725 158.042 0.078
-207.806 158.095 0.053
-207.886 158.149 0.028
-207.967 158.202 0.004
-208.048 158.256 -0.021
-208.129 158.309 -0.046
-208.209 158.363 -0.071
-208.290 158.416 -0.095
-208.371 158.470 -0.120
-208.452 158.523 -0.145
-208.532 158.577 -0.170
-208.613 158.630 -0.194
-208.694 158.684 -0.219
-208.775 158.737 -0.244
-208.855 158.791 -0.269
-208.936 158.844 -0.294
-209.017 158.898 -0.318
-209.098 158.951 -0.343
-209.178 159.005 -0.368
-209.259 159.059 -0.393
-209.340 159.112 -0.418
-209.421 159.166 -0.442
-209.502 159.219 -0.467
-209.582 159.273 -0.492
-209.663 159.326 -0.517
-209.744 159.380 -0.542
-209.825 159.433 -0.566
-209.905 159.487 -0.591
-209.986 159.540 -0.616
-210.067 159.594 -0.641
-210.148 159.647 -0.666
-210.228 159.701 -0.690
-210.309 159.754 -0.715
-210.390 159.808 -0.740
-210.471 159.861 -0.765
-210.551 159.915 -0.790
-210.632 159.968 -0.814
-210.713 160.022 -0.839
-210.794 160.075 -0.864
-210.874 160.129 -0.889
-210.955 160.182 -0.914
-211.036 160.236 -0.938
-211.117 160.289 -0.963
-211.197 160.343 -0.988
-211.278 160.396 -1.013
-211.359 160.450 -1.038
-211.440 160.503 -1.063
-211.520 160.557 -1.087
-211.601 160.610 -1.112
-211.682 160.664 -1.137
-211.763 160.717 -1.162
-211.843 160.771 -1.187
-211.924 160.824 -1.211
-212.005 160.878 -1.236
-212.086 160.931 -1.261
-212.166 160.985 -1.286
-212.247 161.038 -1.311
-212.328 161.092 -1.335
-212.409 161.146 -1.360
-212.489 161.199 -1.385
-212.570 161.253 -1.410
-212.651 161.306 -1.435
-212.732 161.360 -1.460
-212.812 161.413 -1.484
-212.893 161.467 -1.509
-212.974 161.520 -1.534
-213.055 161.574 -1.559
-213.135 161.627 -1.584
-213.216 161.681 -1.608
-213.297 161.734 -1.633
-213.378 161.788 -1.658
-213.458 161.841 -1.683
-213.539 161.895 -1.708
-213.620 161.948 -1.732
-213.701 162.002 -1.757
-213.781 162.055 -1.782
-213.862 162.109 -1.807
-213.943 162.162 -1.832
-214.024 162.216 -1.856
-214.104 162.269 -1.881
-214.185 162.323 -1.906
-214.266 162.376 -1.931
-214.347 162.430 -1.956
-214.427 162.483 -1.981
-214.508 162.537 -2.005
-214.589 162.590 -2.030
-214.670 162.644 -2.055
-214.750 162.697 -2.080
-214.831 162.751 -2.105
-214.912 162.804 -2.129
-214.993 162.858 -2.154
-215.073 162.911 -2.179
-215.154 162.965 -2.204
-215.235 163.018 -2.229
-215.316 163.072 -2.253
-215.396 163.125 -2.278
-215.477 163.179 -2.303
-215.558 163.232 -2.328
-215.639 163.286 -2.353
-215.719 163.340 -2.378
-215.800 163.393 -2.402
-215.881 163.447 -2.427
-215.962 163.500 -2.452
-216.042 163.554 -2.477
-216.123 163.607 -2.502
-216.204 163.661 -2.526
-216.285 163.714 -2.551
-216.365 163.768 -2.576
-216.446 163.821 -2.601
-216.527 163.875 -2.626
-216.608 163.928 -2.650
-216.688 163.982 -2.675
-216.769 164.035 -2.700
-216.850 164.089 -2.725
-216.931 164.142 -2.750
-217.011 164.196 -2.775
-217.092 164.249 -2.799
-217.173 164.303 -2.824
-217.254 164.356 -2.849
-217.335 164.410 -2.874
-217.415 164.463 -2.899
-217.496 164.517 -2.923
-217.577 164.570 -2.948
-217.658 164.624 -2.973
-217.738 164.677 -2.998
