10.049 9.386 -2.900
10.058 9.387 -2.801
10.067 9.388 -2.701
10.076 9.389 -2.602
10.085 9.390 -2.502
10.094 9.391 -2.402
10.103 9.392 -2.303
10.112 9.393 -2.203
10.121 9.395 -2.104
10.130 9.396 -2.004
10.139 9.397 -1.905
10.148 9.398 -1.805
10.157 9.399 -1.705
10.166 9.400 -1.606
10.175 9.401 -1.506
10.184 9.402 -1.407
10.193 9.403 -1.307
10.202 9.404 -1.207
10.211 9.405 -1.108
10.220 9.406 -1.008
10.229 9.407 -0.909
10.238 9.408 -0.809
10.247 9.410 -0.709
10.256 9.411 -0.610
10.265 9.412 -0.510
10.274 9.413 -0.411
10.283 9.414 -0.311
10.292 9.415 -0.211
10.301 9.416 -0.112
10.310 9.417 -0.012
10.319 9.418 0.087
10.328 9.419 0.187
10.337 9.420 0.286
10.346 9.421 0.386
10.355 9.422 0.486
10.364 9.424 0.585
10.373 9.425 0.685
10.382 9.426 0.784
10.391 9.427 0.884
10.400 9.428 0.984
10.409 9.429 1.083
10.418 9.430 1.183
10.427 9.431 1.282
10.436 9.432 1.382
10.445 9.433 1.481
10.454 9.434 1.581
10.463 9.435 1.681
10.472 9.436 1.780
10.481 9.438 1.880
10.490 9.439 1.979
10.499 9.440 2.079
10.509 9.441 2.179
10.518 9.442 2.278
10.527 9.443 2.378
10.536 9.444 2.477
10.545 9.445 2.577
10.554 9.446 2.677
10.563 9.447 2.776
10.572 9.448 2.876
10.581 9.449 2.975
10.590 9.450 3.075
10.599 9.451 3.174
10.608 9.453 3.274
10.617 9.454 3.374
10.626 9.455 3.473
10.635 9.456 3.573
10.644 9.457 3.672
10.653 9.458 3.772
10.662 9.459 3.872
10.671 9.460 3.971
10.680 9.461 4.071
10.689 9.462 4.170
10.698 9.463 4.270
10.707 9.464 4.369
10.716 9.465 4.469
10.725 9.466 4.569
10.734 9.467 4.668
10.743 9.469 4.768
10.752 9.470 4.867
10.761 9.471 4.967
10.770 9.472 5.067
10.779 9.473 5.166
10.788 9.474 5.266
10.797 9.475 5.365
10.806 9.476 5.465
10.815 9.477 5.564
10.824 9.478 5.664
10.833 9.479 5.764
10.842 9.480 5.863
10.851 9.481 5.963
10.860 9.482 6.062
10.869 9.483 6.162
10.878 9.485 6.262
10.887 9.486 6.361
10.896 9.487 6.461
10.905 9.488 6.560
10.914 9.489 6.660
10.923 9.490 6.759
10.932 9.491 6.859
10.942 9.492 6.959
10.951 9.493 7.058
10.960 9.494 7.158
10.969 9.495 7.257
10.978 9.496 7.357
10.987 9.497 7.457
10.996 9.498 7.556
11.005 9.499 7.656
11.014 9.500 7.755
11.023 9.502 7.855
11.032 9.503 7.955
11.041 9.504 8.054
11.050 9.505 8.154
11.059 9.506 8.253
11.068 9.507 8.353
11.077 9.508 8.452
11.086 9.509 8.552
11.095 9.510 8.652
11.104 9.511 8.751
11.113 9.512 8.851
11.122 9.513 8.950
11.131 9.514 9.050
11.140 9.515 9.150
11.149 9.516 9.249
11.158 9.517 9.349
11.167 9.518 9.448
11.176 9.520 9.548
11.185 9.521 9.647
11.194 9.522 9.747
11.203 9.523 9.847
11.212 9.524 9.946
11.221 9.525 10.046
11.230 9.526 10.145
11.239 9.527 10.245
11.248 9.528 10.345
11.257 9.529 10.444
11.266 9.530 10.544
11.275 9.531 10.643
11.284 9.532 10.743
11.293 9.533 10.843
11.302 9.534 10.942
11.311 9.535 11.042
11.320 9.536 11.141
11.329 9.538 11.241
11.338 9.539 11.340
11.347 9.540 11.440
11.356 9.541 11.540
11.365 9.542 11.639
11.374 9.543 11.739
11.383 9.544 11.838
11.392 9.545 11.938
11.401 9.546 12.038
11.410 9.547 12.137
11.419 9.548 12.237
11.428 9.549 12.336
11.437 9.550 12.436
11.446 9.551 12.536
11.455 9.552 12.635
11.464 9.553 12.735
11.473 9.554 12.834
11.482 9.556 12.934
11.491 9.557 13.033
11.500 9.558 13.133
11.508 9.559 13.233
11.517 9.560 13.332
11.526 9.561 13.432
11.535 9.562 13.531
11.544 9.563 13.631
11.553 9.564 13.731
11.562 9.565 13.830
11.571 9.566 13.930
11.580 9.567 14.029
11.589 9.568 14.129
11.598 9.570 14.229
11.607 9.571 14.328
11.616 9.572 14.428
11.625 9.573 14.527
11.633 9.574 14.627
11.642 9.575 14.727
11.651 9.576 14.826
11.660 9.577 14.926
11.669 9.578 15.025
11.678 9.579 15.125
11.687 9.580 15.225
11.695 9.582 15.324
11.704 9.583 15.424
11.713 9.584 15.523
11.722 9.585 15.623
11.730 9.586 15.723
11.739 9.588 15.822
11.748 9.589 15.922
11.757 9.590 16.021
11.765 9.591 16.121
11.774 9.593 16.221
11.783 9.594 16.320
11.791 9.595 16.420
11.800 9.596 16.520
11.809 9.598 16.619
11.817 9.599 16.719
11.826 9.600 16.818
11.835 9.601 16.918
11.844 9.602 17.018
11.852 9.604 17.117
11.861 9.605 17.217
11.870 9.606 17.316
11.878 9.607 17.416
11.887 9.609 17.516
11.896 9.610 17.615
11.904 9.611 17.715
11.913 9.612 17.814
11.922 9.614 17.914
11.930 9.615 18.014
11.939 9.617 18.113
11.947 9.618 18.213
11.956 9.620 18.313
11.964 9.622 18.412
11.973 9.624 18.512
11.981 9.625 18.611
11.990 9.627 18.711
11.998 9.629 18.811
12.007 9.631 18.910
12.015 9.633 19.010
12.024 9.634 19.110
12.032 9.636 19.209
12.040 9.638 19.309
12.049 9.640 19.408
12.057 9.642 19.508
12.066 9.643 19.608
12.074 9.645 19.707
12.083 9.647 19.807
12.091 9.649 19.907
12.100 9.651 20.006
12.108 9.652 20.106
12.116 9.654 20.205
12.125 9.656 20.305
12.133 9.658 20.405
12.142 9.660 20.504
12.150 9.662 20.604
12.159 9.663 20.704
12.167 9.665 20.803
12.176 9.667 20.903
12.184 9.669 21.002
12.192 9.671 21.102
12.201 9.674 21.202
12.209 9.676 21.301
12.218 9.678 21.401
12.226 9.680 21.501
12.234 9.682 21.600
12.243 9.684 21.700
12.251 9.686 21.799
12.260 9.688 21.899
12.268 9.691 21.999
12.276 9.693 22.098
12.285 9.695 22.198
12.293 9.697 22.298
12.301 9.699 22.397
12.310 9.701 22.497
12.318 9.703 22.596
12.327 9.706 22.696
12.335 9.708 22.796
12.343 9.710 22.895
12.352 9.712 22.995
12.360 9.714 23.094
12.369 9.716 23.194
12.377 9.718 23.294
12.385 9.721 23.393
12.394 9.723 23.493
12.402 9.725 23.593
12.411 9.727 23.692
12.419 9.729 23.792
12.427 9.732 23.891
12.436 9.734 23.991
12.444 9.736 24.091
12.453 9.739 24.190
12.461 9.741 24.290
12.470 9.743 24.390
12.478 9.746 24.489
12.486 9.748 24.589
12.495 9.750 24.688
12.503 9.753 24.788
12.512 9.755 24.888
12.520 9.757 24.987
12.528 9.760 25.087
12.537 9.762 25.186
12.545 9.764 25.286
12.554 9.767 25.386
12.562 9.769 25.485
12.571 9.771 25.585
12.579 9.774 25.685
12.587 9.776 25.784
12.596 9.778 25.884
12.604 9.781 25.983
12.613 9.783 26.083
12.621 9.785 26.183
12.630 9.788 26.282
12.638 9.790 26.382
12.646 9.793 26.481
12.655 9.795 26.581
12.663 9.797 26.681
12.672 9.800 26.780
12.680 9.802 26.880
12.689 9.805 26.980
12.698 9.807 27.079
12.706 9.809 27.179
12.715 9.812 27.278
12.723 9.814 27.378
12.732 9.817 27.478
12.740 9.819 27.577
12.749 9.822 27.677
12.757 9.824 27.776
12.766 9.827 27.876
12.775 9.829 27.976
12.783 9.831 28.075
12.792 9.834 28.175
12.800 9.836 28.274
12.809 9.839 28.374
12.817 9.841 28.474
12.826 9.844 28.573
12.834 9.846 28.673
12.843 9.848 28.772
12.851 9.851 28.872
12.860 9.853 28.972
12.869 9.856 29.071
12.877 9.858 29.171
12.886 9.861 29.270
12.894 9.863 29.370
12.903 9.865 29.470
12.911 9.868 29.569
12.920 9.870 29.669
12.929 9.873 29.768
12.937 9.875 29.868
12.946 9.878 29.968
12.954 9.880 30.067
12.963 9.883 30.167
12.972 9.885 30.266
12.980 9.888 30.366
12.989 9.890 30.466
12.997 9.892 30.565
13.006 9.895 30.665
13.015 9.897 30.764
13.023 9.900 30.864
13.032 9.902 30.964
13.040 9.905 31.063
13.049 9.907 31.163
13.058 9.910 31.262
13.066 9.912 31.362
13.075 9.915 31.462
13.083 9.917 31.561
13.092 9.919 31.661
13.100 9.922 31.760
13.109 9.924 31.860
13.118 9.927 31.960
13.126 9.929 32.059
13.135 9.932 32.159
13.143 9.934 32.258
13.152 9.937 32.358
13.161 9.939 32.458
13.169 9.941 32.557
13.178 9.944 32.657
13.186 9.946 32.756
13.195 9.949 32.856
13.204 9.951 32.956
13.212 9.954 33.055
13.221 9.956 33.155
13.229 9.959 33.254
13.238 9.961 33.354
13.246 9.963 33.454
13.255 9.966 33.553
13.264 9.968 33.653
13.272 9.971 33.752
13.281 9.973 33.852
13.289 9.976 33.952
13.298 9.978 34.051
13.307 9.980 34.151
13.315 9.983 34.250
13.324 9.985 34.350
13.332 9.988 34.450
13.341 9.990 34.549
13.349 9.992 34.649
13.358 9.995 34.748
13.367 9.997 34.848
13.375 10.000 34.948
13.384 10.002 35.047
13.392 10.004 35.147
13.401 10.007 35.246
13.409 10.009 35.346
13.418 10.012 35.446
13.427 10.014 35.545
13.435 10.016 35.645
13.444 10.019 35.744
13.452 10.021 35.844
13.461 10.024 35.944
13.469 10.026 36.043
13.478 10.028 36.143
13.487 10.031 36.242
13.495 10.033 36.342
13.504 10.035 36.442
13.512 10.038 36.541
13.521 10.040 36.641
13.530 10.043 36.740
13.538 10.045 36.840
13.547 10.047 36.940
13.555 10.050 37.039
13.564 10.052 37.139
13.572 10.054 37.238
13.581 10.056 37.338
13.589 10.059 37.438
13.598 10.061 37.537
13.607 10.063 37.637
13.615 10.066 37.736
13.624 10.068 37.836
13.632 10.070 37.936
13.641 10.073 38.035
13.649 10.075 38.135
13.658 10.077 38.234
13.667 10.080 38.334
13.675 10.082 38.434
13.684 10.084 38.533
13.692 10.086 38.633
13.701 10.089 38.732
13.709 10.091 38.832
13.718 10.093 38.932
13.727 10.096 39.031
13.735 10.098 39.131
13.744 10.100 39.230
13.752 10.103 39.330
13.761 10.105 39.430
13.769 10.107 39.529
13.778 10.109 39.629
13.787 10.112 39.728
13.795 10.114 39.828
13.804 10.116 39.928
13.812 10.118 40.027
13.821 10.121 40.127
13.829 10.123 40.227
13.838 10.125 40.326
13.847 10.127 40.426
13.855 10.129 40.525
13.864 10.132 40.625
13.872 10.134 40.725
13.881 10.136 40.824
13.890 10.138 40.924
13.898 10.141 41.023
13.907 10.143 41.123
13.915 10.145 41.223
13.924 10.147 41.322
13.932 10.149 41.422
13.941 10.152 41.521
13.950 10.154 41.621
13.958 10.156 41.721
13.967 10.158 41.820
13.975 10.160 41.920
13.984 10.163 42.019
13.993 10.165 42.119
14.001 10.167 42.219
14.010 10.169 42.318
14.018 10.171 42.418
14.027 10.174 42.517
14.036 10.176 42.617
14.044 10.178 42.717
14.053 10.180 42.816
14.061 10.182 42.916
14.070 10.184 43.015
14.079 10.187 43.115
14.087 10.189 43.215
14.096 10.191 43.314
14.104 10.193 43.414
14.113 10.195 43.513
14.122 10.197 43.613
14.130 10.200 43.713
14.139 10.202 43.812
14.148 10.204 43.912
14.156 10.206 44.011
14.165 10.208 44.111
14.173 10.210 44.211
14.182 10.212 44.310
14.191 10.215 44.410
14.199 10.217 44.510
14.208 10.219 44.609
14.216 10.221 44.709
14.225 10.223 44.808
14.234 10.225 44.908
14.242 10.228 45.008
14.251 10.230 45.107
14.260 10.232 45.207
14.268 10.234 45.306
14.277 10.236 45.406
14.286 10.238 45.506
14.294 10.240 45.605
14.303 10.243 45.705
14.311 10.245 45.804
14.320 10.247 45.904
14.329 10.249 46.004
14.337 10.251 46.103
14.346 10.253 46.203
14.355 10.255 46.302
14.363 10.257 46.402
14.372 10.260 46.502
14.381 10.262 46.601
14.389 10.264 46.701
14.398 10.266 46.800
14.407 10.268 46.900
14.415 10.270 47.000
14.424 10.272 47.099
14.433 10.275 47.199
14.441 10.277 47.298
14.450 10.279 47.398
14.459 10.281 47.498
14.467 10.283 47.597
14.476 10.285 47.697
14.485 10.287 47.796
14.493 10.289 47.896
14.502 10.292 47.996
14.511 10.294 48.095
14.519 10.296 48.195
14.528 10.298 48.294
14.537 10.300 48.394
14.545 10.302 48.494
14.554 10.304 48.593
14.563 10.307 48.693
14.571 10.309 48.792
14.580 10.311 48.892
14.589 10.313 48.992
14.597 10.315 49.091
14.606 10.317 49.191
14.615 10.319 49.290
14.623 10.321 49.390
14.632 10.324 49.490
14.641 10.326 49.589
14.649 10.328 49.689
14.658 10.330 49.788
14.667 10.332 49.888
14.675 10.334 49.988
14.684 10.337 50.087
14.693 10.339 50.187
14.701 10.341 50.286
14.710 10.343 50.386
14.719 10.345 50.486
14.727 10.347 50.585
14.736 10.349 50.685
14.745 10.352 50.784
14.753 10.354 50.884
14.762 10.356 50.984
14.771 10.358 51.083
14.779 10.360 51.183
14.788 10.362 51.282
14.797 10.364 51.382
14.805 10.367 51.482
14.814 10.369 51.581
14.823 10.371 51.681
14.831 10.373 51.780
14.840 10.375 51.880
14.849 10.377 51.980
14.857 10.380 52.079
14.866 10.382 52.179
14.875 10.384 52.278
14.883 10.386 52.378
14.892 10.388 52.477
14.901 10.390 52.577
14.909 10.392 52.677
14.918 10.395 52.776
14.927 10.397 52.876
14.936 10.399 52.975
14.944 10.401 53.075
14.953 10.403 53.175
14.962 10.406 53.274
14.970 10.408 53.374
14.979 10.410 53.473
14.988 10.412 53.573
14.996 10.414 53.673
15.005 10.416 53.772
15.014 10.419 53.872
15.022 10.421 53.971
15.031 10.423 54.071
15.040 10.425 54.171
15.048 10.427 54.270
15.057 10.429 54.370
15.066 10.432 54.469
15.074 10.434 54.569
15.083 10.436 54.669
15.092 10.438 54.768
15.100 10.440 54.868
15.109 10.442 54.967
15.118 10.445 55.067
15.126 10.447 55.167
15.135 10.449 55.266
15.144 10.451 55.366
15.153 10.453 55.465
15.161 10.455 55.565
15.170 10.458 55.665
15.179 10.460 55.764
15.187 10.462 55.864
15.196 10.464 55.963
15.205 10.466 56.063
15.213 10.469 56.163
15.222 10.471 56.262
15.231 10.473 56.362
15.239 10.475 56.461
15.248 10.477 56.561
15.257 10.480 56.661
15.265 10.482 56.760
15.274 10.484 56.860
15.283 10.486 56.959
15.291 10.488 57.059
15.300 10.490 57.159
15.309 10.493 57.258
15.317 10.495 57.358
15.326 10.497 57.457
15.335 10.499 57.557
15.343 10.501 57.657
15.352 10.504 57.756
15.361 10.506 57.856
15.369 10.508 57.955
15.378 10.510 58.055
15.387 10.512 58.155
15.395 10.514 58.254
15.404 10.517 58.354
15.413 10.519 58.453
15.421 10.521 58.553
15.430 10.523 58.653
15.439 10.525 58.752
15.448 10.528 58.852
15.456 10.530 58.951
15.465 10.532 59.051
15.474 10.534 59.151
15.482 10.536 59.250
15.491 10.539 59.350
15.500 10.541 59.449
15.508 10.543 59.549
15.517 10.545 59.649
15.526 10.547 59.748
15.534 10.550 59.848
15.543 10.552 59.947
15.552 10.554 60.047
15.560 10.556 60.147
15.569 10.558 60.246
15.578 10.560 60.346
15.586 10.563 60.445
15.595 10.565 60.545
15.603 10.567 60.645
15.612 10.569 60.744
15.621 10.571 60.844
15.629 10.574 60.943
15.638 10.576 61.043
15.647 10.578 61.143
15.655 10.580 61.242
15.664 10.582 61.342
15.673 10.585 61.441
15.681 10.587 61.541
15.690 10.589 61.641
15.699 10.591 61.740
15.707 10.593 61.840
15.716 10.596 61.939
15.725 10.598 62.039
15.733 10.600 62.139
15.742 10.602 62.238
15.750 10.604 62.338
15.759 10.606 62.437
15.768 10.609 62.537
15.776 10.611 62.637
15.785 10.613 62.736
15.793 10.615 62.836
15.802 10.617 62.935
15.811 10.620 63.035
15.819 10.622 63.135
15.828 10.624 63.234
15.836 10.626 63.334
15.845 10.628 63.433
15.854 10.630 63.533
15.862 10.633 63.633
15.871 10.635 63.732
15.879 10.637 63.832
15.888 10.639 63.931
15.896 10.641 64.031
15.905 10.643 64.131
15.914 10.646 64.230
15.922 10.648 64.330
15.931 10.650 64.429
15.939 10.652 64.529
15.948 10.654 64.629
15.956 10.656 64.728
15.965 10.659 64.828
15.974 10.661 64.927
15.982 10.663 65.027
15.991 10.665 65.127
15.999 10.667 65.226
16.008 10.670 65.326
16.016 10.672 65.426
16.024 10.674 65.525
16.033 10.676 65.625
16.041 10.678 65.724
16.049 10.680 65.824
16.058 10.683 65.924
16.066 10.685 66.023
16.074 10.687 66.123
16.083 10.689 66.223
16.091 10.691 66.322
16.099 10.693 66.422
16.107 10.696 66.521
16.116 10.698 66.621
16.124 10.700 66.721
16.132 10.702 66.820
16.141 10.704 66.920
16.149 10.706 67.020
16.157 10.709 67.119
16.165 10.711 67.219
16.174 10.713 67.319
16.182 10.715 67.418
16.190 10.717 67.518
16.199 10.719 67.617
16.207 10.722 67.717
16.215 10.724 67.817
16.223 10.726 67.916
16.232 10.728 68.016
16.240 10.730 68.115
16.247 10.733 68.215
16.255 10.735 68.315
16.262 10.738 68.415
16.269 10.740 68.514
16.275 10.743 68.614
16.282 10.745 68.714
16.289 10.748 68.814
16.296 10.751 68.913
16.303 10.753 69.013
16.309 10.756 69.113
16.316 10.758 69.213
16.323 10.761 69.312
16.330 10.764 69.412
16.336 10.766 69.512
16.343 10.769 69.612
16.350 10.771 69.711
16.357 10.774 69.811
16.363 10.777 69.911
16.370 10.779 70.010
16.377 10.782 70.110
16.384 10.784 70.210
16.390 10.787 70.310
16.397 10.790 70.409
16.404 10.792 70.509
16.411 10.795 70.609
16.417 10.797 70.709
16.424 10.800 70.808
16.431 10.803 70.908
16.438 10.805 71.007
16.438 10.805 71.008
16.438 10.805 71.008
16.438 10.805 71.009
16.438 10.805 71.010
16.438 10.805 71.010
16.438 10.805 71.011
16.438 10.805 71.012
16.438 10.805 71.012
16.438 10.805 71.013
16.438 10.805 71.013
16.438 10.805 71.014
16.438 10.805 71.014
16.438 10.805 71.015
16.438 10.805 71.015
16.438 10.805 71.015
16.438 10.805 71.016
16.438 10.805 71.016
16.438 10.805 71.017
16.438 10.805 71.017
16.438 10.805 71.017
16.438 10.805 71.018
16.438 10.805 71.018
16.438 10.805 71.018
16.438 10.805 71.019
16.438 10.805 71.019
16.438 10.806 71.019
16.438 10.806 71.020
16.438 10.806 71.020
16.438 10.806 71.020
16.438 10.806 71.020
16.438 10.806 71.021
16.439 10.806 71.021
16.439 10.806 71.021
16.439 10.806 71.021
16.439 10.806 71.022
16.439 10.806 71.022
16.439 10.806 71.022
16.439 10.806 71.022
16.439 10.806 71.022
16.439 10.806 71.023
16.439 10.806 71.023
16.439 10.806 71.023
16.439 10.806 71.023
16.439 10.806 71.023
16.439 10.806 71.023
16.439 10.806 71.024
16.439 10.806 71.024
16.439 10.806 71.024
16.439 10.806 71.024
16.439 10.806 71.024
16.439 10.806 71.024
16.439 10.806 71.025
16.439 10.806 71.025
16.439 10.806 71.025
16.439 10.806 71.025
16.439 10.806 71.025
16.439 10.806 71.025
16.439 10.806 71.025
16.439 10.806 71.025
16.439 10.806 71.026
16.439 10.806 71.026
16.439 10.806 71.026
16.439 10.806 71.026
16.439 10.806 71.026
16.439 10.806 71.026
16.439 10.806 71.026
16.439 10.806 71.026
16.439 10.806 71.027
16.439 10.806 71.027
16.439 10.806 71.027
16.439 10.806 71.027
16.439 10.806 71.027
16.439 10.806 71.027
16.439 10.806 71.027
16.439 10.806 71.027
16.439 10.806 71.027
16.439 10.806 71.027
16.439 10.806 71.028
16.439 10.806 71.028
16.439 10.806 71.028
16.439 10.806 71.028
16.439 10.806 71.028
16.439 10.806 71.028
16.439 10.806 71.028
16.439 10.806 71.028
16.439 10.806 71.028
16.439 10.806 71.028
16.439 10.806 71.028
16.439 10.806 71.028
16.439 10.806 71.028
16.439 10.806 71.029
16.439 10.806 71.029
16.439 10.806 71.029
16.439 10.806 71.029
16.439 10.806 71.029
16.439 10.806 71.029
16.439 10.806 71.029
16.439 10.806 71.029
16.439 10.806 71.029
16.439 10.806 71.029
16.439 10.806 71.029
16.439 10.806 71.029
16.439 10.806 71.029
16.439 10.806 71.029
16.439 10.806 71.029
16.439 10.806 71.030
16.439 10.806 71.030
16.439 10.806 71.030
16.439 10.806 71.030
16.439 10.806 71.030
16.439 10.806 71.030
16.439 10.806 71.030
16.439 10.806 71.030
16.439 10.806 71.030
16.439 10.806 71.030
16.439 10.806 71.030
16.439 10.806 71.030
16.439 10.806 71.030
16.439 10.806 71.030
16.439 10.806 71.030
16.439 10.806 71.030
16.439 10.806 71.030
16.439 10.806 71.030
16.439 10.806 71.030
16.439 10.806 71.031
16.439 10.806 71.031
16.439 10.806 71.031
16.439 10.806 71.031
16.439 10.806 71.031
16.439 10.806 71.031
16.439 10.806 71.031
16.439 10.806 71.031
16.439 10.806 71.031
16.439 10.806 71.031
16.439 10.806 71.031
16.439 10.806 71.031
16.439 10.806 71.031
16.439 10.806 71.031
16.439 10.806 71.031
16.439 10.806 71.031
16.439 10.806 71.031
16.439 10.806 71.031
16.439 10.806 71.031
16.439 10.806 71.031
16.439 10.806 71.031
16.439 10.806 71.031
16.439 10.806 71.031
16.439 10.806 71.031
16.439 10.806 71.031
16.439 10.806 71.032
16.439 10.806 71.032
16.439 10.806 71.032
16.439 10.806 71.032
16.439 10.806 71.032
16.439 10.806 71.032
16.439 10.806 71.032
16.439 10.806 71.032
16.439 10.806 71.032
16.439 10.806 71.032
16.439 10.806 71.032
16.439 10.806 71.032
16.439 10.806 71.032
16.439 10.806 71.032
16.439 10.806 71.032
16.439 10.806 71.032
16.439 10.806 71.032
16.439 10.806 71.032
16.439 10.806 71.032
16.439 10.806 71.032
16.439 10.806 71.032
16.439 10.806 71.032
16.439 10.806 71.032
16.438 10.806 71.032
16.438 10.806 71.032
16.438 10.806 71.032
16.438 10.807 71.032
16.438 10.807 71.032
16.438 10.807 71.032
16.438 10.807 71.032
16.438 10.807 71.032
16.438 10.807 71.032
16.438 10.807 71.032
16.438 10.807 71.032
16.438 10.807 71.032
16.438 10.807 71.032
16.438 10.807 71.032
16.438 10.807 71.032
16.438 10.807 71.032
16.438 10.807 71.032
16.438 10.807 71.032
16.438 10.807 71.032
16.438 10.807 71.032
16.438 10.807 71.032
16.438 10.807 71.032
16.438 10.807 71.032
16.438 10.807 71.032
16.438 10.807 71.032
16.438 10.807 71.032
16.438 10.807 71.032
16.438 10.807 71.032
16.438 10.807 71.032
16.438 10.807 71.032
16.438 10.807 71.032
16.438 10.807 71.032
16.438 10.807 71.032
16.438 10.807 71.032
16.438 10.807 71.032
16.438 10.807 71.032
16.438 10.807 71.032
16.438 10.807 71.032
16.438 10.807 71.032
16.437 10.807 71.032
16.437 10.807 71.032
16.437 10.807 71.032
16.437 10.807 71.032
16.437 10.807 71.032
16.437 10.807 71.032
16.437 10.807 71.032
16.437 10.807 71.032
16.437 10.807 71.032
16.437 10.807 71.032
16.437 10.807 71.032
16.437 10.807 71.032
16.437 10.808 71.032
16.437 10.808 71.032
16.437 10.808 71.032
16.437 10.808 71.032
16.437 10.808 71.032
16.437 10.808 71.032
16.437 10.808 71.032
16.437 10.808 71.032
16.437 10.808 71.032
16.437 10.808 71.032
16.437 10.808 71.032
16.437 10.808 71.032
16.437 10.808 71.032
16.437 10.808 71.032
16.437 10.808 71.032
16.437 10.808 71.032
16.437 10.808 71.032
16.437 10.808 71.032
16.436 10.808 71.031
16.436 10.808 71.031
16.436 10.808 71.031
16.436 10.808 71.031
16.436 10.808 71.031
16.436 10.808 71.031
16.436 10.808 71.031
16.436 10.808 71.031
16.436 10.808 71.031
16.436 10.808 71.031
16.436 10.808 71.031
16.436 10.808 71.031
16.436 10.808 71.031
16.436 10.808 71.031
16.436 10.808 71.031
16.436 10.808 71.031
16.436 10.808 71.031
16.436 10.809 71.031
16.436 10.809 71.031
16.436 10.809 71.031
16.436 10.809 71.031
16.436 10.809 71.031
16.436 10.809 71.031
16.435 10.809 71.031
16.435 10.809 71.031
16.435 10.809 71.031
16.435 10.809 71.030
16.435 10.809 71.030
16.435 10.809 71.030
16.435 10.809 71.030
16.435 10.809 71.030
16.435 10.809 71.030
16.435 10.809 71.030
16.435 10.809 71.030
16.435 10.809 71.030
16.435 10.809 71.030
16.435 10.809 71.030
16.435 10.809 71.030
16.434 10.809 71.030
16.434 10.810 71.030
16.434 10.810 71.030
16.434 10.810 71.029
16.434 10.810 71.029
16.434 10.810 71.029
16.434 10.810 71.029
16.433 10.810 71.029
16.433 10.810 71.029
16.433 10.811 71.028
16.433 10.811 71.028
16.432 10.811 71.028
16.432 10.811 71.027
16.432 10.812 71.027
16.431 10.812 71.027
16.431 10.812 71.026
16.430 10.813 71.026
16.429 10.813 71.025
16.429 10.813 71.024
16.428 10.814 71.024
16.427 10.815 71.023
16.426 10.815 71.022
16.425 10.816 71.021
16.424 10.817 71.020
16.423 10.818 71.019
16.421 10.819 71.017
16.420 10.820 71.016
16.418 10.821 71.014
16.416 10.822 71.012
16.414 10.824 71.010
16.412 10.826 71.008
16.409 10.827 71.005
16.406 10.829 71.003
16.403 10.832 71.000
16.400 10.834 70.996
16.396 10.837 70.992
16.392 10.840 70.988
16.387 10.843 70.984
16.382 10.847 70.979
16.376 10.851 70.973
16.370 10.855 70.967
16.363 10.860 70.960
16.355 10.866 70.953
16.347 10.872 70.945
16.337 10.878 70.936
16.327 10.886 70.926
16.316 10.893 70.915
16.303 10.902 70.903
16.290 10.912 70.889
16.275 10.923 70.875
16.258 10.934 70.859
16.240 10.947 70.841
16.220 10.961 70.822
16.198 10.977 70.800
16.174 10.994 70.777
16.147 11.013 70.751
16.117 11.034 70.722
16.085 11.057 70.691
16.050 11.082 70.656
16.010 11.110 70.618
15.967 11.140 70.576
15.920 11.173 70.530
15.868 11.210 70.480
15.811 11.251 70.424
15.748 11.295 70.363
15.684 11.341 70.301
15.620 11.386 70.239
15.556 11.431 70.176
15.492 11.476 70.114
15.428 11.522 70.052
15.364 11.567 69.990
15.300 11.612 69.928
15.236 11.658 69.866
15.172 11.703 69.804
15.108 11.748 69.742
15.044 11.793 69.679
14.980 11.838 69.617
14.916 11.884 69.555
14.852 11.929 69.493
14.788 11.974 69.431
14.724 12.019 69.369
14.660 12.063 69.306
14.596 12.108 69.244
14.532 12.153 69.182
14.467 12.198 69.119
14.403 12.242 69.057
14.339 12.287 68.995
14.275 12.332 68.933
14.210 12.376 68.870
14.146 12.421 68.808
14.082 12.466 68.746
14.018 12.511 68.684
13.953 12.555 68.621
13.889 12.600 68.559
13.825 12.645 68.497
13.761 12.689 68.435
13.697 12.734 68.372
13.632 12.779 68.310
13.568 12.823 68.248
13.504 12.868 68.186
13.440 12.913 68.123
13.375 12.957 68.061
13.311 13.002 67.999
13.247 13.047 67.937
13.183 13.091 67.874
13.118 13.136 67.812
13.054 13.181 67.750
12.990 13.225 67.687
12.925 13.270 67.625
12.861 13.315 67.563
12.797 13.359 67.501
12.733 13.404 67.438
12.668 13.448 67.376
12.604 13.493 67.314
12.540 13.538 67.252
12.476 13.582 67.189
12.411 13.627 67.127
12.347 13.672 67.065
12.283 13.716 67.002
12.219 13.761 66.940
12.154 13.805 66.878
12.090 13.850 66.816
12.026 13.895 66.753
11.962 13.939 66.691
11.897 13.984 66.629
11.833 14.029 66.567
11.769 14.073 66.504
11.704 14.118 66.442
11.640 14.162 66.380
11.576 14.207 66.317
11.512 14.252 66.255
11.447 14.296 66.193
11.383 14.341 66.131
11.319 14.386 66.068
11.255 14.430 66.006
11.190 14.475 65.944
11.126 14.519 65.881
11.062 14.564 65.819
10.997 14.609 65.757
10.933 14.653 65.695
10.869 14.698 65.632
10.805 14.742 65.570
10.740 14.787 65.508
10.676 14.832 65.446
10.612 14.876 65.383
10.548 14.921 65.321
10.483 14.966 65.259
10.419 15.010 65.196
10.355 15.055 65.134
10.291 15.099 65.072
10.226 15.144 65.010
10.162 15.189 64.947
10.098 15.233 64.885
10.033 15.278 64.823
9.969 15.323 64.761
9.905 15.367 64.698
9.841 15.412 64.636
9.776 15.456 64.574
9.712 15.501 64.511
9.648 15.546 64.449
9.584 15.590 64.387
9.519 15.635 64.325
9.455 15.680 64.262
9.391 15.724 64.200
9.327 15.769 64.138
9.262 15.814 64.076
9.198 15.858 64.013
9.134 15.903 63.951
9.069 15.948 63.889
9.005 15.992 63.827
8.941 16.037 63.765
8.877 16.082 63.702
8.812 16.127 63.640
8.748 16.171 63.578
8.684 16.216 63.516
8.620 16.261 63.453
8.555 16.305 63.391
8.491 16.350 63.329
8.427 16.395 63.267
8.363 16.440 63.205
8.298 16.484 63.142
8.234 16.529 63.080
8.170 16.574 63.018
8.106 16.618 62.956
8.041 16.663 62.893
7.977 16.708 62.831
7.913 16.753 62.769
7.849 16.797 62.707
7.784 16.842 62.645
7.720 16.887 62.583
7.656 16.932 62.521
7.591 16.978 62.459
7.527 17.023 62.397
7.463 17.068 62.336
7.398 17.113 62.274
7.334 17.158 62.212
7.270 17.203 62.150
7.205 17.249 62.088
7.141 17.294 62.027
7.077 17.339 61.965
7.012 17.384 61.903
6.948 17.429 61.841
6.883 17.474 61.779
6.819 17.520 61.718
6.755 17.565 61.656
6.690 17.610 61.594
6.626 17.655 61.532
6.562 17.700 61.471
6.497 17.746 61.409
6.433 17.791 61.347
6.369 17.836 61.285
6.304 17.881 61.224
6.239 17.926 61.163
6.174 17.971 61.102
6.109 18.016 61.041
6.043 18.062 60.980
5.978 18.107 60.919
5.912 18.152 60.859
5.847 18.197 60.798
5.781 18.242 60.738
5.716 18.287 60.677
5.650 18.333 60.616
5.585 18.378 60.556
5.519 18.423 60.495
5.454 18.468 60.434
5.389 18.513 60.374
5.323 18.558 60.313
5.258 18.603 60.253
5.192 18.649 60.192
5.127 18.694 60.131
5.061 18.739 60.071
4.996 18.784 60.010
4.930 18.829 59.950
4.865 18.874 59.889
4.799 18.919 59.828
4.734 18.964 59.768
4.668 19.009 59.707
4.602 19.054 59.647
4.537 19.099 59.586
4.471 19.144 59.525
4.405 19.189 59.465
4.340 19.234 59.404
4.274 19.279 59.344
4.208 19.324 59.283
4.142 19.369 59.223
4.077 19.414 59.162
4.011 19.458 59.102
3.945 19.503 59.041
3.880 19.548 58.980
3.814 19.593 58.920
3.748 19.638 58.859
3.682 19.683 58.799
3.617 19.728 58.738
3.551 19.772 58.678
3.485 19.817 58.617
3.419 19.862 58.557
3.354 19.907 58.496
3.288 19.952 58.435
3.222 19.997 58.375
3.157 20.042 58.314
3.091 20.086 58.254
3.025 20.131 58.193
2.959 20.176 58.133
2.894 20.221 58.072
2.828 20.266 58.011
2.762 20.311 57.951
2.696 20.355 57.890
2.631 20.400 57.830
2.565 20.445 57.769
2.499 20.490 57.709
2.433 20.535 57.648
2.368 20.579 57.588
2.302 20.624 57.527
2.236 20.669 57.466
2.170 20.714 57.406
2.104 20.759 57.345
2.039 20.804 57.285
1.973 20.848 57.224
1.907 20.893 57.164
1.841 20.938 57.103
1.776 20.983 57.043
1.710 21.028 56.982
1.644 21.072 56.921
1.578 21.117 56.861
1.513 21.162 56.800
1.447 21.207 56.740
1.381 21.252 56.679
1.315 21.297 56.619
1.250 21.341 56.558
1.184 21.386 56.498
1.118 21.431 56.437
1.052 21.476 56.376
0.987 21.521 56.316
0.921 21.565 56.255
0.855 21.610 56.195
0.789 21.655 56.134
0.724 21.700 56.074
0.658 21.745 56.013
0.592 21.790 55.953
0.526 21.834 55.892
0.461 21.879 55.831
0.395 21.924 55.771
0.329 21.969 55.710
0.263 22.014 55.650
0.198 22.059 55.589
0.132 22.103 55.529
0.066 22.148 55.468
0.000 22.193 55.408
-0.065 22.238 55.347
-0.131 22.283 55.287
-0.197 22.327 55.226
-0.263 22.372 55.165
-0.329 22.417 55.105
-0.394 22.462 55.044
-0.460 22.507 54.984
-0.526 22.552 54.923
-0.592 22.596 54.863
-0.657 22.641 54.802
-0.723 22.686 54.742
-0.789 22.731 54.681
-0.855 22.776 54.621
-0.920 22.821 54.560
-0.986 22.865 54.499
-1.052 22.910 54.439
-1.118 22.955 54.378
-1.183 23.000 54.318
-1.249 23.045 54.257
-1.315 23.090 54.197
-1.381 23.135 54.136
-1.446 23.179 54.076
-1.512 23.224 54.015
-1.578 23.269 53.955
-1.644 23.314 53.894
-1.710 23.359 53.834
-1.775 23.404 53.773
-1.841 23.448 53.713
-1.907 23.493 53.652
-1.973 23.538 53.592
-2.038 23.583 53.531
-2.104 23.628 53.471
-2.170 23.673 53.410
-2.236 23.718 53.350
-2.301 23.762 53.289
-2.367 23.807 53.228
-2.433 23.852 53.168
-2.499 23.897 53.107
-2.565 23.942 53.047
-2.630 23.987 52.986
-2.696 24.032 52.926
-2.762 24.076 52.865
-2.828 24.121 52.805
-2.893 24.166 52.745
-2.959 24.211 52.684
-3.025 24.256 52.624
-3.091 24.301 52.563
-3.157 24.346 52.503
-3.222 24.391 52.442
-3.288 24.435 52.382
-3.354 24.480 52.321
-3.420 24.525 52.261
-3.486 24.570 52.200
-3.551 24.615 52.140
-3.617 24.660 52.079
-3.683 24.705 52.019
-3.749 24.750 51.958
-3.814 24.794 51.898
-3.880 24.839 51.837
-3.946 24.884 51.777
-4.012 24.929 51.716
-4.078 24.974 51.656
-4.143 25.019 51.595
-4.209 25.064 51.535
-4.275 25.109 51.475
-4.341 25.153 51.414
-4.407 25.198 51.354
-4.473 25.243 51.293
-4.538 25.288 51.233
-4.604 25.333 51.172
-4.670 25.378 51.112
-4.736 25.423 51.051
-4.802 25.467 50.991
-4.867 25.512 50.930
-4.933 25.557 50.870
-4.999 25.602 50.810
-5.065 25.647 50.749
-5.131 25.692 50.689
-5.197 25.737 50.628
-5.262 25.782 50.568
-5.328 25.826 50.507
-5.394 25.871 50.447
-5.460 25.916 50.386
-5.526 25.961 50.326
-5.591 26.006 50.266
-5.657 26.051 50.205
-5.723 26.096 50.145
-5.789 26.141 50.084
-5.855 26.185 50.024
-5.921 26.230 49.963
-5.986 26.275 49.903
-6.052 26.320 49.842
-6.118 26.365 49.782
-6.184 26.410 49.722
-6.250 26.455 49.661
-6.316 26.499 49.601
-6.381 26.544 49.540
-6.447 26.589 49.480
-6.513 26.634 49.419
-6.579 26.679 49.359
-6.645 26.724 49.298
-6.711 26.769 49.238
-6.776 26.814 49.178
-6.842 26.858 49.117
-6.908 26.903 49.057
-6.974 26.948 48.996
-7.040 26.993 48.936
-7.106 27.038 48.875
-7.171 27.083 48.815
-7.237 27.128 48.754
-7.303 27.173 48.694
-7.369 27.217 48.634
-7.435 27.262 48.573
-7.500 27.307 48.513
-7.566 27.352 48.452
-7.632 27.397 48.392
-7.698 27.442 48.331
-7.764 27.487 48.271
-7.830 27.531 48.210
-7.895 27.576 48.150
-7.961 27.621 48.090
-8.027 27.666 48.029
-8.093 27.711 47.969
-8.159 27.756 47.908
-8.224 27.801 47.848
-8.290 27.846 47.787
-8.356 27.890 47.727
-8.422 27.935 47.666
-8.488 27.980 47.606
-8.554 28.025 47.545
-8.619 28.070 47.485
-8.685 28.115 47.425
-8.751 28.160 47.364
-8.817 28.205 47.304
-8.883 28.249 47.243
-8.948 28.294 47.183
-9.014 28.339 47.122
-9.080 28.384 47.062
-9.146 28.429 47.001
-9.212 28.474 46.941
-9.277 28.519 46.880
-9.343 28.564 46.820
-9.409 28.608 46.759
-9.475 28.653 46.699
-9.541 28.698 46.638
-9.606 28.743 46.578
-9.672 28.788 46.518
-9.738 28.833 46.457
-9.804 28.878 46.397
-9.870 28.923 46.336
-9.935 28.967 46.276
-10.001 29.012 46.215
-10.067 29.057 46.155
-10.133 29.102 46.094
-10.198 29.147 46.034
-10.264 29.192 45.973
-10.330 29.237 45.913
-10.396 29.282 45.852
-10.462 29.326 45.792
-10.527 29.371 45.731
-10.593 29.416 45.671
-10.659 29.461 45.610
-10.725 29.506 45.550
-10.790 29.551 45.489
-10.856 29.596 45.429
-10.922 29.640 45.368
-10.988 29.685 45.307
-11.053 29.730 45.247
-11.119 29.775 45.186
-11.185 29.820 45.126
-11.251 29.865 45.065
-11.316 29.910 45.005
-11.382 29.954 44.944
-11.448 29.999 44.884
-11.514 30.044 44.823
-11.579 30.089 44.763
-11.645 30.134 44.702
-11.711 30.179 44.642
-11.777 30.224 44.581
-11.842 30.268 44.521
-11.908 30.313 44.460
-11.974 30.358 44.399
-12.040 30.403 44.339
-12.105 30.448 44.278
-12.171 30.493 44.218
-12.237 30.537 44.157
-12.303 30.582 44.097
-12.368 30.627 44.036
-12.434 30.672 43.976
-12.500 30.717 43.915
-12.566 30.762 43.854
-12.631 30.806 43.794
-12.697 30.851 43.733
-12.763 30.896 43.673
-12.828 30.941 43.612
-12.894 30.986 43.552
-12.960 31.031 43.491
-13.026 31.075 43.430
-13.091 31.120 43.370
-13.157 31.165 43.309
-13.223 31.210 43.249
-13.289 31.255 43.188
-13.354 31.300 43.128
-13.420 31.344 43.067
-13.486 31.389 43.007
-13.552 31.434 42.946
-13.617 31.479 42.885
-13.683 31.524 42.825
-13.749 31.569 42.764
-13.815 31.613 42.704
-13.880 31.658 42.643
-13.946 31.703 42.583
-14.012 31.748 42.522
-14.078 31.793 42.461
-14.143 31.838 42.401
-14.209 31.882 42.340
-14.275 31.927 42.280
-14.340 31.972 42.219
-14.406 32.017 42.159
-14.472 32.062 42.098
-14.538 32.107 42.037
-14.603 32.151 41.977
-14.669 32.196 41.916
-14.735 32.241 41.856
-14.801 32.286 41.795
-14.866 32.331 41.735
-14.932 32.376 41.674
-14.998 32.420 41.613
-15.064 32.465 41.553
-15.129 32.510 41.492
-15.195 32.555 41.432
-15.261 32.600 41.371
-15.327 32.645 41.311
-15.392 32.689 41.250
-15.458 32.734 41.189
-15.524 32.779 41.129
-15.589 32.824 41.068
-15.655 32.869 41.008
-15.721 32.914 40.947
-15.787 32.958 40.887
-15.852 33.003 40.826
-15.918 33.048 40.766
-15.984 33.093 40.705
-16.050 33.138 40.644
-16.115 33.183 40.584
-16.181 33.227 40.523
-16.247 33.272 40.463
-16.313 33.317 40.402
-16.378 33.362 40.342
-16.444 33.407 40.281
-16.510 33.452 40.220
-16.575 33.497 40.160
-16.641 33.541 40.099
-16.707 33.586 40.039
-16.773 33.631 39.978
-16.838 33.676 39.918
-16.904 33.721 39.857
-16.970 33.766 39.796
-17.035 33.811 39.736
-17.101 33.855 39.675
-17.167 33.900 39.615
-17.233 33.945 39.554
-17.298 33.990 39.494
-17.364 34.035 39.433
-17.430 34.080 39.372
-17.495 34.125 39.312
-17.561 34.170 39.251
-17.627 34.215 39.191
-17.692 34.259 39.130
-17.758 34.304 39.069
-17.823 34.349 39.009
-17.889 34.394 38.948
-17.955 34.439 38.888
-18.020 34.484 38.827
-18.086 34.529 38.766
-18.152 34.574 38.706
-18.217 34.619 38.645
-18.283 34.664 38.585
-18.348 34.709 38.524
-18.414 34.754 38.463
-18.480 34.799 38.403
-18.545 34.844 38.342
-18.611 34.889 38.282
-18.676 34.934 38.221
-18.742 34.979 38.160
-18.807 35.024 38.100
-18.873 35.069 38.039
-18.939 35.114 37.979
-19.004 35.159 37.918
-19.070 35.204 37.857
-19.135 35.249 37.797
-19.201 35.294 37.736
-19.266 35.339 37.675
-19.332 35.384 37.614
-19.397 35.430 37.554
-19.462 35.475 37.493
-19.528 35.520 37.432
-19.593 35.565 37.371
-19.658 35.610 37.311
-19.724 35.655 37.250
-19.789 35.700 37.189
-19.854 35.745 37.128
-19.920 35.790 37.067
-19.985 35.836 37.007
-20.050 35.881 36.946
-20.116 35.926 36.885
-20.181 35.971 36.824
-20.246 36.016 36.763
-20.312 36.061 36.703
-20.377 36.106 36.642
-20.442 36.151 36.581
-20.508 36.196 36.520
-20.573 36.241 36.459
-20.638 36.286 36.398
-20.703 36.331 36.337
-20.769 36.376 36.276
-20.834 36.421 36.215
-20.899 36.466 36.154
-20.964 36.511 36.093
-21.029 36.556 36.032
-21.095 36.601 35.971
-21.160 36.646 35.910
-21.225 36.691 35.849
-21.290 36.736 35.788
-21.355 36.781 35.727
-21.420 36.826 35.666
-21.486 36.871 35.605
-21.551 36.916 35.544
-21.616 36.961 35.482
-21.681 37.006 35.421
-21.746 37.051 35.360
-21.811 37.096 35.299
-21.877 37.141 35.238
-21.942 37.186 35.177
-22.007 37.231 35.116
-22.072 37.276 35.055
-22.137 37.321 34.994
-22.202 37.366 34.933
-22.268 37.411 34.872
-22.333 37.455 34.810
-22.398 37.500 34.749
-22.463 37.545 34.688
-22.528 37.590 34.627
-22.594 37.635 34.566
-22.659 37.680 34.505
-22.724 37.725 34.444
-22.789 37.770 34.383
-22.854 37.815 34.321
-22.920 37.859 34.260
-22.985 37.904 34.199
-23.050 37.949 34.138
-23.115 37.994 34.077
-23.180 38.039 34.016
-23.246 38.084 33.955
-23.311 38.128 33.894
-23.376 38.173 33.832
-23.441 38.218 33.771
-23.506 38.263 33.710
-23.571 38.308 33.649
-23.637 38.353 33.588
-23.702 38.398 33.527
-23.767 38.442 33.466
-23.832 38.487 33.404
-23.897 38.532 33.343
-23.963 38.577 33.282
-24.028 38.622 33.221
-24.093 38.667 33.160
-24.158 38.711 33.099
-24.223 38.756 33.038
-24.289 38.801 32.976
-24.354 38.846 32.915
-24.419 38.891 32.854
-24.484 38.936 32.793
-24.549 38.980 32.732
-24.615 39.025 32.671
-24.680 39.070 32.609
-24.745 39.115 32.548
-24.810 39.160 32.487
-24.875 39.204 32.426
-24.941 39.249 32.365
-25.006 39.294 32.304
-25.071 39.339 32.243
-25.136 39.384 32.181
-25.201 39.429 32.120
-25.267 39.473 32.059
-25.332 39.518 31.998
-25.397 39.563 31.937
-25.462 39.608 31.876
-25.527 39.653 31.814
-25.593 39.698 31.753
-25.658 39.742 31.692
-25.723 39.787 31.631
-25.788 39.832 31.570
-25.853 39.877 31.509
-25.919 39.922 31.448
-25.984 39.967 31.386
-26.049 40.011 31.325
-26.114 40.056 31.264
-26.179 40.101 31.203
-26.245 40.146 31.142
-26.310 40.191 31.081
-26.375 40.236 31.020
-26.440 40.281 30.958
-26.505 40.325 30.897
-26.570 40.370 30.836
-26.636 40.415 30.775
-26.701 40.460 30.714
-26.766 40.505 30.653
-26.831 40.550 30.592
-26.896 40.595 30.531
-26.961 40.640 30.469
-27.026 40.685 30.408
-27.092 40.730 30.347
-27.157 40.775 30.286
-27.222 40.820 30.225
-27.287 40.865 30.164
-27.352 40.909 30.103
-27.417 40.954 30.042
-27.483 40.999 29.980
-27.548 41.044 29.919
-27.613 41.089 29.858
-27.678 41.134 29.797
-27.743 41.179 29.736
-27.808 41.224 29.675
-27.873 41.269 29.614
-27.938 41.314 29.553
-28.004 41.359 29.492
-28.069 41.405 29.431
-28.134 41.450 29.370
-28.199 41.495 29.309
-28.264 41.540 29.248
-28.329 41.586 29.187
-28.394 41.631 29.126
-28.459 41.676 29.065
-28.524 41.721 29.004
-28.589 41.767 28.943
-28.654 41.812 28.882
-28.719 41.857 28.821
-28.784 41.902 28.760
-28.849 41.948 28.699
-28.914 41.993 28.638
-28.980 42.038 28.577
-29.045 42.083 28.516
-29.110 42.129 28.455
-29.175 42.174 28.394
-29.240 42.219 28.333
-29.305 42.264 28.272
-29.370 42.310 28.211
-29.434 42.356 28.151
-29.495 42.401 28.094
-29.560 42.450 28.035
-29.624 42.499 27.975
-29.688 42.548 27.916
-29.752 42.597 27.857
-29.816 42.646 27.798
-29.881 42.695 27.739
-29.945 42.744 27.680
-30.009 42.793 27.621
-30.073 42.842 27.562
-30.137 42.891 27.502
-30.201 42.940 27.443
-30.265 42.989 27.384
-30.329 43.038 27.325
-30.393 43.087 27.266
-30.457 43.136 27.207
-30.521 43.185 27.148
-30.585 43.235 27.089
-30.649 43.284 27.030
-30.713 43.333 26.971
-30.777 43.382 26.912
-30.842 43.431 26.853
-30.906 43.480 26.793
-30.970 43.529 26.734
-31.034 43.577 26.675
-31.098 43.626 26.616
-31.163 43.675 26.557
-31.227 43.724 26.498
-31.291 43.772 26.439
-31.356 43.821 26.380
-31.421 43.869 26.321
-31.485 43.918 26.262
-31.550 43.967 26.203
-31.614 44.015 26.144
-31.679 44.064 26.085
-31.743 44.112 26.027
-31.808 44.161 25.968
-31.872 44.209 25.909
-31.937 44.258 25.850
-32.001 44.306 25.791
-32.066 44.355 25.732
-32.131 44.403 25.673
-32.195 44.452 25.614
-32.260 44.501 25.555
-32.324 44.549 25.496
-32.389 44.598 25.437
-32.453 44.646 25.378
-32.518 44.695 25.319
-32.582 44.743 25.260
-32.647 44.792 25.201
-32.712 44.840 25.142
-32.776 44.888 25.083
-32.841 44.937 25.024
-32.906 44.985 24.965
-32.970 45.033 24.906
-33.035 45.082 24.847
-33.100 45.130 24.788
-33.165 45.178 24.729
-33.229 45.227 24.670
-33.294 45.275 24.611
-33.359 45.323 24.552
-33.423 45.372 24.493
-33.488 45.420 24.434
-33.553 45.468 24.375
-33.618 45.517 24.316
-33.682 45.565 24.258
-33.747 45.613 24.199
-33.812 45.661 24.140
-33.877 45.710 24.081
-33.941 45.758 24.022
-34.006 45.806 23.963
-34.071 45.855 23.904
-34.135 45.903 23.845
-34.200 45.951 23.786
-34.265 45.999 23.727
-34.330 46.048 23.668
-34.394 46.096 23.609
-34.459 46.144 23.550
-34.524 46.193 23.491
-34.589 46.241 23.432
-34.653 46.289 23.373
-34.718 46.337 23.314
-34.783 46.386 23.255
-34.848 46.434 23.196
-34.912 46.482 23.137
-34.977 46.530 23.078
-35.042 46.579 23.019
-35.107 46.627 22.960
-35.171 46.675 22.901
-35.236 46.724 22.842
-35.301 46.772 22.783
-35.366 46.820 22.724
-35.430 46.868 22.665
-35.495 46.917 22.606
-35.560 46.965 22.547
-35.625 47.013 22.488
-35.689 47.061 22.429
-35.754 47.110 22.370
-35.819 47.158 22.312
-35.884 47.206 22.253
-35.948 47.254 22.194
-36.013 47.303 22.135
-36.078 47.351 22.076
-36.143 47.399 22.017
-36.207 47.447 21.958
-36.272 47.496 21.899
-36.337 47.544 21.840
-36.402 47.592 21.781
-36.467 47.640 21.722
-36.531 47.689 21.663
-36.596 47.737 21.604
-36.661 47.785 21.545
-36.726 47.833 21.486
-36.790 47.882 21.427
-36.855 47.930 21.368
-36.920 47.978 21.309
-36.985 48.027 21.250
-37.049 48.075 21.191
-37.114 48.123 21.132
-37.179 48.171 21.073
-37.244 48.220 21.014
-37.308 48.268 20.955
-37.373 48.316 20.896
-37.438 48.364 20.837
-37.503 48.413 20.778
-37.567 48.461 20.719
-37.632 48.509 20.660
-37.697 48.557 20.601
-37.762 48.606 20.542
-37.826 48.654 20.484
-37.891 48.702 20.425
-37.956 48.750 20.366
-38.021 48.799 20.307
-38.086 48.847 20.248
-38.150 48.895 20.189
-38.215 48.943 20.130
-38.280 48.992 20.071
-38.345 49.040 20.012
-38.409 49.088 19.953
-38.474 49.137 19.894
-38.539 49.185 19.835
-38.604 49.233 19.776
-38.668 49.281 19.717
-38.733 49.330 19.658
-38.798 49.378 19.599
-38.863 49.426 19.540
-38.927 49.474 19.481
-38.992 49.523 19.422
-39.057 49.571 19.363
-39.122 49.619 19.304
-39.186 49.668 19.246
-39.251 49.716 19.187
-39.316 49.764 19.128
-39.381 49.812 19.069
-39.446 49.861 19.010
-39.510 49.909 18.951
-39.575 49.957 18.892
-39.640 50.006 18.833
-39.705 50.054 18.774
-39.769 50.102 18.715
-39.834 50.150 18.656
-39.899 50.199 18.597
-39.964 50.247 18.538
-40.028 50.295 18.479
-40.093 50.344 18.420
-40.158 50.392 18.361
-40.223 50.440 18.302
-40.287 50.488 18.244
-40.352 50.537 18.185
-40.417 50.585 18.126
-40.482 50.633 18.067
-40.547 50.682 18.008
-40.611 50.730 17.949
-40.676 50.778 17.890
-40.741 50.826 17.831
-40.806 50.875 17.772
-40.870 50.923 17.713
-40.935 50.971 17.654
-41.000 51.020 17.595
-41.065 51.068 17.536
-41.129 51.116 17.477
-41.194 51.165 17.418
-41.259 51.213 17.360
-41.324 51.261 17.301
-41.388 51.309 17.242
-41.453 51.358 17.183
-41.518 51.406 17.124
-41.583 51.454 17.065
-41.648 51.503 17.006
-41.712 51.551 16.947
-41.777 51.599 16.888
-41.842 51.648 16.829
-41.907 51.696 16.770
-41.971 51.744 16.712
-42.036 51.792 16.653
-42.101 51.841 16.594
-42.166 51.889 16.535
-42.231 51.937 16.476
-42.295 51.986 16.417
-42.360 52.034 16.358
-42.425 52.082 16.299
-42.490 52.131 16.240
-42.555 52.179 16.181
-42.619 52.227 16.123
-42.684 52.275 16.064
-42.749 52.324 16.005
-42.814 52.372 15.946
-42.878 52.420 15.887
-42.943 52.469 15.828
-43.008 52.517 15.769
-43.073 52.565 15.710
-43.138 52.614 15.651
-43.202 52.662 15.593
-43.267 52.710 15.534
-43.332 52.759 15.475
-43.397 52.807 15.416
-43.462 52.855 15.357
-43.526 52.903 15.298
-43.591 52.952 15.239
-43.656 53.000 15.180
-43.721 53.048 15.122
-43.786 53.097 15.063
-43.850 53.145 15.004
-43.915 53.193 14.945
-43.980 53.242 14.886
-44.045 53.290 14.827
-44.110 53.338 14.768
-44.175 53.387 14.709
-44.239 53.435 14.651
-44.304 53.483 14.592
-44.369 53.532 14.533
-44.434 53.580 14.474
-44.499 53.628 14.415
-44.563 53.676 14.356
-44.628 53.725 14.297
-44.693 53.773 14.238
-44.758 53.821 14.180
-44.823 53.870 14.121
-44.887 53.918 14.062
-44.952 53.966 14.003
-45.017 54.015 13.944
-45.082 54.063 13.885
-45.147 54.111 13.826
-45.212 54.160 13.768
-45.276 54.208 13.709
-45.341 54.256 13.650
-45.406 54.305 13.591
-45.471 54.353 13.532
-45.536 54.401 13.473
-45.600 54.449 13.414
-45.665 54.498 13.356
-45.730 54.546 13.297
-45.795 54.594 13.238
-45.860 54.643 13.179
-45.924 54.691 13.120
-45.989 54.739 13.061
-46.054 54.788 13.002
-46.119 54.836 12.944
-46.184 54.884 12.885
-46.249 54.933 12.826
-46.313 54.981 12.767
-46.378 55.029 12.708
-46.443 55.078 12.649
-46.508 55.126 12.590
-46.573 55.174 12.532
-46.637 55.223 12.473
-46.702 55.271 12.414
-46.767 55.319 12.355
-46.832 55.367 12.296
-46.897 55.416 12.237
-46.962 55.464 12.178
-47.026 55.512 12.120
-47.091 55.561 12.061
-47.156 55.609 12.002
-47.221 55.657 11.943
-47.286 55.706 11.884
-47.350 55.754 11.825
-47.415 55.802 11.766
-47.480 55.851 11.708
-47.545 55.899 11.649
-47.610 55.947 11.590
-47.674 55.996 11.531
-47.739 56.044 11.472
-47.804 56.092 11.413
-47.869 56.141 11.354
-47.934 56.189 11.295
-47.998 56.237 11.237
-48.063 56.286 11.178
-48.128 56.334 11.119
-48.193 56.382 11.060
-48.258 56.431 11.001
-48.322 56.479 10.942
-48.387 56.527 10.883
-48.452 56.576 10.825
-48.517 56.624 10.766
-48.581 56.672 10.707
-48.646 56.721 10.648
-48.711 56.769 10.589
-48.776 56.817 10.530
-48.841 56.866 10.471
-48.905 56.914 10.412
-48.970 56.962 10.353
-49.035 57.011 10.295
-49.100 57.059 10.236
-49.164 57.107 10.177
-49.229 57.156 10.118
-49.294 57.204 10.059
-49.358 57.253 10.000
-49.423 57.301 9.941
-49.488 57.349 9.882
-49.552 57.398 9.823
-49.617 57.446 9.764
-49.682 57.495 9.705
-49.747 57.543 9.646
-49.811 57.591 9.587
-49.876 57.640 9.528
-49.941 57.688 9.470
-50.005 57.736 9.411
-50.070 57.785 9.352
-50.135 57.833 9.293
-50.199 57.882 9.234
-50.264 57.930 9.175
-50.329 57.978 9.116
-50.393 58.027 9.057
-50.458 58.075 8.998
-50.523 58.123 8.939
-50.587 58.172 8.880
-50.652 58.220 8.821
-50.716 58.269 8.762
-50.781 58.317 8.702
-50.845 58.365 8.643
-50.910 58.414 8.584
-50.974 58.462 8.525
-51.039 58.511 8.466
-51.103 58.559 8.407
-51.168 58.607 8.347
-51.232 58.656 8.288
-51.297 58.704 8.229
-51.361 58.753 8.170
-51.426 58.801 8.111
-51.490 58.849 8.052
-51.555 58.898 7.992
-51.619 58.946 7.933
-51.684 58.994 7.874
-51.748 59.043 7.815
-51.812 59.091 7.756
-51.877 59.140 7.697
-51.941 59.188 7.637
-52.006 59.236 7.578
-52.070 59.285 7.519
-52.135 59.333 7.460
-52.199 59.381 7.400
-52.264 59.430 7.341
-52.328 59.478 7.282
-52.392 59.526 7.223
-52.457 59.575 7.163
-52.521 59.623 7.104
-52.586 59.671 7.045
-52.650 59.720 6.985
-52.714 59.768 6.926
-52.779 59.816 6.867
-52.843 59.864 6.807
-52.908 59.913 6.748
-52.972 59.961 6.688
-53.036 60.009 6.629
-53.101 60.058 6.570
-53.165 60.106 6.510
-53.229 60.154 6.451
-53.294 60.203 6.392
-53.358 60.251 6.332
-53.423 60.299 6.273
-53.487 60.347 6.214
-53.551 60.396 6.154
-53.616 60.444 6.095
-53.680 60.492 6.036
-53.745 60.540 5.976
-53.809 60.589 5.917
-53.873 60.637 5.857
-53.938 60.685 5.798
-54.002 60.733 5.739
-54.066 60.782 5.679
-54.131 60.830 5.620
-54.195 60.878 5.560
-54.260 60.926 5.501
-54.324 60.974 5.442
-54.388 61.023 5.382
-54.453 61.071 5.323
-54.517 61.119 5.263
-54.581 61.167 5.204
-54.646 61.216 5.144
-54.710 61.264 5.085
-54.775 61.312 5.026
-54.839 61.360 4.966
-54.903 61.408 4.907
-54.968 61.457 4.847
-55.032 61.505 4.788
-55.097 61.553 4.728
-55.161 61.601 4.669
-55.225 61.649 4.610
-55.290 61.698 4.550
-55.354 61.746 4.491
-55.418 61.794 4.431
-55.483 61.842 4.372
-55.547 61.890 4.312
-55.612 61.938 4.253
-55.676 61.987 4.194
-55.740 62.035 4.134
-55.805 62.083 4.075
-55.869 62.131 4.015
-55.933 62.179 3.956
-55.998 62.227 3.896
-56.062 62.276 3.837
-56.127 62.324 3.777
-56.191 62.372 3.718
-56.255 62.420 3.658
-56.320 62.468 3.599
-56.384 62.516 3.540
-56.449 62.565 3.480
-56.513 62.613 3.421
-56.577 62.661 3.361
-56.642 62.709 3.302
-56.706 62.757 3.242
-56.770 62.805 3.183
-56.835 62.854 3.123
-56.899 62.902 3.064
-56.964 62.950 3.004
-57.028 62.998 2.945
-57.092 63.046 2.886
-57.157 63.094 2.826
-57.221 63.143 2.767
-57.285 63.191 2.707
-57.350 63.239 2.648
-57.414 63.287 2.588
-57.479 63.335 2.529
-57.543 63.383 2.469
-57.607 63.432 2.410
-57.672 63.480 2.350
-57.736 63.528 2.291
-57.801 63.576 2.231
-57.865 63.624 2.172
-57.929 63.672 2.113
-57.994 63.721 2.053
-58.058 63.769 1.994
-58.122 63.817 1.934
-58.187 63.865 1.875
-58.251 63.913 1.815
-58.316 63.961 1.756
-58.380 64.010 1.696
-58.444 64.058 1.637
-58.509 64.106 1.577
-58.573 64.154 1.518
-58.637 64.202 1.459
-58.702 64.250 1.399
-58.766 64.299 1.340
-58.831 64.347 1.280
-58.895 64.395 1.221
-58.959 64.443 1.161
-59.024 64.491 1.102
-59.088 64.539 1.042
-59.152 64.588 0.983
-59.217 64.636 0.923
-59.281 64.684 0.864
-59.345 64.732 0.805
-59.410 64.780 0.745
-59.474 64.829 0.686
-59.538 64.877 0.626
-59.603 64.925 0.567
-59.667 64.973 0.507
-59.732 65.021 0.448
-59.796 65.070 0.388
-59.860 65.118 0.329
-59.925 65.166 0.269
-59.989 65.214 0.210
-60.053 65.263 0.151
-60.118 65.311 0.091
-60.182 65.359 0.032
-60.246 65.407 -0.028
-60.311 65.455 -0.087
-60.375 65.504 -0.147
-60.439 65.552 -0.206
-60.504 65.600 -0.266
-60.568 65.648 -0.325
-60.632 65.697 -0.384
-60.697 65.745 -0.444
-60.761 65.793 -0.503
-60.825 65.841 -0.563
-60.890 65.889 -0.622
-60.954 65.938 -0.682
-61.019 65.986 -0.741
-61.083 66.034 -0.801
-61.147 66.082 -0.860
-61.212 66.131 -0.919
-61.276 66.179 -0.979
-61.340 66.227 -1.038
-61.405 66.275 -1.098
-61.469 66.323 -1.157
-61.533 66.372 -1.217
-61.598 66.420 -1.276
-61.662 66.468 -1.336
-61.726 66.516 -1.395
-61.791 66.564 -1.455
-61.855 66.613 -1.514
-61.919 66.661 -1.573
-61.984 66.709 -1.633
-62.048 66.757 -1.692
-62.112 66.806 -1.752
-62.177 66.854 -1.811
-62.241 66.902 -1.871
-62.306 66.950 -1.930
-62.370 66.998 -1.990
-62.434 67.047 -2.049
-62.499 67.095 -2.109
-62.563 67.143 -2.168
-62.627 67.191 -2.227
-62.692 67.240 -2.287
-62.756 67.288 -2.346
-62.820 67.336 -2.406
-62.885 67.384 -2.465
-62.949 67.432 -2.525
-63.013 67.481 -2.584
-63.078 67.529 -2.644
-63.142 67.577 -2.703
-63.206 67.625 -2.762
-63.271 67.673 -2.822
-63.335 67.722 -2.881
-63.399 67.770 -2.941
