9.591 9.110 -2.900
9.587 9.118 -2.801
9.583 9.126 -2.701
9.579 9.134 -2.602
9.575 9.142 -2.502
9.571 9.149 -2.402
9.567 9.157 -2.303
9.563 9.165 -2.203
9.560 9.173 -2.103
9.556 9.180 -2.004
9.552 9.188 -1.904
9.548 9.196 -1.805
9.544 9.204 -1.705
9.540 9.211 -1.605
9.536 9.219 -1.506
9.532 9.227 -1.406
9.528 9.235 -1.306
9.524 9.242 -1.207
9.520 9.250 -1.107
9.516 9.258 -1.008
9.512 9.266 -0.908
9.508 9.274 -0.808
9.504 9.281 -0.709
9.500 9.289 -0.609
9.496 9.297 -0.510
9.492 9.305 -0.410
9.488 9.312 -0.310
9.484 9.320 -0.211
9.480 9.328 -0.111
9.476 9.336 -0.011
9.473 9.343 0.088
9.469 9.351 0.188
9.465 9.359 0.287
9.461 9.367 0.387
9.457 9.375 0.487
9.453 9.382 0.586
9.450 9.388 0.661
9.449 9.391 0.697
9.448 9.393 0.723
9.447 9.395 0.745
9.447 9.397 0.764
9.446 9.398 0.782
9.446 9.400 0.801
9.445 9.402 0.823
9.444 9.404 0.847
9.444 9.406 0.874
9.443 9.409 0.903
9.443 9.412 0.935
9.442 9.415 0.970
9.441 9.419 1.009
9.441 9.423 1.051
9.440 9.427 1.098
9.439 9.432 1.150
9.438 9.437 1.207
9.437 9.443 1.269
9.436 9.450 1.338
9.434 9.457 1.414
9.433 9.465 1.497
9.431 9.473 1.589
9.430 9.483 1.689
9.428 9.492 1.788
9.426 9.501 1.888
9.424 9.511 1.987
9.423 9.520 2.087
9.421 9.529 2.186
9.419 9.539 2.286
9.418 9.548 2.385
9.416 9.557 2.485
9.414 9.567 2.585
9.412 9.576 2.684
9.411 9.585 2.784
9.409 9.595 2.883
9.407 9.604 2.983
9.406 9.614 3.082
9.404 9.623 3.182
9.402 9.632 3.281
9.400 9.642 3.381
9.399 9.651 3.480
9.397 9.661 3.580
9.395 9.671 3.679
9.394 9.680 3.779
9.392 9.690 3.878
9.390 9.700 3.978
9.389 9.710 4.077
9.387 9.720 4.177
9.385 9.730 4.276
9.384 9.740 4.376
9.382 9.750 4.475
9.380 9.760 4.575
9.379 9.770 4.674
9.377 9.780 4.774
9.375 9.790 4.873
9.374 9.800 4.973
9.372 9.810 5.072
9.371 9.820 5.172
9.369 9.830 5.271
9.367 9.840 5.371
9.366 9.850 5.470
9.364 9.860 5.570
9.362 9.870 5.669
9.361 9.880 5.769
9.359 9.890 5.868
9.357 9.900 5.968
9.356 9.910 6.067
9.354 9.920 6.167
9.352 9.930 6.266
9.351 9.940 6.366
9.349 9.950 6.465
9.347 9.960 6.565
9.346 9.970 6.664
9.344 9.980 6.764
9.342 9.990 6.863
9.341 10.000 6.962
9.339 10.010 7.062
9.337 10.020 7.161
9.336 10.030 7.261
9.334 10.040 7.360
9.332 10.050 7.460
9.331 10.061 7.559
9.329 10.071 7.659
9.327 10.081 7.758
9.326 10.091 7.858
9.324 10.101 7.957
9.323 10.111 8.057
9.321 10.121 8.156
9.319 10.131 8.256
9.318 10.141 8.355
9.316 10.151 8.455
9.314 10.161 8.554
9.313 10.171 8.654
9.311 10.182 8.753
9.309 10.192 8.853
9.308 10.202 8.952
9.306 10.212 9.051
9.304 10.222 9.151
9.303 10.232 9.250
9.301 10.242 9.350
9.299 10.252 9.449
9.298 10.262 9.549
9.296 10.272 9.648
9.294 10.283 9.748
9.293 10.293 9.847
9.291 10.303 9.947
9.289 10.313 10.046
9.288 10.323 10.146
9.286 10.333 10.245
9.284 10.343 10.345
9.283 10.353 10.444
9.281 10.364 10.544
9.280 10.374 10.643
9.278 10.384 10.742
9.276 10.394 10.842
9.275 10.404 10.941
9.273 10.414 11.041
9.271 10.424 11.140
9.270 10.434 11.240
9.268 10.445 11.339
9.266 10.455 11.439
9.265 10.465 11.538
9.263 10.475 11.638
9.261 10.485 11.737
9.260 10.495 11.837
9.258 10.505 11.936
9.256 10.515 12.036
9.255 10.526 12.135
9.253 10.536 12.235
9.251 10.546 12.334
9.250 10.556 12.433
9.248 10.566 12.533
9.246 10.576 12.632
9.245 10.586 12.732
9.243 10.596 12.831
9.241 10.607 12.931
9.240 10.617 13.030
9.238 10.627 13.130
9.236 10.637 13.229
9.235 10.647 13.329
9.233 10.657 13.428
9.232 10.667 13.528
9.230 10.678 13.627
9.228 10.688 13.727
9.227 10.698 13.826
9.225 10.708 13.926
9.223 10.718 14.025
9.222 10.728 14.124
9.220 10.738 14.224
9.218 10.748 14.323
9.217 10.759 14.423
9.215 10.769 14.522
9.213 10.779 14.622
9.212 10.789 14.721
9.210 10.799 14.821
9.208 10.809 14.920
9.207 10.819 15.020
9.205 10.830 15.119
9.203 10.840 15.219
9.202 10.850 15.318
9.200 10.860 15.418
9.199 10.870 15.517
9.197 10.880 15.617
9.195 10.890 15.716
9.194 10.900 15.815
9.192 10.911 15.915
9.190 10.921 16.014
9.189 10.931 16.114
9.187 10.941 16.213
9.185 10.951 16.313
9.184 10.961 16.412
9.182 10.971 16.512
9.180 10.981 16.611
9.179 10.992 16.711
9.177 11.002 16.810
9.175 11.012 16.910
9.174 11.022 17.009
9.172 11.032 17.109
9.170 11.042 17.208
9.169 11.052 17.308
9.167 11.063 17.407
9.166 11.073 17.506
9.164 11.083 17.606
9.162 11.093 17.705
9.161 11.103 17.805
9.159 11.113 17.904
9.157 11.123 18.004
9.156 11.133 18.103
9.154 11.144 18.203
9.152 11.154 18.302
9.151 11.164 18.402
9.149 11.174 18.501
9.147 11.184 18.601
9.146 11.194 18.700
9.144 11.204 18.800
9.143 11.214 18.899
9.141 11.224 18.999
9.139 11.235 19.098
9.138 11.245 19.198
9.136 11.255 19.297
9.134 11.265 19.396
9.133 11.275 19.496
9.131 11.285 19.595
9.129 11.295 19.695
9.128 11.305 19.794
9.126 11.315 19.894
9.124 11.326 19.993
9.123 11.336 20.093
9.121 11.346 20.192
9.119 11.356 20.292
9.118 11.366 20.391
9.116 11.376 20.491
9.115 11.386 20.590
9.113 11.396 20.690
9.111 11.406 20.789
9.110 11.416 20.889
9.108 11.427 20.988
9.106 11.437 21.087
9.105 11.447 21.187
9.103 11.457 21.286
9.101 11.467 21.386
9.100 11.477 21.485
9.098 11.487 21.585
9.096 11.497 21.684
9.095 11.507 21.784
9.093 11.517 21.883
9.091 11.527 21.983
9.090 11.537 22.082
9.088 11.547 22.182
9.086 11.557 22.281
9.085 11.567 22.381
9.083 11.577 22.480
9.081 11.587 22.580
9.080 11.597 22.679
9.078 11.607 22.779
9.076 11.617 22.878
9.075 11.627 22.978
9.073 11.637 23.077
9.071 11.647 23.177
9.070 11.657 23.276
9.068 11.667 23.376
9.066 11.677 23.475
9.065 11.687 23.574
9.063 11.697 23.674
9.061 11.707 23.773
9.059 11.717 23.873
9.058 11.727 23.972
9.056 11.737 24.072
9.054 11.747 24.171
9.052 11.757 24.271
9.051 11.766 24.370
9.049 11.776 24.470
9.047 11.786 24.569
9.045 11.796 24.669
9.044 11.806 24.768
9.042 11.816 24.868
9.040 11.826 24.967
9.038 11.835 25.067
9.037 11.845 25.166
9.035 11.855 25.266
9.033 11.865 25.365
9.031 11.875 25.465
9.029 11.885 25.564
9.028 11.895 25.664
9.026 11.904 25.763
9.024 11.914 25.863
9.022 11.924 25.962
9.021 11.934 26.062
9.019 11.944 26.161
9.017 11.954 26.261
9.015 11.964 26.360
9.014 11.973 26.460
9.012 11.983 26.559
9.010 11.993 26.659
9.008 12.002 26.758
9.006 12.012 26.858
9.003 12.021 26.957
9.001 12.030 27.057
8.999 12.040 27.157
8.997 12.049 27.256
8.995 12.059 27.356
8.993 12.068 27.455
8.991 12.078 27.555
8.989 12.087 27.654
8.986 12.096 27.754
8.984 12.106 27.853
8.982 12.115 27.953
8.980 12.125 28.052
8.978 12.134 28.152
8.976 12.143 28.251
8.974 12.153 28.351
8.972 12.162 28.450
8.969 12.172 28.550
8.967 12.181 28.650
8.965 12.190 28.749
8.963 12.200 28.849
8.961 12.209 28.948
8.959 12.219 29.048
8.957 12.228 29.147
8.954 12.237 29.247
8.952 12.247 29.346
8.950 12.256 29.446
8.947 12.265 29.545
8.945 12.275 29.645
8.943 12.284 29.744
8.940 12.294 29.844
8.938 12.303 29.943
8.935 12.312 30.043
8.932 12.322 30.143
8.930 12.331 30.242
8.927 12.340 30.342
8.925 12.350 30.441
8.922 12.359 30.541
8.920 12.368 30.640
8.917 12.378 30.740
8.915 12.387 30.839
8.912 12.396 30.939
8.910 12.406 31.038
8.907 12.415 31.138
8.905 12.424 31.237
8.902 12.434 31.337
8.900 12.443 31.436
8.897 12.452 31.536
8.895 12.462 31.635
8.892 12.471 31.735
8.889 12.480 31.835
8.887 12.490 31.934
8.884 12.499 32.034
8.882 12.508 32.133
8.879 12.518 32.233
8.876 12.527 32.332
8.874 12.537 32.432
8.871 12.546 32.531
8.868 12.555 32.631
8.866 12.565 32.730
8.863 12.574 32.830
8.860 12.584 32.929
8.858 12.593 33.029
8.855 12.603 33.128
8.852 12.612 33.228
8.850 12.622 33.327
8.847 12.631 33.427
8.844 12.641 33.526
8.842 12.650 33.626
8.839 12.660 33.725
8.836 12.669 33.825
8.834 12.678 33.924
8.831 12.688 34.024
8.828 12.697 34.123
8.826 12.707 34.223
8.823 12.716 34.322
8.820 12.726 34.422
8.817 12.735 34.521
8.815 12.745 34.621
8.812 12.754 34.720
8.809 12.764 34.820
8.807 12.773 34.920
8.804 12.782 35.019
8.801 12.792 35.119
8.799 12.801 35.218
8.796 12.811 35.318
8.793 12.820 35.417
8.791 12.830 35.517
8.788 12.839 35.616
8.785 12.849 35.716
8.782 12.858 35.815
8.780 12.868 35.915
8.777 12.877 36.014
8.774 12.887 36.114
8.772 12.896 36.213
8.769 12.906 36.313
8.766 12.915 36.412
8.763 12.925 36.512
8.761 12.934 36.611
8.758 12.944 36.711
8.755 12.953 36.810
8.753 12.963 36.910
8.750 12.972 37.009
8.747 12.982 37.109
8.744 12.991 37.208
8.742 13.001 37.308
8.739 13.010 37.407
8.736 13.020 37.507
8.734 13.029 37.606
8.731 13.039 37.706
8.728 13.048 37.805
8.725 13.058 37.905
8.723 13.067 38.004
8.720 13.077 38.104
8.717 13.086 38.203
8.715 13.096 38.303
8.712 13.105 38.402
8.709 13.115 38.502
8.706 13.124 38.601
8.704 13.134 38.701
8.701 13.143 38.800
8.698 13.153 38.900
8.696 13.162 38.999
8.693 13.172 39.099
8.690 13.181 39.198
8.687 13.191 39.298
8.685 13.200 39.397
8.682 13.210 39.497
8.679 13.219 39.597
8.677 13.229 39.696
8.674 13.238 39.796
8.671 13.248 39.895
8.669 13.257 39.995
8.666 13.267 40.094
8.663 13.276 40.194
8.660 13.286 40.293
8.658 13.295 40.393
8.655 13.305 40.492
8.652 13.314 40.592
8.650 13.324 40.691
8.647 13.333 40.791
8.644 13.343 40.890
8.642 13.352 40.990
8.639 13.362 41.089
8.636 13.371 41.189
8.633 13.381 41.288
8.631 13.390 41.388
8.628 13.400 41.487
8.625 13.409 41.587
8.623 13.419 41.686
8.620 13.428 41.786
8.617 13.438 41.885
8.615 13.447 41.985
8.612 13.457 42.084
8.609 13.466 42.184
8.607 13.476 42.283
8.604 13.485 42.383
8.601 13.494 42.482
8.599 13.504 42.582
8.596 13.513 42.681
8.593 13.523 42.781
8.591 13.532 42.880
8.588 13.542 42.980
8.586 13.551 43.079
8.583 13.561 43.179
8.580 13.570 43.278
8.578 13.580 43.378
8.575 13.589 43.477
8.573 13.599 43.577
8.570 13.608 43.676
8.568 13.618 43.776
8.565 13.627 43.876
8.562 13.637 43.975
8.560 13.646 44.075
8.557 13.656 44.174
8.555 13.665 44.274
8.552 13.675 44.373
8.549 13.684 44.473
8.547 13.693 44.572
8.544 13.703 44.672
8.542 13.712 44.771
8.539 13.722 44.871
8.536 13.731 44.970
8.534 13.741 45.070
8.531 13.750 45.169
8.529 13.760 45.269
8.526 13.769 45.368
8.524 13.779 45.468
8.521 13.788 45.567
8.519 13.798 45.667
8.516 13.807 45.766
8.514 13.817 45.866
8.511 13.826 45.965
8.509 13.836 46.065
8.506 13.845 46.164
8.504 13.855 46.264
8.502 13.864 46.363
8.499 13.874 46.463
8.497 13.883 46.562
8.494 13.893 46.662
8.492 13.902 46.761
8.489 13.912 46.861
8.487 13.921 46.961
8.484 13.931 47.060
8.482 13.940 47.160
8.479 13.950 47.259
8.477 13.959 47.359
8.474 13.969 47.458
8.472 13.978 47.558
8.470 13.988 47.657
8.467 13.997 47.757
8.465 14.007 47.856
8.462 14.016 47.956
8.460 14.026 48.055
8.457 14.035 48.155
8.455 14.045 48.254
8.453 14.054 48.354
8.450 14.064 48.453
8.448 14.074 48.553
8.446 14.083 48.652
8.443 14.093 48.752
8.441 14.102 48.851
8.438 14.112 48.951
8.436 14.121 49.050
8.434 14.131 49.150
8.431 14.141 49.249
8.429 14.150 49.349
8.427 14.160 49.448
8.424 14.169 49.548
8.422 14.179 49.647
8.420 14.189 49.747
8.417 14.198 49.846
8.415 14.208 49.946
8.413 14.217 50.045
8.410 14.227 50.145
8.408 14.237 50.244
8.405 14.246 50.344
8.403 14.256 50.443
8.401 14.265 50.543
8.398 14.275 50.642
8.396 14.284 50.742
8.394 14.294 50.841
8.391 14.304 50.941
8.389 14.313 51.040
8.387 14.323 51.140
8.384 14.332 51.240
8.382 14.342 51.339
8.380 14.352 51.439
8.377 14.361 51.538
8.375 14.371 51.638
8.373 14.381 51.737
8.370 14.390 51.837
8.368 14.400 51.936
8.366 14.409 52.036
8.363 14.419 52.135
8.361 14.429 52.235
8.359 14.438 52.334
8.356 14.448 52.434
8.354 14.457 52.533
8.352 14.467 52.633
8.349 14.477 52.732
8.347 14.486 52.832
8.345 14.496 52.931
8.342 14.505 53.031
8.340 14.515 53.130
8.338 14.525 53.230
8.335 14.534 53.329
8.333 14.544 53.429
8.331 14.554 53.528
8.328 14.563 53.628
8.326 14.573 53.727
8.324 14.582 53.827
8.321 14.592 53.926
8.319 14.602 54.026
8.317 14.611 54.125
8.314 14.621 54.225
8.312 14.631 54.324
8.310 14.640 54.424
8.307 14.650 54.523
8.305 14.659 54.623
8.303 14.669 54.722
8.300 14.679 54.822
8.298 14.688 54.921
8.296 14.698 55.021
8.293 14.708 55.120
8.291 14.717 55.220
8.288 14.727 55.319
8.286 14.736 55.419
8.284 14.746 55.518
8.281 14.756 55.618
8.279 14.765 55.717
8.277 14.775 55.817
8.274 14.785 55.916
8.272 14.794 56.016
8.270 14.804 56.115
8.267 14.813 56.215
8.265 14.823 56.314
8.263 14.833 56.414
8.260 14.842 56.513
8.258 14.852 56.613
8.256 14.861 56.712
8.253 14.871 56.812
8.251 14.881 56.911
8.248 14.890 57.011
8.246 14.900 57.110
8.244 14.910 57.210
8.241 14.919 57.309
8.239 14.929 57.409
8.237 14.938 57.508
8.234 14.948 57.608
8.232 14.958 57.707
8.230 14.967 57.807
8.227 14.977 57.906
8.225 14.987 58.006
8.223 14.996 58.106
8.220 15.006 58.205
8.218 15.015 58.305
8.215 15.025 58.404
8.213 15.035 58.504
8.211 15.044 58.603
8.208 15.054 58.703
8.206 15.064 58.802
8.204 15.073 58.902
8.201 15.083 59.001
8.199 15.092 59.101
8.196 15.102 59.200
8.194 15.112 59.300
8.192 15.121 59.399
8.189 15.131 59.499
8.187 15.141 59.598
8.185 15.150 59.698
8.182 15.160 59.797
8.180 15.169 59.897
8.177 15.179 59.996
8.175 15.189 60.096
8.173 15.198 60.195
8.170 15.208 60.295
8.168 15.218 60.394
8.166 15.227 60.494
8.163 15.237 60.593
8.161 15.246 60.693
8.159 15.256 60.792
8.156 15.266 60.892
8.154 15.275 60.991
8.151 15.285 61.091
8.149 15.295 61.190
8.147 15.304 61.290
8.144 15.314 61.389
8.142 15.323 61.489
8.139 15.333 61.588
8.137 15.343 61.688
8.135 15.352 61.787
8.132 15.362 61.887
8.130 15.372 61.986
8.128 15.381 62.086
8.125 15.391 62.185
8.123 15.400 62.285
8.120 15.410 62.384
8.118 15.420 62.484
8.116 15.429 62.583
8.113 15.439 62.683
8.111 15.448 62.782
8.109 15.458 62.882
8.106 15.468 62.981
8.104 15.477 63.081
8.101 15.487 63.180
8.099 15.497 63.280
8.097 15.506 63.379
8.094 15.516 63.479
8.092 15.525 63.578
8.090 15.535 63.678
8.087 15.545 63.777
8.085 15.554 63.877
8.082 15.564 63.976
8.080 15.573 64.076
8.078 15.583 64.175
8.075 15.593 64.275
8.073 15.602 64.374
8.070 15.612 64.474
8.068 15.621 64.573
8.066 15.631 64.673
8.063 15.641 64.772
8.061 15.650 64.872
8.059 15.660 64.971
8.056 15.669 65.071
8.054 15.679 65.170
8.051 15.689 65.270
8.049 15.698 65.370
8.047 15.708 65.469
8.044 15.717 65.569
8.042 15.727 65.668
8.040 15.737 65.768
8.037 15.746 65.867
8.035 15.756 65.967
8.032 15.765 66.066
8.030 15.775 66.166
8.028 15.784 66.265
8.025 15.794 66.365
8.023 15.804 66.464
8.020 15.813 66.564
8.018 15.823 66.663
8.016 15.832 66.763
8.013 15.842 66.862
8.011 15.851 66.962
8.009 15.861 67.061
8.006 15.871 67.161
8.004 15.880 67.260
8.001 15.890 67.360
7.999 15.899 67.459
7.997 15.909 67.559
7.994 15.918 67.658
7.992 15.928 67.758
7.989 15.938 67.857
7.987 15.947 67.957
7.985 15.957 68.056
7.982 15.966 68.156
7.980 15.976 68.255
7.978 15.985 68.355
7.975 15.994 68.454
7.973 16.004 68.554
7.971 16.013 68.653
7.968 16.022 68.753
7.966 16.032 68.853
7.964 16.041 68.952
7.961 16.050 69.052
7.959 16.060 69.151
7.957 16.069 69.251
7.954 16.078 69.350
7.952 16.088 69.450
7.950 16.097 69.549
7.947 16.106 69.649
7.945 16.116 69.748
7.943 16.125 69.848
7.940 16.134 69.947
7.938 16.144 70.047
7.936 16.153 70.146
7.933 16.162 70.246
7.931 16.172 70.346
7.929 16.181 70.445
7.926 16.190 70.545
7.924 16.200 70.644
7.922 16.209 70.744
7.919 16.218 70.843
7.917 16.227 70.943
7.914 16.236 71.042
7.912 16.245 71.142
7.910 16.254 71.241
7.907 16.263 71.341
7.905 16.271 71.441
7.902 16.280 71.540
7.900 16.288 71.640
7.898 16.297 71.740
7.895 16.306 71.839
7.893 16.314 71.939
7.890 16.323 72.038
7.888 16.331 72.138
7.885 16.340 72.238
7.883 16.348 72.337
7.881 16.357 72.437
7.878 16.365 72.536
7.876 16.374 72.636
7.873 16.382 72.736
7.871 16.391 72.835
7.868 16.399 72.935
7.866 16.408 73.034
7.864 16.417 73.134
7.861 16.425 73.234
7.859 16.434 73.333
7.856 16.442 73.433
7.854 16.451 73.532
7.851 16.459 73.632
7.849 16.468 73.732
7.847 16.476 73.831
7.844 16.485 73.930
7.844 16.486 73.939
7.844 16.486 73.947
7.844 16.487 73.952
7.843 16.487 73.957
7.843 16.487 73.962
7.843 16.488 73.966
7.843 16.488 73.969
7.843 16.488 73.972
7.843 16.489 73.974
7.843 16.489 73.977
7.843 16.489 73.979
7.843 16.489 73.981
7.843 16.489 73.982
7.843 16.489 73.984
7.843 16.490 73.986
7.843 16.490 73.987
7.843 16.490 73.988
7.843 16.490 73.990
7.843 16.490 73.991
7.843 16.490 73.992
7.843 16.490 73.993
7.843 16.490 73.994
7.843 16.490 73.995
7.842 16.490 73.995
7.842 16.490 73.996
7.842 16.490 73.997
7.842 16.491 73.998
7.842 16.491 73.998
7.842 16.491 73.999
7.842 16.491 74.000
7.842 16.491 74.000
7.842 16.491 74.001
7.842 16.491 74.001
7.842 16.491 74.002
7.842 16.491 74.002
7.842 16.491 74.003
7.842 16.491 74.003
7.842 16.491 74.004
7.842 16.491 74.004
7.842 16.491 74.004
7.842 16.491 74.005
7.842 16.491 74.005
7.842 16.491 74.006
7.842 16.491 74.006
7.842 16.491 74.006
7.842 16.491 74.007
7.842 16.491 74.007
7.842 16.491 74.007
7.842 16.491 74.007
7.842 16.491 74.008
7.842 16.491 74.008
7.842 16.491 74.008
7.842 16.491 74.009
7.842 16.492 74.009
7.842 16.492 74.009
7.842 16.492 74.009
7.842 16.492 74.009
7.842 16.492 74.010
7.842 16.492 74.010
7.842 16.492 74.010
7.842 16.492 74.010
7.842 16.492 74.011
7.842 16.492 74.011
7.842 16.492 74.011
7.842 16.492 74.011
7.842 16.492 74.011
7.842 16.492 74.012
7.842 16.492 74.012
7.842 16.492 74.012
7.842 16.492 74.012
7.842 16.492 74.012
7.842 16.492 74.012
7.842 16.492 74.012
7.842 16.492 74.013
7.842 16.492 74.013
7.842 16.492 74.013
7.842 16.492 74.013
7.842 16.492 74.013
7.842 16.492 74.013
7.842 16.492 74.013
7.842 16.492 74.014
7.842 16.492 74.014
7.842 16.492 74.014
7.842 16.492 74.014
7.842 16.492 74.014
7.842 16.492 74.014
7.842 16.492 74.014
7.842 16.492 74.014
7.842 16.492 74.015
7.842 16.492 74.015
7.842 16.492 74.015
7.842 16.492 74.015
7.842 16.492 74.015
7.842 16.492 74.015
7.842 16.492 74.015
7.842 16.492 74.015
7.842 16.492 74.015
7.842 16.492 74.015
7.842 16.492 74.016
7.842 16.492 74.016
7.842 16.492 74.016
7.842 16.492 74.016
7.842 16.492 74.016
7.842 16.492 74.016
7.842 16.492 74.016
7.842 16.492 74.016
7.842 16.492 74.016
7.842 16.492 74.016
7.842 16.492 74.016
7.842 16.492 74.017
7.842 16.492 74.017
7.842 16.492 74.017
7.842 16.492 74.017
7.842 16.492 74.017
7.842 16.492 74.017
7.842 16.492 74.017
7.842 16.492 74.017
7.842 16.492 74.017
7.842 16.492 74.017
7.842 16.492 74.017
7.842 16.492 74.017
7.842 16.492 74.017
7.842 16.492 74.017
7.842 16.492 74.017
7.842 16.492 74.018
7.842 16.492 74.018
7.842 16.492 74.018
7.842 16.492 74.018
7.842 16.492 74.018
7.842 16.492 74.018
7.842 16.492 74.018
7.842 16.492 74.018
7.842 16.492 74.018
7.842 16.492 74.018
7.842 16.492 74.018
7.842 16.492 74.018
7.842 16.492 74.018
7.842 16.492 74.018
7.842 16.492 74.018
7.842 16.492 74.018
7.842 16.492 74.018
7.842 16.492 74.018
7.842 16.492 74.019
7.842 16.492 74.019
7.842 16.492 74.019
7.842 16.492 74.019
7.842 16.492 74.019
7.842 16.492 74.019
7.842 16.492 74.019
7.842 16.492 74.019
7.842 16.492 74.019
7.842 16.492 74.019
7.842 16.492 74.019
7.842 16.492 74.019
7.842 16.492 74.019
7.842 16.492 74.019
7.842 16.492 74.019
7.842 16.492 74.019
7.842 16.492 74.019
7.842 16.492 74.019
7.842 16.492 74.019
7.842 16.492 74.019
7.842 16.492 74.019
7.842 16.493 74.019
7.842 16.493 74.019
7.842 16.493 74.019
7.842 16.493 74.020
7.842 16.493 74.020
7.842 16.493 74.020
7.842 16.493 74.020
7.842 16.493 74.020
7.842 16.493 74.020
7.842 16.493 74.020
7.842 16.493 74.020
7.842 16.493 74.020
7.842 16.493 74.020
7.842 16.493 74.020
7.842 16.493 74.020
7.842 16.493 74.020
7.842 16.493 74.020
7.842 16.493 74.020
7.842 16.493 74.020
7.842 16.493 74.020
7.842 16.493 74.020
7.842 16.493 74.020
7.842 16.493 74.020
7.842 16.493 74.020
7.842 16.493 74.020
7.842 16.493 74.020
7.842 16.493 74.020
7.842 16.493 74.020
7.842 16.493 74.020
7.842 16.493 74.020
7.842 16.493 74.020
7.842 16.493 74.020
7.842 16.493 74.020
7.842 16.493 74.020
7.842 16.493 74.020
7.842 16.493 74.021
7.842 16.493 74.021
7.842 16.493 74.021
7.842 16.493 74.021
7.841 16.493 74.021
7.841 16.493 74.021
7.841 16.493 74.021
7.841 16.493 74.021
7.841 16.493 74.021
7.841 16.493 74.021
7.841 16.493 74.021
7.841 16.493 74.021
7.841 16.493 74.021
7.841 16.493 74.021
7.841 16.493 74.021
7.841 16.493 74.021
7.841 16.493 74.021
7.841 16.493 74.021
7.841 16.493 74.021
7.841 16.493 74.021
7.841 16.493 74.021
7.841 16.493 74.021
7.841 16.493 74.021
7.841 16.493 74.021
7.841 16.493 74.021
7.841 16.493 74.021
7.841 16.493 74.021
7.841 16.493 74.021
7.841 16.493 74.021
7.841 16.493 74.021
7.841 16.493 74.021
7.841 16.493 74.021
7.841 16.493 74.021
7.841 16.493 74.021
7.841 16.493 74.021
7.841 16.493 74.021
7.841 16.493 74.021
7.841 16.493 74.021
7.841 16.493 74.021
7.841 16.493 74.021
7.841 16.493 74.021
7.841 16.493 74.021
7.841 16.493 74.021
7.841 16.493 74.021
7.841 16.493 74.021
7.841 16.493 74.021
7.841 16.493 74.021
7.841 16.493 74.021
7.841 16.493 74.021
7.841 16.493 74.021
7.841 16.493 74.021
7.841 16.493 74.021
7.841 16.493 74.021
7.841 16.493 74.021
7.841 16.493 74.021
7.841 16.493 74.021
7.841 16.493 74.020
7.841 16.493 74.020
7.841 16.493 74.020
7.841 16.493 74.020
7.841 16.493 74.020
7.841 16.493 74.020
7.841 16.493 74.020
7.840 16.493 74.020
7.840 16.493 74.020
7.840 16.493 74.020
7.840 16.493 74.020
7.840 16.493 74.020
7.840 16.493 74.020
7.840 16.493 74.020
7.840 16.493 74.020
7.840 16.493 74.020
7.840 16.493 74.020
7.840 16.493 74.020
7.840 16.493 74.020
7.840 16.493 74.020
7.840 16.493 74.020
7.840 16.493 74.020
7.840 16.493 74.020
7.840 16.493 74.020
7.840 16.493 74.020
7.840 16.493 74.020
7.840 16.493 74.020
7.840 16.493 74.020
7.840 16.493 74.020
7.840 16.493 74.020
7.840 16.493 74.020
7.840 16.493 74.020
7.840 16.493 74.020
7.840 16.493 74.019
7.840 16.493 74.019
7.840 16.493 74.019
7.840 16.493 74.019
7.840 16.493 74.019
7.840 16.493 74.019
7.840 16.493 74.019
7.840 16.493 74.019
7.840 16.493 74.019
7.840 16.493 74.019
7.840 16.493 74.019
7.840 16.493 74.019
7.840 16.493 74.019
7.840 16.493 74.019
7.840 16.493 74.019
7.840 16.493 74.019
7.840 16.493 74.019
7.840 16.493 74.019
7.840 16.493 74.019
7.840 16.493 74.019
7.839 16.493 74.019
7.839 16.493 74.019
7.839 16.493 74.018
7.839 16.493 74.018
7.839 16.493 74.018
7.839 16.493 74.018
7.839 16.493 74.018
7.839 16.493 74.018
7.839 16.493 74.018
7.839 16.493 74.018
7.839 16.493 74.018
7.839 16.494 74.018
7.839 16.494 74.018
7.839 16.494 74.018
7.839 16.494 74.018
7.839 16.494 74.018
7.839 16.494 74.018
7.839 16.494 74.018
7.839 16.494 74.018
7.839 16.494 74.017
7.839 16.494 74.017
7.839 16.494 74.017
7.839 16.494 74.017
7.839 16.494 74.017
7.839 16.494 74.017
7.839 16.494 74.017
7.839 16.494 74.017
7.839 16.494 74.017
7.839 16.494 74.017
7.838 16.494 74.017
7.838 16.494 74.017
7.838 16.494 74.017
7.838 16.494 74.016
7.838 16.494 74.016
7.838 16.494 74.016
7.838 16.494 74.016
7.838 16.494 74.016
7.838 16.494 74.016
7.838 16.494 74.016
7.838 16.494 74.016
7.838 16.494 74.016
7.838 16.494 74.016
7.838 16.494 74.016
7.838 16.494 74.015
7.838 16.494 74.015
7.838 16.494 74.015
7.838 16.494 74.015
7.838 16.494 74.015
7.838 16.494 74.015
7.837 16.494 74.015
7.837 16.494 74.015
7.837 16.494 74.015
7.837 16.494 74.014
7.837 16.494 74.014
7.837 16.494 74.014
7.837 16.494 74.014
7.837 16.494 74.014
7.837 16.494 74.014
7.837 16.494 74.014
7.837 16.494 74.013
7.837 16.494 74.013
7.837 16.494 74.013
7.837 16.494 74.013
7.836 16.494 74.013
7.836 16.494 74.013
7.836 16.494 74.012
7.836 16.494 74.012
7.836 16.494 74.012
7.836 16.494 74.012
7.836 16.494 74.012
7.836 16.494 74.012
7.836 16.495 74.011
7.836 16.495 74.011
7.835 16.495 74.011
7.835 16.495 74.011
7.835 16.495 74.010
7.835 16.495 74.010
7.835 16.495 74.010
7.835 16.495 74.010
7.835 16.495 74.009
7.835 16.495 74.009
7.834 16.495 74.009
7.834 16.495 74.009
7.834 16.495 74.008
7.834 16.495 74.008
7.834 16.495 74.008
7.834 16.495 74.007
7.834 16.495 74.007
7.833 16.495 74.007
7.833 16.495 74.006
7.833 16.495 74.006
7.833 16.495 74.006
7.833 16.495 74.005
7.832 16.495 74.005
7.832 16.496 74.004
7.832 16.496 74.004
7.832 16.496 74.003
7.831 16.496 74.003
7.831 16.496 74.002
7.831 16.496 74.002
7.831 16.496 74.001
7.830 16.496 74.000
7.830 16.496 74.000
7.830 16.496 73.999
7.829 16.496 73.998
7.829 16.497 73.998
7.828 16.497 73.997
7.828 16.497 73.996
7.827 16.497 73.995
7.827 16.497 73.994
7.826 16.497 73.993
7.826 16.497 73.992
7.825 16.498 73.991
7.825 16.498 73.989
7.824 16.498 73.988
7.823 16.498 73.987
7.822 16.498 73.985
7.822 16.499 73.983
7.821 16.499 73.981
7.820 16.499 73.979
7.818 16.500 73.977
7.817 16.500 73.974
7.816 16.500 73.971
7.814 16.501 73.968
7.812 16.501 73.965
7.810 16.502 73.961
7.808 16.502 73.957
7.806 16.503 73.952
7.804 16.504 73.947
7.801 16.505 73.942
7.798 16.506 73.935
7.794 16.506 73.929
7.790 16.508 73.921
7.786 16.509 73.913
7.782 16.510 73.904
7.777 16.512 73.894
7.771 16.513 73.883
7.765 16.515 73.871
7.759 16.517 73.857
7.751 16.519 73.843
7.743 16.521 73.827
7.734 16.524 73.809
7.724 16.527 73.789
7.714 16.530 73.768
7.702 16.533 73.744
7.689 16.537 73.718
7.674 16.541 73.689
7.659 16.546 73.658
7.641 16.551 73.623
7.622 16.556 73.585
7.601 16.562 73.543
7.578 16.569 73.496
7.552 16.576 73.445
7.524 16.584 73.389
7.493 16.593 73.328
7.460 16.603 73.260
7.422 16.614 73.186
7.381 16.626 73.104
7.337 16.638 73.015
7.292 16.651 72.926
7.248 16.664 72.838
7.204 16.677 72.749
7.159 16.690 72.660
7.115 16.702 72.571
7.070 16.715 72.483
7.026 16.728 72.394
6.982 16.741 72.305
6.937 16.754 72.217
6.893 16.766 72.128
6.848 16.779 72.039
6.804 16.792 71.951
6.760 16.805 71.862
6.715 16.817 71.773
6.671 16.830 71.685
6.626 16.843 71.596
6.582 16.856 71.507
6.538 16.869 71.419
6.493 16.881 71.330
6.449 16.894 71.241
6.404 16.907 71.153
6.360 16.920 71.064
6.316 16.933 70.975
6.271 16.945 70.886
6.227 16.958 70.798
6.182 16.971 70.709
6.138 16.984 70.620
6.094 16.997 70.532
6.049 17.009 70.443
6.005 17.022 70.354
5.960 17.035 70.266
5.916 17.048 70.177
5.872 17.060 70.088
5.827 17.073 70.000
5.783 17.086 69.911
5.739 17.099 69.822
5.694 17.112 69.734
5.650 17.124 69.645
5.605 17.137 69.556
5.561 17.150 69.467
5.517 17.163 69.379
5.472 17.175 69.290
5.428 17.188 69.201
5.383 17.201 69.113
5.339 17.214 69.024
5.294 17.227 68.935
5.250 17.239 68.847
5.206 17.252 68.758
5.161 17.265 68.669
5.117 17.278 68.581
5.072 17.290 68.492
5.028 17.303 68.403
4.984 17.316 68.315
4.939 17.329 68.226
4.895 17.342 68.137
4.850 17.354 68.049
4.806 17.367 67.960
4.762 17.380 67.871
4.717 17.393 67.783
4.673 17.406 67.694
4.628 17.418 67.605
4.584 17.431 67.517
4.540 17.444 67.428
4.495 17.457 67.339
4.451 17.470 67.251
4.406 17.483 67.162
4.362 17.495 67.073
4.317 17.508 66.985
4.273 17.521 66.896
4.229 17.534 66.807
4.184 17.547 66.718
4.140 17.559 66.630
4.095 17.572 66.541
4.051 17.585 66.452
4.007 17.598 66.364
3.962 17.610 66.275
3.918 17.623 66.186
3.874 17.636 66.098
3.829 17.649 66.009
3.785 17.661 65.920
3.741 17.674 65.831
3.696 17.687 65.743
3.652 17.700 65.654
3.608 17.712 65.565
3.563 17.725 65.477
3.519 17.738 65.388
3.475 17.751 65.299
3.430 17.763 65.210
3.386 17.776 65.122
3.342 17.789 65.033
3.297 17.802 64.944
3.253 17.814 64.855
3.209 17.827 64.767
3.164 17.840 64.678
3.120 17.852 64.589
3.076 17.865 64.501
3.031 17.878 64.412
2.987 17.891 64.323
2.943 17.903 64.234
2.898 17.916 64.146
2.854 17.929 64.057
2.809 17.942 63.968
2.765 17.954 63.880
2.721 17.967 63.791
2.676 17.980 63.702
2.632 17.992 63.614
2.587 18.005 63.525
2.543 18.018 63.436
2.499 18.031 63.347
2.454 18.043 63.259
2.410 18.056 63.170
2.365 18.069 63.081
2.321 18.082 62.993
2.276 18.094 62.904
2.232 18.107 62.815
2.188 18.120 62.727
2.143 18.132 62.638
2.099 18.145 62.549
2.054 18.158 62.461
2.010 18.171 62.372
1.965 18.183 62.283
1.921 18.196 62.195
1.877 18.209 62.106
1.832 18.221 62.017
1.788 18.234 61.929
1.743 18.247 61.840
1.699 18.259 61.751
1.655 18.272 61.662
1.610 18.285 61.574
1.566 18.298 61.485
1.521 18.310 61.396
1.477 18.323 61.308
1.432 18.336 61.219
1.388 18.348 61.130
1.344 18.361 61.042
1.299 18.374 60.953
1.255 18.387 60.864
1.210 18.399 60.776
1.166 18.412 60.687
1.122 18.425 60.598
1.077 18.438 60.509
1.033 18.450 60.421
0.989 18.463 60.332
0.944 18.476 60.243
0.900 18.489 60.155
0.856 18.502 60.066
0.811 18.514 59.977
0.767 18.527 59.888
0.723 18.540 59.800
0.678 18.553 59.711
0.634 18.565 59.622
0.590 18.578 59.534
0.545 18.591 59.445
0.501 18.604 59.356
0.456 18.617 59.267
0.412 18.629 59.179
0.368 18.642 59.090
0.323 18.655 59.001
0.279 18.668 58.913
0.235 18.680 58.824
0.190 18.693 58.735
0.146 18.706 58.647
0.102 18.719 58.558
0.057 18.732 58.469
0.013 18.744 58.380
-0.031 18.757 58.292
-0.076 18.770 58.203
-0.120 18.783 58.114
-0.164 18.796 58.026
-0.209 18.808 57.937
-0.253 18.821 57.848
-0.297 18.834 57.759
-0.342 18.847 57.671
-0.386 18.859 57.582
-0.431 18.872 57.493
-0.475 18.885 57.405
-0.519 18.898 57.316
-0.564 18.911 57.227
-0.608 18.923 57.139
-0.652 18.936 57.050
-0.697 18.949 56.961
-0.741 18.962 56.872
-0.786 18.974 56.784
-0.830 18.987 56.695
-0.875 18.999 56.606
-0.919 19.012 56.518
-0.964 19.024 56.429
-1.008 19.037 56.340
-1.053 19.049 56.252
-1.097 19.061 56.163
-1.142 19.074 56.074
-1.186 19.086 55.986
-1.231 19.099 55.897
-1.276 19.111 55.808
-1.320 19.123 55.720
-1.365 19.136 55.631
-1.409 19.148 55.542
-1.454 19.161 55.454
-1.498 19.173 55.365
-1.543 19.185 55.276
-1.588 19.198 55.188
-1.632 19.210 55.099
-1.677 19.222 55.011
-1.721 19.235 54.922
-1.766 19.247 54.833
-1.810 19.260 54.745
-1.855 19.272 54.656
-1.899 19.284 54.567
-1.944 19.297 54.479
-1.989 19.309 54.390
-2.033 19.322 54.301
-2.078 19.334 54.213
-2.122 19.346 54.124
-2.167 19.359 54.035
-2.211 19.371 53.947
-2.256 19.383 53.858
-2.301 19.396 53.769
-2.345 19.408 53.681
-2.390 19.421 53.592
-2.434 19.433 53.503
-2.479 19.445 53.415
-2.523 19.458 53.326
-2.568 19.470 53.237
-2.613 19.483 53.149
-2.657 19.495 53.060
-2.702 19.507 52.971
-2.746 19.520 52.883
-2.791 19.532 52.794
-2.835 19.544 52.705
-2.880 19.557 52.617
-2.924 19.569 52.528
-2.969 19.582 52.439
-3.013 19.594 52.351
-3.058 19.606 52.262
-3.103 19.619 52.173
-3.147 19.631 52.085
-3.192 19.644 51.996
-3.236 19.656 51.907
-3.281 19.668 51.819
-3.325 19.681 51.730
-3.370 19.693 51.641
-3.414 19.705 51.553
-3.459 19.718 51.464
-3.504 19.730 51.375
-3.548 19.743 51.287
-3.593 19.755 51.198
-3.637 19.768 51.109
-3.682 19.780 51.021
-3.726 19.793 50.932
-3.771 19.805 50.844
-3.816 19.818 50.755
-3.860 19.831 50.666
-3.905 19.843 50.578
-3.949 19.856 50.489
-3.994 19.869 50.401
-4.039 19.882 50.312
-4.083 19.894 50.223
-4.128 19.907 50.135
-4.172 19.920 50.046
-4.217 19.932 49.958
-4.262 19.945 49.869
-4.306 19.958 49.780
-4.351 19.971 49.692
-4.395 19.983 49.603
-4.440 19.996 49.515
-4.485 20.009 49.426
-4.529 20.021 49.337
-4.574 20.034 49.249
-4.618 20.047 49.160
-4.663 20.060 49.072
-4.708 20.072 48.983
-4.752 20.085 48.894
-4.797 20.098 48.806
-4.841 20.110 48.717
-4.886 20.123 48.629
-4.931 20.136 48.540
-4.975 20.148 48.451
-5.020 20.161 48.363
-5.064 20.174 48.274
-5.109 20.187 48.186
-5.153 20.199 48.097
-5.198 20.212 48.008
-5.243 20.225 47.920
-5.287 20.237 47.831
-5.332 20.250 47.743
-5.376 20.263 47.654
-5.421 20.275 47.565
-5.466 20.288 47.477
-5.510 20.301 47.388
-5.555 20.314 47.300
-5.599 20.326 47.211
-5.644 20.339 47.122
-5.689 20.352 47.034
-5.733 20.364 46.945
-5.778 20.377 46.857
-5.822 20.390 46.768
-5.867 20.402 46.680
-5.912 20.415 46.591
-5.956 20.428 46.502
-6.001 20.440 46.414
-6.046 20.453 46.325
-6.090 20.466 46.237
-6.135 20.478 46.148
-6.180 20.491 46.059
-6.224 20.504 45.971
-6.269 20.516 45.882
-6.314 20.529 45.794
-6.358 20.542 45.705
-6.403 20.554 45.617
-6.448 20.567 45.528
-6.492 20.580 45.439
-6.537 20.592 45.351
-6.581 20.605 45.262
-6.626 20.618 45.174
-6.671 20.630 45.085
-6.715 20.643 44.997
-6.760 20.656 44.908
-6.805 20.668 44.819
-6.849 20.681 44.731
-6.894 20.694 44.642
-6.939 20.706 44.554
-6.983 20.719 44.465
-7.028 20.732 44.377
-7.073 20.744 44.288
-7.117 20.757 44.199
-7.162 20.770 44.111
-7.206 20.782 44.022
-7.251 20.795 43.934
-7.296 20.808 43.845
-7.340 20.820 43.756
-7.385 20.833 43.668
-7.429 20.846 43.579
-7.474 20.858 43.491
-7.518 20.871 43.402
-7.563 20.884 43.313
-7.607 20.897 43.225
-7.652 20.909 43.136
-7.696 20.922 43.047
-7.741 20.935 42.959
-7.785 20.947 42.870
-7.829 20.960 42.781
-7.874 20.973 42.692
-7.918 20.985 42.604
-7.963 20.998 42.515
-8.007 21.011 42.426
-8.051 21.023 42.338
-8.096 21.036 42.249
-8.140 21.049 42.160
-8.185 21.062 42.072
-8.229 21.074 41.983
-8.274 21.087 41.894
-8.318 21.100 41.805
-8.362 21.112 41.717
-8.407 21.125 41.628
-8.451 21.138 41.539
-8.496 21.150 41.451
-8.540 21.163 41.362
-8.584 21.176 41.273
-8.629 21.188 41.185
-8.673 21.201 41.096
-8.718 21.214 41.007
-8.762 21.227 40.919
-8.807 21.239 40.830
-8.851 21.252 40.741
-8.895 21.265 40.653
-8.940 21.277 40.564
-8.984 21.290 40.475
-9.029 21.303 40.387
-9.073 21.316 40.298
-9.118 21.328 40.209
-9.162 21.341 40.121
-9.207 21.354 40.032
-9.251 21.366 39.943
-9.295 21.379 39.855
-9.340 21.392 39.766
-9.384 21.404 39.677
-9.429 21.417 39.589
-9.473 21.430 39.500
-9.518 21.442 39.411
-9.562 21.455 39.323
-9.607 21.468 39.234
-9.651 21.480 39.145
-9.696 21.493 39.056
-9.740 21.506 38.968
-9.784 21.518 38.879
-9.829 21.531 38.790
-9.873 21.544 38.702
-9.918 21.556 38.613
-9.962 21.569 38.524
-10.007 21.582 38.436
-10.051 21.594 38.347
-10.096 21.607 38.258
-10.140 21.620 38.170
-10.185 21.632 38.081
-10.229 21.645 37.992
-10.273 21.657 37.904
-10.318 21.670 37.815
-10.362 21.683 37.726
-10.407 21.695 37.638
-10.451 21.708 37.549
-10.496 21.721 37.460
-10.540 21.733 37.372
-10.585 21.746 37.283
-10.629 21.759 37.194
-10.674 21.771 37.106
-10.718 21.784 37.017
-10.762 21.797 36.928
-10.807 21.809 36.840
-10.851 21.822 36.751
-10.896 21.835 36.662
-10.940 21.847 36.574
-10.985 21.860 36.485
-11.029 21.873 36.396
-11.074 21.885 36.307
-11.118 21.898 36.219
-11.162 21.911 36.130
-11.207 21.923 36.041
-11.251 21.936 35.953
-11.296 21.949 35.864
-11.340 21.961 35.775
-11.385 21.974 35.687
-11.429 21.987 35.598
-11.473 21.999 35.509
-11.518 22.012 35.421
-11.562 22.025 35.332
-11.607 22.037 35.243
-11.651 22.050 35.155
-11.696 22.063 35.066
-11.740 22.075 34.977
-11.784 22.088 34.889
-11.829 22.101 34.800
-11.873 22.113 34.711
-11.918 22.126 34.622
-11.962 22.139 34.534
-12.007 22.151 34.445
-12.051 22.164 34.356
-12.096 22.177 34.268
-12.140 22.189 34.179
-12.184 22.202 34.091
-12.229 22.215 34.002
-12.274 22.228 33.914
-12.319 22.240 33.825
-12.365 22.254 33.737
-12.410 22.267 33.649
-12.456 22.280 33.561
-12.502 22.293 33.473
-12.547 22.306 33.385
-12.593 22.319 33.297
-12.639 22.332 33.209
-12.685 22.345 33.121
-12.730 22.358 33.033
-12.776 22.371 32.945
-12.822 22.384 32.857
-12.868 22.398 32.769
-12.913 22.411 32.681
-12.959 22.424 32.594
-13.005 22.437 32.506
-13.051 22.450 32.418
-13.096 22.463 32.330
-13.142 22.476 32.242
-13.188 22.489 32.154
-13.233 22.502 32.066
-13.279 22.515 31.978
-13.325 22.529 31.890
-13.371 22.542 31.802
-13.416 22.555 31.714
-13.462 22.568 31.626
-13.508 22.581 31.538
-13.554 22.594 31.450
-13.599 22.607 31.362
-13.645 22.620 31.274
-13.691 22.633 31.186
-13.737 22.646 31.098
-13.782 22.659 31.010
-13.828 22.672 30.922
-13.874 22.686 30.834
-13.919 22.699 30.746
-13.965 22.712 30.658
-14.011 22.725 30.570
-14.057 22.738 30.483
-14.102 22.751 30.395
-14.148 22.764 30.307
-14.194 22.777 30.219
-14.240 22.790 30.131
-14.285 22.803 30.043
-14.331 22.816 29.955
-14.377 22.830 29.867
-14.423 22.843 29.779
-14.468 22.856 29.691
-14.514 22.869 29.603
-14.560 22.882 29.515
-14.605 22.895 29.427
-14.651 22.908 29.339
-14.697 22.921 29.251
-14.743 22.934 29.163
-14.788 22.947 29.075
-14.834 22.960 28.987
-14.880 22.974 28.899
-14.926 22.987 28.811
-14.971 23.000 28.723
-15.017 23.013 28.635
-15.063 23.026 28.547
-15.108 23.039 28.459
-15.154 23.052 28.371
-15.200 23.065 28.283
-15.246 23.078 28.196
-15.291 23.091 28.108
-15.337 23.104 28.020
-15.383 23.118 27.932
-15.429 23.131 27.844
-15.474 23.144 27.756
-15.520 23.157 27.668
-15.566 23.170 27.580
-15.612 23.183 27.492
-15.657 23.196 27.404
-15.703 23.209 27.316
-15.749 23.223 27.228
-15.794 23.236 27.140
-15.840 23.249 27.052
-15.886 23.262 26.964
-15.932 23.275 26.876
-15.977 23.288 26.788
-16.023 23.301 26.700
-16.069 23.314 26.612
-16.115 23.328 26.524
-16.160 23.341 26.436
-16.206 23.354 26.348
-16.252 23.367 26.260
-16.297 23.380 26.172
-16.343 23.393 26.084
-16.389 23.406 25.996
-16.434 23.419 25.908
-16.480 23.431 25.820
-16.525 23.444 25.732
-16.571 23.457 25.644
-16.616 23.470 25.556
-16.662 23.483 25.468
-16.708 23.496 25.380
-16.753 23.509 25.292
-16.799 23.522 25.204
-16.844 23.534 25.116
-16.890 23.547 25.028
-16.935 23.560 24.939
-16.981 23.573 24.851
-17.027 23.586 24.763
-17.072 23.599 24.675
-17.118 23.612 24.587
-17.163 23.624 24.499
-17.209 23.637 24.411
-17.255 23.650 24.323
-17.300 23.663 24.235
-17.346 23.676 24.147
-17.391 23.689 24.059
-17.437 23.702 23.971
-17.482 23.715 23.883
-17.528 23.727 23.795
-17.574 23.740 23.707
-17.619 23.753 23.618
-17.665 23.766 23.530
-17.710 23.779 23.442
-17.756 23.792 23.354
-17.802 23.805 23.266
-17.847 23.818 23.178
-17.893 23.830 23.090
-17.938 23.843 23.002
-17.984 23.856 22.914
-18.030 23.869 22.826
-18.075 23.882 22.738
-18.121 23.895 22.650
-18.166 23.908 22.562
-18.212 23.920 22.474
-18.258 23.933 22.386
-18.303 23.946 22.298
-18.349 23.959 22.209
-18.394 23.972 22.121
-18.440 23.985 22.033
-18.486 23.998 21.945
-18.531 24.011 21.857
-18.577 24.023 21.769
-18.623 24.036 21.681
-18.668 24.049 21.593
-18.714 24.062 21.505
-18.759 24.075 21.417
-18.805 24.088 21.329
-18.851 24.101 21.241
-18.896 24.113 21.153
-18.942 24.126 21.065
-18.987 24.139 20.977
-19.033 24.152 20.889
-19.079 24.165 20.801
-19.124 24.178 20.712
-19.170 24.191 20.624
-19.215 24.204 20.536
-19.261 24.217 20.448
-19.306 24.230 20.360
-19.352 24.243 20.272
-19.397 24.256 20.184
-19.443 24.269 20.096
-19.489 24.282 20.008
-19.534 24.295 19.920
-19.580 24.308 19.832
-19.625 24.321 19.744
-19.671 24.334 19.656
-19.716 24.347 19.568
-19.762 24.360 19.480
-19.807 24.373 19.391
-19.853 24.386 19.303
-19.898 24.399 19.215
-19.944 24.412 19.127
-19.990 24.425 19.039
-20.035 24.438 18.951
-20.081 24.451 18.863
-20.126 24.464 18.775
-20.172 24.477 18.687
-20.217 24.490 18.599
-20.263 24.503 18.511
-20.308 24.516 18.423
-20.354 24.529 18.335
-20.400 24.542 18.247
-20.445 24.555 18.159
-20.491 24.568 18.070
-20.536 24.581 17.982
-20.582 24.594 17.894
-20.627 24.607 17.806
-20.673 24.620 17.718
-20.718 24.633 17.630
-20.764 24.646 17.542
-20.809 24.659 17.454
-20.855 24.672 17.366
-20.901 24.685 17.278
-20.946 24.698 17.190
-20.992 24.711 17.102
-21.037 24.724 17.014
-21.083 24.737 16.926
-21.128 24.750 16.838
-21.174 24.763 16.749
-21.220 24.776 16.661
-21.265 24.789 16.573
-21.311 24.802 16.485
-21.356 24.815 16.397
-21.402 24.828 16.309
-21.448 24.840 16.221
-21.493 24.853 16.133
-21.539 24.866 16.045
-21.585 24.879 15.957
-21.630 24.892 15.869
-21.676 24.905 15.781
-21.721 24.918 15.693
-21.767 24.931 15.605
-21.813 24.944 15.517
-21.858 24.956 15.429
-21.904 24.969 15.341
-21.950 24.982 15.253
-21.995 24.995 15.165
-22.041 25.008 15.077
-22.087 25.021 14.989
-22.132 25.034 14.901
-22.178 25.047 14.813
-22.224 25.059 14.725
-22.269 25.072 14.637
-22.315 25.085 14.548
-22.360 25.098 14.460
-22.406 25.111 14.372
-22.452 25.124 14.284
-22.497 25.137 14.196
-22.543 25.150 14.108
-22.589 25.163 14.020
-22.634 25.175 13.932
-22.680 25.188 13.844
-22.726 25.201 13.756
-22.771 25.214 13.668
-22.817 25.227 13.580
-22.863 25.240 13.492
-22.908 25.253 13.404
-22.954 25.266 13.316
-22.999 25.278 13.228
-23.045 25.291 13.140
-23.091 25.304 13.052
-23.136 25.317 12.964
-23.182 25.330 12.876
-23.227 25.343 12.788
-23.273 25.356 12.699
-23.318 25.369 12.611
-23.364 25.382 12.523
-23.409 25.395 12.435
-23.455 25.408 12.347
-23.500 25.420 12.259
-23.546 25.433 12.171
-23.592 25.446 12.083
-23.637 25.459 11.995
-23.683 25.472 11.907
-23.728 25.485 11.819
-23.774 25.498 11.730
-23.819 25.511 11.642
-23.865 25.524 11.554
-23.910 25.537 11.466
-23.956 25.550 11.378
-24.001 25.562 11.290
-24.047 25.575 11.202
-24.092 25.588 11.114
-24.138 25.601 11.026
-24.184 25.614 10.938
-24.229 25.627 10.850
-24.275 25.640 10.762
-24.320 25.653 10.674
-24.366 25.666 10.586
-24.411 25.679 10.497
-24.457 25.692 10.409
-24.503 25.705 10.321
-24.548 25.718 10.233
-24.594 25.731 10.145
-24.639 25.744 10.057
-24.685 25.757 9.969
-24.731 25.770 9.881
-24.776 25.783 9.793
-24.822 25.796 9.705
-24.867 25.809 9.617
-24.913 25.822 9.529
-24.959 25.835 9.441
-25.004 25.848 9.353
-25.050 25.861 9.265
-25.095 25.874 9.177
-25.141 25.886 9.089
-25.187 25.899 9.001
-25.232 25.912 8.913
-25.278 25.925 8.824
-25.323 25.938 8.736
-25.369 25.951 8.648
-25.415 25.964 8.560
-25.460 25.977 8.472
-25.506 25.990 8.384
-25.551 26.002 8.296
-25.597 26.015 8.208
-25.643 26.028 8.120
-25.688 26.041 8.032
-25.734 26.054 7.944
-25.779 26.067 7.856
-25.825 26.080 7.768
-25.870 26.093 7.680
-25.916 26.105 7.592
-25.962 26.118 7.504
-26.007 26.131 7.415
-26.053 26.144 7.327
-26.098 26.157 7.239
-26.144 26.170 7.151
-26.190 26.183 7.063
-26.235 26.196 6.975
-26.281 26.209 6.887
-26.326 26.221 6.799
-26.372 26.234 6.711
-26.418 26.247 6.623
-26.463 26.260 6.535
-26.509 26.273 6.447
-26.554 26.286 6.359
-26.600 26.299 6.271
-26.646 26.312 6.183
-26.691 26.325 6.095
-26.737 26.337 6.006
-26.782 26.350 5.918
-26.828 26.363 5.830
-26.873 26.376 5.742
-26.919 26.389 5.654
-26.965 26.402 5.566
-27.010 26.415 5.478
-27.056 26.428 5.390
-27.101 26.441 5.302
-27.147 26.453 5.214
-27.193 26.466 5.126
-27.238 26.479 5.038
-27.284 26.492 4.950
-27.329 26.505 4.862
-27.375 26.518 4.774
-27.421 26.531 4.686
-27.466 26.544 4.597
-27.512 26.557 4.509
-27.557 26.569 4.421
-27.603 26.582 4.333
-27.649 26.595 4.245
-27.694 26.608 4.157
-27.740 26.621 4.069
-27.785 26.634 3.981
-27.831 26.647 3.893
-27.876 26.660 3.805
-27.922 26.674 3.717
-27.967 26.688 3.629
-28.012 26.702 3.541
-28.057 26.717 3.453
-28.102 26.731 3.365
-28.148 26.746 3.277
-28.193 26.761 3.189
-28.238 26.775 3.101
-28.283 26.790 3.013
-28.328 26.805 2.925
-28.373 26.820 2.836
-28.418 26.834 2.748
-28.463 26.849 2.660
-28.508 26.864 2.572
-28.553 26.878 2.484
-28.598 26.893 2.396
-28.644 26.908 2.308
-28.689 26.922 2.220
-28.734 26.937 2.132
-28.779 26.952 2.044
-28.824 26.967 1.956
-28.869 26.981 1.868
-28.914 26.996 1.780
-28.959 27.011 1.692
-29.004 27.025 1.604
-29.049 27.040 1.516
-29.094 27.055 1.428
-29.140 27.069 1.340
-29.185 27.084 1.252
-29.230 27.099 1.164
-29.275 27.114 1.076
-29.320 27.128 0.988
-29.365 27.143 0.900
-29.410 27.158 0.812
-29.455 27.172 0.724
-29.500 27.187 0.636
-29.545 27.202 0.548
-29.591 27.216 0.460
-29.636 27.231 0.371
-29.681 27.246 0.283
-29.726 27.260 0.195
-29.771 27.275 0.107
-29.816 27.290 0.019
-29.861 27.305 -0.069
-29.906 27.319 -0.157
-29.951 27.334 -0.245
-29.996 27.349 -0.333
-30.041 27.363 -0.421
-30.087 27.378 -0.509
-30.132 27.393 -0.597
-30.177 27.407 -0.685
-30.222 27.422 -0.773
-30.267 27.437 -0.861
-30.312 27.452 -0.949
-30.357 27.466 -1.037
-30.402 27.481 -1.125
-30.447 27.496 -1.213
-30.492 27.510 -1.301
-30.537 27.525 -1.389
-30.582 27.540 -1.477
-30.628 27.554 -1.565
-30.673 27.569 -1.653
-30.718 27.584 -1.741
-30.763 27.599 -1.830
-30.808 27.613 -1.918
-30.853 27.628 -2.006
-30.898 27.643 -2.094
-30.943 27.657 -2.182
-30.988 27.672 -2.270
-31.033 27.687 -2.358
-31.078 27.701 -2.446
-31.124 27.716 -2.534
-31.169 27.731 -2.622
-31.214 27.746 -2.710
-31.259 27.760 -2.798
-31.304 27.775 -2.886
-31.349 27.790 -2.974
