8.271 9.613 -2.900
8.280 9.610 -2.801
8.289 9.608 -2.701
8.299 9.606 -2.602
8.308 9.604 -2.502
8.317 9.601 -2.403
8.326 9.599 -2.303
8.335 9.597 -2.204
8.345 9.594 -2.104
8.354 9.592 -2.005
8.363 9.590 -1.905
8.372 9.588 -1.805
8.381 9.585 -1.706
8.391 9.583 -1.606
8.400 9.581 -1.507
8.409 9.579 -1.407
8.418 9.576 -1.308
8.428 9.574 -1.208
8.437 9.572 -1.109
8.446 9.570 -1.009
8.455 9.567 -0.909
8.464 9.565 -0.810
8.474 9.563 -0.710
8.483 9.560 -0.611
8.492 9.558 -0.511
8.501 9.556 -0.412
8.510 9.554 -0.312
8.520 9.551 -0.213
8.529 9.549 -0.113
8.538 9.547 -0.014
8.547 9.545 0.086
8.556 9.542 0.186
8.566 9.540 0.285
8.575 9.538 0.385
8.584 9.535 0.484
8.593 9.533 0.584
8.602 9.531 0.683
8.612 9.529 0.783
8.621 9.526 0.882
8.630 9.524 0.982
8.639 9.522 1.082
8.648 9.520 1.181
8.657 9.517 1.281
8.667 9.515 1.380
8.676 9.513 1.480
8.685 9.511 1.579
8.694 9.508 1.679
8.703 9.506 1.778
8.712 9.504 1.878
8.722 9.502 1.978
8.731 9.499 2.077
8.740 9.497 2.177
8.749 9.495 2.276
8.758 9.493 2.376
8.767 9.490 2.475
8.776 9.488 2.575
8.786 9.486 2.674
8.795 9.484 2.774
8.804 9.481 2.873
8.813 9.479 2.973
8.822 9.477 3.073
8.831 9.475 3.172
8.840 9.473 3.272
8.850 9.470 3.371
8.859 9.468 3.471
8.868 9.466 3.570
8.877 9.464 3.670
8.886 9.462 3.769
8.895 9.459 3.869
8.904 9.457 3.969
8.913 9.455 4.068
8.922 9.453 4.168
8.931 9.451 4.267
8.940 9.449 4.367
8.948 9.447 4.467
8.957 9.445 4.566
8.966 9.442 4.666
8.975 9.440 4.765
8.984 9.438 4.865
8.993 9.436 4.964
9.002 9.434 5.064
9.011 9.432 5.164
9.020 9.430 5.263
9.029 9.428 5.363
9.038 9.426 5.462
9.047 9.423 5.562
9.056 9.421 5.661
9.065 9.419 5.761
9.074 9.417 5.861
9.083 9.415 5.960
9.091 9.413 6.060
9.100 9.411 6.159
9.109 9.409 6.259
9.118 9.407 6.358
9.127 9.405 6.458
9.135 9.402 6.558
9.144 9.400 6.657
9.152 9.398 6.757
9.161 9.396 6.857
9.169 9.394 6.956
9.178 9.392 7.056
9.186 9.390 7.155
9.194 9.388 7.255
9.203 9.386 7.355
9.211 9.384 7.454
9.220 9.382 7.554
9.228 9.380 7.654
9.236 9.378 7.753
9.245 9.376 7.853
9.253 9.374 7.952
9.262 9.372 8.052
9.270 9.370 8.152
9.278 9.368 8.251
9.287 9.366 8.351
9.295 9.364 8.451
9.304 9.362 8.550
9.312 9.360 8.650
9.320 9.358 8.749
9.329 9.356 8.849
9.337 9.354 8.949
9.346 9.352 9.048
9.354 9.350 9.148
9.363 9.348 9.247
9.365 9.348 9.260
9.366 9.348 9.272
9.367 9.347 9.285
9.369 9.347 9.299
9.370 9.347 9.315
9.372 9.347 9.332
9.374 9.347 9.350
9.377 9.347 9.371
9.379 9.346 9.394
9.382 9.346 9.418
9.385 9.346 9.446
9.389 9.346 9.476
9.392 9.345 9.509
9.397 9.345 9.546
9.401 9.345 9.586
9.406 9.344 9.630
9.412 9.344 9.679
9.418 9.343 9.732
9.425 9.343 9.791
9.432 9.342 9.856
9.441 9.342 9.928
9.450 9.341 10.006
9.460 9.340 10.092
9.471 9.339 10.187
9.482 9.339 10.287
9.494 9.338 10.386
9.505 9.337 10.485
9.517 9.336 10.585
9.528 9.335 10.684
9.540 9.334 10.783
9.551 9.333 10.883
9.562 9.333 10.982
9.574 9.332 11.081
9.585 9.331 11.181
9.597 9.330 11.280
9.608 9.329 11.379
9.620 9.328 11.479
9.631 9.327 11.578
9.643 9.327 11.677
9.654 9.326 11.777
9.666 9.325 11.876
9.677 9.324 11.975
9.689 9.323 12.075
9.701 9.322 12.174
9.712 9.321 12.273
9.724 9.320 12.373
9.736 9.320 12.472
9.748 9.319 12.571
9.760 9.318 12.670
9.772 9.317 12.770
9.784 9.316 12.869
9.795 9.315 12.968
9.807 9.314 13.068
9.819 9.313 13.167
9.831 9.312 13.266
9.843 9.311 13.365
9.855 9.310 13.465
9.867 9.310 13.564
9.879 9.309 13.663
9.891 9.308 13.763
9.902 9.307 13.862
9.914 9.306 13.961
9.926 9.305 14.060
9.938 9.304 14.160
9.950 9.303 14.259
9.962 9.302 14.358
9.974 9.301 14.458
9.986 9.300 14.557
9.998 9.300 14.656
10.010 9.299 14.755
10.021 9.298 14.855
10.033 9.297 14.954
10.045 9.296 15.053
10.057 9.295 15.153
10.069 9.294 15.252
10.081 9.293 15.351
10.093 9.292 15.450
10.105 9.291 15.550
10.117 9.290 15.649
10.129 9.290 15.748
10.141 9.289 15.847
10.153 9.288 15.947
10.165 9.287 16.046
10.177 9.286 16.145
10.189 9.285 16.245
10.201 9.284 16.344
10.213 9.283 16.443
10.225 9.282 16.542
10.237 9.281 16.642
10.249 9.280 16.741
10.261 9.280 16.840
10.273 9.279 16.940
10.285 9.278 17.039
10.297 9.277 17.138
10.309 9.276 17.237
10.320 9.275 17.337
10.332 9.274 17.436
10.344 9.273 17.535
10.356 9.272 17.634
10.368 9.271 17.734
10.380 9.270 17.833
10.392 9.270 17.932
10.404 9.269 18.032
10.416 9.268 18.131
10.428 9.267 18.230
10.440 9.266 18.329
10.452 9.265 18.429
10.464 9.264 18.528
10.476 9.263 18.627
10.488 9.262 18.726
10.500 9.261 18.826
10.512 9.260 18.925
10.524 9.260 19.024
10.536 9.259 19.124
10.548 9.258 19.223
10.560 9.257 19.322
10.572 9.256 19.421
10.584 9.255 19.521
10.596 9.254 19.620
10.608 9.253 19.719
10.620 9.252 19.818
10.632 9.251 19.918
10.644 9.250 20.017
10.656 9.249 20.116
10.668 9.249 20.216
10.680 9.248 20.315
10.692 9.247 20.414
10.704 9.246 20.513
10.716 9.245 20.613
10.728 9.244 20.712
10.740 9.243 20.811
10.752 9.242 20.910
10.764 9.241 21.010
10.776 9.240 21.109
10.788 9.239 21.208
10.800 9.239 21.308
10.812 9.238 21.407
10.824 9.237 21.506
10.836 9.236 21.605
10.848 9.235 21.705
10.860 9.234 21.804
10.872 9.233 21.903
10.884 9.232 22.002
10.896 9.231 22.102
10.908 9.230 22.201
10.920 9.229 22.300
10.932 9.229 22.400
10.944 9.228 22.499
10.956 9.227 22.598
10.968 9.226 22.697
10.980 9.225 22.797
10.992 9.224 22.896
11.004 9.223 22.995
11.016 9.222 23.094
11.028 9.221 23.194
11.040 9.220 23.293
11.052 9.219 23.392
11.064 9.219 23.492
11.076 9.218 23.591
11.088 9.217 23.690
11.100 9.216 23.789
11.112 9.215 23.889
11.124 9.214 23.988
11.136 9.213 24.087
11.148 9.212 24.186
11.160 9.211 24.286
11.172 9.210 24.385
11.184 9.209 24.484
11.196 9.209 24.584
11.208 9.208 24.683
11.220 9.207 24.782
11.232 9.206 24.881
11.244 9.205 24.981
11.256 9.204 25.080
11.268 9.203 25.179
11.280 9.202 25.278
11.292 9.201 25.378
11.304 9.200 25.477
11.316 9.200 25.576
11.328 9.199 25.676
11.340 9.198 25.775
11.352 9.197 25.874
11.364 9.196 25.973
11.376 9.195 26.073
11.388 9.194 26.172
11.400 9.193 26.271
11.412 9.192 26.370
11.424 9.191 26.470
11.436 9.191 26.569
11.447 9.190 26.668
11.459 9.189 26.768
11.471 9.188 26.867
11.483 9.187 26.966
11.495 9.186 27.065
11.507 9.185 27.165
11.519 9.184 27.264
11.531 9.183 27.363
11.543 9.182 27.463
11.555 9.181 27.562
11.567 9.181 27.661
11.579 9.180 27.760
11.591 9.179 27.860
11.603 9.178 27.959
11.615 9.177 28.058
11.627 9.176 28.157
11.638 9.175 28.257
11.650 9.174 28.356
11.662 9.173 28.455
11.674 9.172 28.555
11.686 9.171 28.654
11.698 9.171 28.753
11.710 9.170 28.852
11.722 9.169 28.952
11.734 9.168 29.051
11.746 9.167 29.150
11.758 9.166 29.250
11.769 9.165 29.349
11.781 9.164 29.448
11.793 9.163 29.547
11.805 9.162 29.647
11.816 9.161 29.746
11.828 9.160 29.845
11.839 9.159 29.945
11.851 9.158 30.044
11.863 9.157 30.143
11.874 9.156 30.243
11.886 9.155 30.342
11.897 9.154 30.441
11.909 9.153 30.541
11.920 9.152 30.640
11.932 9.151 30.739
11.943 9.150 30.839
11.955 9.149 30.938
11.966 9.148 31.037
11.978 9.147 31.137
11.989 9.146 31.236
12.001 9.145 31.335
12.013 9.144 31.435
12.024 9.143 31.534
12.036 9.142 31.633
12.047 9.141 31.733
12.059 9.140 31.832
12.070 9.139 31.931
12.082 9.138 32.031
12.093 9.137 32.130
12.105 9.136 32.229
12.116 9.135 32.328
12.127 9.133 32.428
12.139 9.132 32.527
12.150 9.131 32.627
12.161 9.129 32.726
12.172 9.128 32.825
12.183 9.127 32.925
12.194 9.125 33.024
12.205 9.124 33.124
12.216 9.122 33.223
12.227 9.121 33.322
12.238 9.119 33.422
12.249 9.118 33.521
12.260 9.117 33.620
12.271 9.115 33.720
12.282 9.114 33.819
12.294 9.112 33.919
12.305 9.111 34.018
12.316 9.109 34.117
12.327 9.108 34.217
12.338 9.106 34.316
12.349 9.105 34.415
12.360 9.104 34.515
12.371 9.102 34.614
12.382 9.101 34.714
12.393 9.099 34.813
12.404 9.098 34.912
12.415 9.096 35.012
12.426 9.095 35.111
12.438 9.093 35.210
12.450 9.091 35.309
12.462 9.089 35.409
12.474 9.087 35.508
12.486 9.085 35.607
12.498 9.084 35.707
12.510 9.082 35.806
12.522 9.080 35.905
12.534 9.078 36.004
12.546 9.076 36.104
12.558 9.074 36.203
12.570 9.072 36.302
12.582 9.070 36.401
12.594 9.068 36.501
12.606 9.066 36.600
12.618 9.064 36.699
12.630 9.062 36.798
12.642 9.060 36.898
12.654 9.058 36.997
12.666 9.056 37.096
12.678 9.054 37.195
12.690 9.052 37.295
12.702 9.050 37.394
12.714 9.048 37.493
12.726 9.046 37.592
12.738 9.044 37.692
12.750 9.042 37.791
12.763 9.040 37.890
12.775 9.038 37.989
12.787 9.036 38.089
12.799 9.034 38.188
12.811 9.032 38.287
12.823 9.031 38.386
12.835 9.029 38.486
12.847 9.027 38.585
12.859 9.025 38.684
12.871 9.023 38.783
12.883 9.021 38.883
12.895 9.019 38.982
12.908 9.017 39.081
12.920 9.015 39.180
12.932 9.013 39.280
12.944 9.011 39.379
12.956 9.009 39.478
12.968 9.007 39.577
12.980 9.005 39.677
12.992 9.003 39.776
13.004 9.001 39.875
13.016 8.999 39.974
13.029 8.997 40.074
13.041 8.995 40.173
13.053 8.993 40.272
13.065 8.991 40.371
13.077 8.989 40.471
13.089 8.987 40.570
13.101 8.985 40.669
13.113 8.983 40.768
13.125 8.981 40.868
13.137 8.979 40.967
13.150 8.977 41.066
13.162 8.975 41.165
13.174 8.973 41.265
13.186 8.971 41.364
13.198 8.969 41.463
13.210 8.967 41.562
13.222 8.965 41.661
13.234 8.963 41.761
13.246 8.961 41.860
13.259 8.959 41.959
13.271 8.957 42.058
13.283 8.955 42.158
13.295 8.953 42.257
13.307 8.951 42.356
13.319 8.949 42.455
13.331 8.947 42.555
13.343 8.945 42.654
13.355 8.943 42.753
13.368 8.941 42.852
13.380 8.939 42.952
13.392 8.937 43.051
13.404 8.935 43.150
13.416 8.933 43.249
13.428 8.931 43.349
13.440 8.929 43.448
13.452 8.927 43.547
13.464 8.925 43.646
13.477 8.923 43.746
13.489 8.921 43.845
13.501 8.919 43.944
13.513 8.917 44.043
13.525 8.915 44.143
13.537 8.913 44.242
13.549 8.911 44.341
13.561 8.909 44.440
13.573 8.907 44.540
13.586 8.905 44.639
13.598 8.903 44.738
13.610 8.901 44.837
13.622 8.899 44.936
13.634 8.897 45.036
13.646 8.895 45.135
13.658 8.893 45.234
13.670 8.891 45.333
13.682 8.889 45.433
13.695 8.887 45.532
13.707 8.885 45.631
13.719 8.883 45.730
13.731 8.882 45.830
13.743 8.880 45.929
13.755 8.878 46.028
13.767 8.876 46.127
13.779 8.874 46.227
13.792 8.872 46.326
13.804 8.870 46.425
13.816 8.868 46.524
13.828 8.866 46.624
13.840 8.864 46.723
13.852 8.862 46.822
13.864 8.860 46.921
13.876 8.858 47.021
13.888 8.856 47.120
13.901 8.854 47.219
13.913 8.852 47.318
13.925 8.850 47.418
13.937 8.848 47.517
13.949 8.846 47.616
13.961 8.844 47.715
13.973 8.842 47.815
13.985 8.841 47.914
13.997 8.839 48.013
14.010 8.837 48.112
14.022 8.835 48.211
14.034 8.833 48.311
14.046 8.831 48.410
14.058 8.829 48.509
14.070 8.827 48.608
14.082 8.825 48.708
14.094 8.823 48.807
14.107 8.821 48.906
14.119 8.819 49.005
14.131 8.817 49.105
14.143 8.815 49.204
14.155 8.813 49.303
14.167 8.812 49.402
14.179 8.810 49.502
14.191 8.808 49.601
14.203 8.806 49.700
14.216 8.804 49.799
14.228 8.802 49.899
14.240 8.800 49.998
14.252 8.798 50.097
14.264 8.796 50.196
14.276 8.794 50.296
14.288 8.792 50.395
14.300 8.790 50.494
14.312 8.788 50.593
14.325 8.786 50.693
14.337 8.784 50.792
14.349 8.783 50.891
14.361 8.781 50.990
14.373 8.779 51.090
14.385 8.777 51.189
14.397 8.775 51.288
14.409 8.773 51.387
14.421 8.771 51.487
14.434 8.769 51.586
14.446 8.767 51.685
14.458 8.765 51.784
14.470 8.763 51.883
14.482 8.761 51.983
14.494 8.759 52.082
14.506 8.757 52.181
14.518 8.755 52.280
14.530 8.754 52.380
14.543 8.752 52.479
14.555 8.750 52.578
14.567 8.748 52.677
14.579 8.746 52.777
14.591 8.744 52.876
14.603 8.742 52.975
14.615 8.740 53.074
14.627 8.738 53.174
14.639 8.736 53.273
14.651 8.734 53.372
14.663 8.732 53.471
14.675 8.730 53.571
14.687 8.728 53.670
14.699 8.726 53.769
14.711 8.724 53.868
14.723 8.722 53.968
14.735 8.720 54.067
14.748 8.718 54.166
14.760 8.716 54.265
14.772 8.714 54.365
14.784 8.712 54.464
14.796 8.710 54.563
14.808 8.708 54.662
14.820 8.706 54.762
14.832 8.704 54.861
14.844 8.702 54.960
14.856 8.700 55.059
14.868 8.698 55.159
14.880 8.696 55.258
14.892 8.694 55.357
14.904 8.692 55.456
14.916 8.690 55.556
14.928 8.687 55.655
14.940 8.685 55.754
14.952 8.683 55.853
14.964 8.681 55.953
14.976 8.679 56.052
14.988 8.677 56.151
15.000 8.675 56.250
15.012 8.672 56.350
15.024 8.670 56.449
15.036 8.668 56.548
15.048 8.666 56.647
15.060 8.664 56.747
15.072 8.662 56.846
15.084 8.660 56.945
15.096 8.657 57.044
15.108 8.655 57.144
15.120 8.653 57.243
15.132 8.651 57.342
15.144 8.649 57.442
15.156 8.647 57.541
15.168 8.645 57.640
15.180 8.642 57.739
15.192 8.640 57.839
15.204 8.638 57.938
15.216 8.636 58.037
15.228 8.634 58.136
15.240 8.631 58.236
15.252 8.629 58.335
15.264 8.627 58.434
15.276 8.625 58.533
15.288 8.623 58.633
15.300 8.620 58.732
15.312 8.618 58.831
15.324 8.616 58.930
15.336 8.614 59.030
15.348 8.611 59.129
15.360 8.609 59.228
15.372 8.607 59.327
15.384 8.605 59.427
15.396 8.602 59.526
15.408 8.600 59.625
15.420 8.598 59.724
15.432 8.596 59.824
15.444 8.594 59.923
15.456 8.591 60.022
15.468 8.589 60.121
15.480 8.587 60.221
15.492 8.585 60.320
15.504 8.582 60.419
15.516 8.580 60.518
15.528 8.578 60.618
15.540 8.576 60.717
15.552 8.573 60.816
15.564 8.571 60.915
15.576 8.569 61.015
15.589 8.567 61.114
15.601 8.564 61.213
15.613 8.562 61.312
15.625 8.560 61.412
15.637 8.557 61.511
15.649 8.555 61.610
15.661 8.553 61.709
15.673 8.551 61.808
15.685 8.548 61.908
15.697 8.546 62.007
15.709 8.544 62.106
15.721 8.542 62.205
15.733 8.539 62.305
15.745 8.537 62.404
15.757 8.535 62.503
15.769 8.533 62.602
15.781 8.530 62.702
15.793 8.528 62.801
15.805 8.526 62.900
15.817 8.523 62.999
15.829 8.521 63.099
15.841 8.519 63.198
15.853 8.517 63.297
15.865 8.514 63.396
15.877 8.512 63.496
15.889 8.510 63.595
15.901 8.508 63.694
15.913 8.505 63.793
15.925 8.503 63.893
15.937 8.501 63.992
15.949 8.499 64.091
15.961 8.496 64.190
15.973 8.494 64.290
15.985 8.492 64.389
15.997 8.490 64.488
16.009 8.487 64.587
16.021 8.485 64.687
16.033 8.483 64.786
16.045 8.481 64.885
16.057 8.478 64.984
16.069 8.476 65.084
16.081 8.474 65.183
16.093 8.472 65.282
16.105 8.469 65.381
16.117 8.467 65.481
16.129 8.465 65.580
16.141 8.463 65.679
16.153 8.460 65.778
16.165 8.458 65.878
16.177 8.456 65.977
16.189 8.454 66.076
16.201 8.452 66.175
16.213 8.449 66.275
16.225 8.447 66.374
16.237 8.445 66.473
16.249 8.443 66.573
16.261 8.440 66.672
16.273 8.438 66.771
16.285 8.436 66.870
16.297 8.434 66.970
16.309 8.432 67.069
16.321 8.429 67.168
16.333 8.427 67.267
16.345 8.425 67.367
16.357 8.423 67.466
16.368 8.421 67.565
16.380 8.418 67.664
16.392 8.416 67.764
16.404 8.414 67.863
16.416 8.412 67.962
16.428 8.410 68.061
16.440 8.407 68.161
16.452 8.405 68.260
16.464 8.403 68.359
16.476 8.401 68.458
16.488 8.399 68.558
16.500 8.397 68.657
16.512 8.395 68.756
16.524 8.393 68.855
16.536 8.391 68.955
16.548 8.389 69.054
16.560 8.386 69.153
16.572 8.384 69.252
16.584 8.382 69.352
16.596 8.380 69.451
16.608 8.378 69.550
16.620 8.376 69.649
16.632 8.374 69.749
16.644 8.372 69.848
16.656 8.370 69.947
16.668 8.368 70.046
16.680 8.366 70.146
16.692 8.364 70.245
16.704 8.362 70.344
16.716 8.360 70.443
16.728 8.358 70.543
16.740 8.356 70.642
16.752 8.354 70.741
16.764 8.351 70.840
16.776 8.349 70.940
16.788 8.347 71.039
16.800 8.346 71.138
16.812 8.344 71.237
16.824 8.342 71.337
16.836 8.340 71.436
16.848 8.338 71.535
16.860 8.336 71.634
16.873 8.334 71.734
16.885 8.332 71.833
16.897 8.330 71.932
16.909 8.328 72.031
16.921 8.326 72.131
16.933 8.324 72.230
16.945 8.322 72.329
16.957 8.320 72.428
16.969 8.318 72.528
16.981 8.316 72.627
16.993 8.314 72.726
17.005 8.313 72.825
17.017 8.311 72.925
17.029 8.309 73.024
17.041 8.307 73.123
17.054 8.305 73.222
17.066 8.303 73.322
17.078 8.301 73.421
17.090 8.299 73.520
17.102 8.297 73.619
17.114 8.295 73.719
17.126 8.293 73.818
17.138 8.291 73.917
17.150 8.289 74.016
17.162 8.288 74.116
17.174 8.286 74.215
17.187 8.284 74.314
17.199 8.282 74.413
17.211 8.280 74.513
17.223 8.278 74.612
17.235 8.276 74.711
17.247 8.274 74.810
17.259 8.272 74.910
17.271 8.270 75.009
17.283 8.268 75.108
17.296 8.267 75.207
17.308 8.265 75.307
17.320 8.263 75.406
17.332 8.261 75.505
17.344 8.259 75.604
17.356 8.257 75.704
17.368 8.255 75.803
17.380 8.253 75.902
17.393 8.251 76.001
17.405 8.249 76.101
17.417 8.247 76.200
17.429 8.245 76.299
17.441 8.244 76.398
17.453 8.242 76.498
17.465 8.240 76.597
17.477 8.238 76.696
17.490 8.236 76.795
17.502 8.234 76.894
17.514 8.232 76.994
17.526 8.230 77.093
17.538 8.228 77.192
17.550 8.226 77.291
17.562 8.224 77.391
17.575 8.223 77.490
17.587 8.221 77.589
17.599 8.219 77.688
17.611 8.217 77.788
17.623 8.215 77.887
17.635 8.213 77.986
17.648 8.211 78.085
17.660 8.209 78.185
17.672 8.207 78.284
17.684 8.205 78.383
17.696 8.204 78.482
17.708 8.202 78.582
17.720 8.200 78.681
17.733 8.198 78.780
17.745 8.196 78.879
17.757 8.194 78.979
17.769 8.192 79.078
17.781 8.190 79.177
17.793 8.188 79.276
17.806 8.186 79.375
17.818 8.184 79.475
17.830 8.182 79.574
17.842 8.181 79.673
17.854 8.179 79.772
17.866 8.177 79.872
17.878 8.175 79.971
17.891 8.173 80.070
17.903 8.171 80.169
17.915 8.169 80.269
17.927 8.167 80.368
17.939 8.165 80.467
17.951 8.163 80.566
17.964 8.161 80.666
17.976 8.160 80.765
17.988 8.158 80.864
18.000 8.156 80.963
18.012 8.154 81.063
18.024 8.152 81.162
18.037 8.150 81.261
18.049 8.148 81.360
18.061 8.146 81.459
18.073 8.144 81.559
18.085 8.142 81.658
18.097 8.140 81.757
18.109 8.138 81.856
18.122 8.136 81.956
18.134 8.135 82.055
18.146 8.133 82.154
18.158 8.131 82.253
18.170 8.129 82.353
18.182 8.127 82.452
18.195 8.125 82.551
18.207 8.123 82.650
18.219 8.121 82.750
18.231 8.119 82.849
18.243 8.117 82.948
18.255 8.115 83.047
18.267 8.113 83.147
18.280 8.111 83.246
18.292 8.110 83.345
18.304 8.108 83.444
18.316 8.106 83.544
18.328 8.104 83.643
18.340 8.102 83.742
18.352 8.100 83.841
18.365 8.098 83.940
18.377 8.096 84.040
18.389 8.094 84.139
18.401 8.092 84.238
18.413 8.090 84.337
18.425 8.088 84.437
18.438 8.086 84.536
18.450 8.085 84.635
18.462 8.083 84.734
18.474 8.081 84.834
18.486 8.079 84.933
18.498 8.077 85.032
18.510 8.075 85.131
18.523 8.073 85.231
18.535 8.071 85.330
18.547 8.069 85.429
18.559 8.067 85.528
18.571 8.065 85.628
18.583 8.063 85.727
18.595 8.062 85.826
18.607 8.060 85.925
18.620 8.058 86.025
18.632 8.056 86.124
18.644 8.054 86.223
18.656 8.052 86.322
18.668 8.050 86.421
18.680 8.048 86.521
18.692 8.046 86.620
18.704 8.044 86.719
18.716 8.042 86.818
18.729 8.040 86.918
18.741 8.038 87.017
18.753 8.037 87.116
18.765 8.035 87.215
18.777 8.033 87.315
18.789 8.031 87.414
18.801 8.029 87.513
18.813 8.027 87.612
18.825 8.025 87.712
18.838 8.023 87.811
18.850 8.021 87.910
18.862 8.019 88.009
18.874 8.017 88.109
18.886 8.015 88.208
18.898 8.014 88.307
18.910 8.012 88.406
18.922 8.010 88.506
18.934 8.008 88.605
18.945 8.006 88.704
18.957 8.004 88.804
18.969 8.003 88.903
18.981 8.001 89.002
18.993 7.999 89.101
19.005 7.997 89.201
19.016 7.995 89.300
19.028 7.993 89.399
19.040 7.992 89.498
19.052 7.990 89.598
19.064 7.988 89.697
19.076 7.986 89.796
19.087 7.984 89.896
19.099 7.982 89.995
19.111 7.981 90.094
19.123 7.979 90.193
19.135 7.977 90.293
19.146 7.975 90.392
19.158 7.973 90.491
19.170 7.971 90.591
19.182 7.970 90.690
19.194 7.968 90.789
19.205 7.966 90.888
19.217 7.964 90.988
19.229 7.963 91.087
19.239 7.962 91.186
19.250 7.961 91.286
19.261 7.960 91.385
19.271 7.959 91.485
19.282 7.958 91.584
19.292 7.957 91.684
19.303 7.957 91.783
19.313 7.956 91.883
19.324 7.955 91.982
19.334 7.954 92.081
19.345 7.954 92.181
19.355 7.953 92.280
19.365 7.952 92.380
19.376 7.951 92.479
19.386 7.950 92.579
19.397 7.950 92.678
19.407 7.949 92.778
19.418 7.948 92.877
19.428 7.947 92.976
19.439 7.947 93.076
19.449 7.946 93.175
19.460 7.945 93.275
19.470 7.944 93.374
19.481 7.943 93.474
19.491 7.943 93.573
19.502 7.942 93.673
19.512 7.941 93.772
19.523 7.940 93.871
19.534 7.940 93.970
19.546 7.939 94.069
19.559 7.939 94.169
19.572 7.939 94.268
19.586 7.939 94.367
19.599 7.939 94.467
19.612 7.939 94.566
19.626 7.939 94.665
19.639 7.939 94.764
19.653 7.939 94.863
19.666 7.938 94.962
19.679 7.938 95.061
19.693 7.938 95.160
19.706 7.938 95.259
19.720 7.938 95.358
19.733 7.938 95.457
19.746 7.938 95.557
19.760 7.938 95.656
19.773 7.938 95.755
19.787 7.938 95.854
19.800 7.938 95.953
19.814 7.938 96.052
19.827 7.938 96.151
19.840 7.937 96.250
19.854 7.937 96.349
19.867 7.937 96.448
19.881 7.937 96.547
19.894 7.937 96.647
19.908 7.937 96.746
19.921 7.937 96.845
19.935 7.937 96.944
19.948 7.937 97.043
19.962 7.937 97.142
19.976 7.937 97.241
19.989 7.937 97.340
20.003 7.937 97.439
20.016 7.936 97.538
20.030 7.936 97.637
20.044 7.936 97.736
20.057 7.936 97.835
20.071 7.936 97.935
20.084 7.936 98.034
20.098 7.936 98.133
20.112 7.936 98.232
20.125 7.936 98.331
20.139 7.936 98.430
20.152 7.936 98.529
20.166 7.936 98.628
20.180 7.936 98.727
20.193 7.935 98.826
20.207 7.935 98.925
20.220 7.935 99.024
20.234 7.935 99.123
20.248 7.935 99.222
20.261 7.935 99.322
20.275 7.935 99.421
20.288 7.935 99.520
20.302 7.935 99.619
20.316 7.935 99.718
20.329 7.935 99.817
20.343 7.935 99.916
20.357 7.935 100.015
20.370 7.934 100.114
20.384 7.934 100.213
20.397 7.934 100.312
20.411 7.934 100.411
20.425 7.934 100.510
20.438 7.934 100.609
20.452 7.934 100.708
20.466 7.934 100.807
20.479 7.934 100.907
20.493 7.934 101.006
20.507 7.934 101.105
20.520 7.934 101.204
20.534 7.933 101.303
20.548 7.933 101.402
20.561 7.933 101.501
20.575 7.933 101.600
20.589 7.933 101.699
20.602 7.933 101.798
20.616 7.933 101.897
20.629 7.933 101.996
20.643 7.933 102.095
20.657 7.933 102.194
20.670 7.933 102.293
20.684 7.933 102.392
20.698 7.932 102.492
20.711 7.932 102.591
20.725 7.932 102.690
20.739 7.932 102.789
20.752 7.932 102.888
20.766 7.932 102.987
20.780 7.932 103.086
20.793 7.932 103.185
20.807 7.932 103.284
20.821 7.932 103.383
20.834 7.932 103.482
20.848 7.932 103.581
20.862 7.931 103.680
20.875 7.931 103.779
20.889 7.931 103.878
20.902 7.931 103.977
20.916 7.931 104.077
20.930 7.931 104.176
20.943 7.931 104.275
20.957 7.931 104.374
20.971 7.931 104.473
20.984 7.931 104.572
20.998 7.931 104.671
21.012 7.931 104.770
21.025 7.931 104.869
21.039 7.930 104.968
21.053 7.930 105.067
21.066 7.930 105.166
21.080 7.930 105.265
21.094 7.930 105.364
21.107 7.930 105.463
21.121 7.930 105.562
21.134 7.930 105.662
21.148 7.930 105.761
21.162 7.930 105.860
21.175 7.930 105.959
21.189 7.930 106.058
21.203 7.929 106.157
21.216 7.929 106.256
21.230 7.929 106.355
21.244 7.929 106.454
21.257 7.929 106.553
21.271 7.929 106.652
21.284 7.929 106.751
21.298 7.929 106.850
21.312 7.929 106.949
21.325 7.929 107.048
21.339 7.929 107.148
21.353 7.929 107.247
21.366 7.928 107.346
21.380 7.928 107.445
21.394 7.928 107.544
21.407 7.928 107.643
21.421 7.928 107.742
21.434 7.928 107.841
21.448 7.928 107.940
21.462 7.928 108.039
21.475 7.928 108.138
21.489 7.928 108.237
21.502 7.928 108.336
21.516 7.928 108.435
21.530 7.927 108.534
21.543 7.927 108.634
21.557 7.927 108.733
21.570 7.927 108.832
21.584 7.927 108.931
21.598 7.927 109.030
21.611 7.927 109.129
21.625 7.927 109.228
21.638 7.927 109.327
21.652 7.927 109.426
21.665 7.927 109.525
21.679 7.927 109.624
21.693 7.926 109.723
21.706 7.926 109.822
21.720 7.926 109.921
21.733 7.926 110.021
21.747 7.926 110.120
21.760 7.926 110.219
21.774 7.926 110.318
21.787 7.926 110.417
21.801 7.926 110.516
21.815 7.926 110.615
21.828 7.926 110.714
21.842 7.926 110.813
21.855 7.925 110.912
21.869 7.925 111.011
21.882 7.925 111.110
21.896 7.925 111.209
21.909 7.925 111.309
21.922 7.925 111.408
21.936 7.925 111.507
21.949 7.925 111.606
21.962 7.925 111.705
21.975 7.925 111.804
21.988 7.925 111.903
22.001 7.925 112.002
22.014 7.925 112.102
22.028 7.925 112.201
22.041 7.925 112.300
22.054 7.925 112.399
22.067 7.925 112.498
22.080 7.924 112.597
22.093 7.924 112.696
22.106 7.924 112.796
22.120 7.924 112.895
22.133 7.924 112.994
22.146 7.924 113.093
22.159 7.924 113.192
22.172 7.924 113.291
22.185 7.924 113.390
22.198 7.924 113.489
22.211 7.924 113.589
22.225 7.924 113.688
22.238 7.924 113.787
22.251 7.924 113.886
22.264 7.924 113.985
22.277 7.924 114.083
22.277 7.924 114.084
22.277 7.924 114.085
22.277 7.924 114.086
22.277 7.924 114.086
22.277 7.924 114.087
22.278 7.924 114.088
22.278 7.924 114.089
22.278 7.924 114.089
22.278 7.924 114.090
22.278 7.924 114.090
22.278 7.924 114.091
22.278 7.924 114.091
22.278 7.924 114.092
22.278 7.924 114.092
22.278 7.924 114.093
22.278 7.924 114.093
22.278 7.924 114.094
22.278 7.924 114.094
22.278 7.924 114.094
22.278 7.924 114.095
22.278 7.924 114.095
22.279 7.924 114.095
22.279 7.924 114.096
22.279 7.924 114.096
22.279 7.924 114.096
22.279 7.924 114.097
22.279 7.924 114.097
22.279 7.924 114.097
22.279 7.924 114.098
22.279 7.924 114.098
22.279 7.924 114.098
22.279 7.924 114.098
22.279 7.924 114.099
22.279 7.924 114.099
22.279 7.924 114.099
22.279 7.924 114.099
22.279 7.924 114.100
22.279 7.924 114.100
22.279 7.924 114.100
22.279 7.924 114.100
22.279 7.924 114.100
22.279 7.924 114.101
22.279 7.924 114.101
22.279 7.924 114.101
22.279 7.924 114.101
22.279 7.924 114.101
22.279 7.924 114.101
22.279 7.924 114.102
22.279 7.924 114.102
22.279 7.924 114.102
22.279 7.924 114.102
22.279 7.924 114.102
22.279 7.924 114.102
22.279 7.924 114.103
22.279 7.924 114.103
22.279 7.924 114.103
22.279 7.924 114.103
22.279 7.924 114.103
22.279 7.924 114.103
22.279 7.924 114.103
22.279 7.924 114.104
22.279 7.924 114.104
22.280 7.924 114.104
22.280 7.924 114.104
22.280 7.924 114.104
22.280 7.924 114.104
22.280 7.924 114.104
22.280 7.924 114.104
22.280 7.924 114.104
22.280 7.924 114.105
22.280 7.924 114.105
22.280 7.924 114.105
22.280 7.924 114.105
22.280 7.924 114.105
22.280 7.924 114.105
22.280 7.924 114.105
22.280 7.924 114.105
22.280 7.924 114.105
22.280 7.924 114.105
22.280 7.924 114.106
22.280 7.924 114.106
22.280 7.924 114.106
22.280 7.924 114.106
22.280 7.924 114.106
22.280 7.924 114.106
22.280 7.924 114.106
22.280 7.924 114.106
22.280 7.924 114.106
22.280 7.924 114.106
22.280 7.924 114.106
22.280 7.924 114.106
22.280 7.924 114.106
22.280 7.924 114.107
22.280 7.924 114.107
22.280 7.924 114.107
22.280 7.924 114.107
22.280 7.924 114.107
22.280 7.924 114.107
22.280 7.924 114.107
22.280 7.924 114.107
22.280 7.924 114.107
22.280 7.924 114.107
22.280 7.924 114.107
22.280 7.924 114.107
22.280 7.924 114.107
22.280 7.924 114.107
22.280 7.924 114.107
22.280 7.924 114.108
22.280 7.924 114.108
22.280 7.924 114.108
22.280 7.924 114.108
22.280 7.924 114.108
22.280 7.924 114.108
22.280 7.924 114.108
22.280 7.924 114.108
22.280 7.924 114.108
22.280 7.924 114.108
22.280 7.924 114.108
22.280 7.924 114.108
22.280 7.924 114.108
22.280 7.924 114.108
22.280 7.924 114.108
22.280 7.924 114.108
22.280 7.924 114.108
22.280 7.924 114.108
22.280 7.924 114.108
22.280 7.924 114.109
22.280 7.924 114.109
22.280 7.924 114.109
22.280 7.924 114.109
22.280 7.924 114.109
22.280 7.924 114.109
22.280 7.924 114.109
22.280 7.924 114.109
22.280 7.924 114.109
22.280 7.924 114.109
22.280 7.924 114.109
22.280 7.924 114.109
22.280 7.924 114.109
22.280 7.924 114.109
22.280 7.924 114.109
22.280 7.924 114.109
22.280 7.924 114.109
22.280 7.924 114.109
22.280 7.924 114.109
22.280 7.924 114.109
22.280 7.924 114.109
22.280 7.924 114.109
22.280 7.924 114.109
22.280 7.924 114.109
22.280 7.924 114.110
22.280 7.924 114.110
22.280 7.924 114.110
22.280 7.924 114.110
22.280 7.924 114.110
22.280 7.924 114.110
22.280 7.924 114.110
22.280 7.924 114.110
22.280 7.924 114.110
22.280 7.924 114.110
22.280 7.924 114.110
22.280 7.924 114.110
22.280 7.924 114.110
22.280 7.924 114.110
22.280 7.924 114.110
22.280 7.924 114.110
22.280 7.924 114.110
22.280 7.924 114.110
22.280 7.924 114.110
22.280 7.924 114.110
22.280 7.924 114.110
22.280 7.924 114.110
22.280 7.924 114.110
22.280 7.924 114.110
22.280 7.924 114.110
22.280 7.924 114.110
22.280 7.925 114.110
22.280 7.925 114.110
22.280 7.925 114.110
22.280 7.925 114.110
22.280 7.925 114.110
22.280 7.925 114.110
22.279 7.925 114.110
22.279 7.925 114.110
22.279 7.925 114.110
22.279 7.925 114.110
22.279 7.925 114.110
22.279 7.925 114.110
22.279 7.925 114.110
22.279 7.925 114.110
22.279 7.925 114.111
22.279 7.925 114.111
22.279 7.925 114.111
22.279 7.925 114.111
22.279 7.925 114.111
22.279 7.925 114.111
22.279 7.925 114.111
22.279 7.925 114.111
22.279 7.925 114.111
22.279 7.925 114.111
22.279 7.925 114.111
22.279 7.925 114.111
22.279 7.925 114.111
22.279 7.925 114.111
22.279 7.925 114.111
22.279 7.925 114.111
22.279 7.925 114.111
22.279 7.925 114.110
22.279 7.925 114.110
22.279 7.925 114.110
22.279 7.925 114.110
22.279 7.925 114.110
22.279 7.925 114.110
22.279 7.925 114.110
22.279 7.925 114.110
22.279 7.925 114.110
22.279 7.925 114.110
22.279 7.925 114.110
22.279 7.925 114.110
22.279 7.926 114.110
22.278 7.926 114.110
22.278 7.926 114.110
22.278 7.926 114.110
22.278 7.926 114.110
22.278 7.926 114.110
22.278 7.926 114.110
22.278 7.926 114.110
22.278 7.926 114.110
22.278 7.926 114.110
22.278 7.926 114.110
22.278 7.926 114.110
22.278 7.926 114.110
22.278 7.926 114.110
22.278 7.926 114.110
22.278 7.926 114.110
22.278 7.926 114.110
22.278 7.926 114.110
22.278 7.926 114.110
22.278 7.926 114.110
22.278 7.926 114.110
22.278 7.926 114.110
22.278 7.926 114.110
22.278 7.926 114.110
22.278 7.926 114.110
22.278 7.926 114.110
22.278 7.926 114.110
22.278 7.926 114.110
22.278 7.926 114.110
22.277 7.926 114.110
22.277 7.926 114.110
22.277 7.926 114.110
22.277 7.926 114.110
22.277 7.927 114.110
22.277 7.927 114.110
22.277 7.927 114.110
22.277 7.927 114.110
22.277 7.927 114.110
22.277 7.927 114.110
22.277 7.927 114.110
22.277 7.927 114.110
22.277 7.927 114.110
22.277 7.927 114.109
22.277 7.927 114.109
22.277 7.927 114.109
22.277 7.927 114.109
22.277 7.927 114.109
22.277 7.927 114.109
22.277 7.927 114.109
22.277 7.927 114.109
22.276 7.927 114.109
22.276 7.927 114.109
22.276 7.927 114.109
22.276 7.927 114.109
22.276 7.927 114.109
22.276 7.927 114.109
22.276 7.928 114.109
22.276 7.928 114.109
22.276 7.928 114.109
22.276 7.928 114.109
22.276 7.928 114.109
22.276 7.928 114.109
22.276 7.928 114.109
22.276 7.928 114.109
22.276 7.928 114.109
22.275 7.928 114.109
22.275 7.928 114.109
22.275 7.928 114.108
22.275 7.928 114.108
22.275 7.928 114.108
22.275 7.928 114.108
22.275 7.929 114.108
22.275 7.929 114.108
22.275 7.929 114.108
22.274 7.929 114.108
22.274 7.929 114.108
22.274 7.929 114.108
22.274 7.929 114.107
22.273 7.930 114.107
22.273 7.930 114.107
22.273 7.930 114.107
22.272 7.930 114.106
22.272 7.931 114.106
22.272 7.931 114.106
22.271 7.932 114.105
22.270 7.932 114.105
22.270 7.933 114.105
22.269 7.933 114.104
22.268 7.934 114.103
22.267 7.935 114.103
22.266 7.935 114.102
22.265 7.936 114.101
22.264 7.937 114.100
22.263 7.938 114.099
22.261 7.939 114.098
22.260 7.941 114.097
22.258 7.942 114.096
22.256 7.944 114.094
22.254 7.946 114.093
22.251 7.948 114.091
22.249 7.950 114.089
22.246 7.952 114.087
22.242 7.955 114.084
22.239 7.958 114.081
22.235 7.961 114.078
22.230 7.965 114.075
22.225 7.969 114.071
22.220 7.973 114.067
22.214 7.978 114.063
22.207 7.983 114.058
22.200 7.989 114.053
22.192 7.995 114.047
22.183 8.002 114.040
22.174 8.010 114.033
22.163 8.019 114.025
22.151 8.028 114.016
22.138 8.039 114.006
22.124 8.050 113.996
22.108 8.063 113.984
22.091 8.077 113.971
22.072 8.092 113.957
22.051 8.109 113.941
22.028 8.128 113.924
22.003 8.148 113.905
21.975 8.171 113.885
21.944 8.196 113.862
21.911 8.223 113.836
21.874 8.253 113.809
21.833 8.286 113.778
21.788 8.322 113.745
21.739 8.362 113.708
21.684 8.406 113.667
21.625 8.454 113.623
21.559 8.507 113.574
21.492 8.561 113.523
21.425 8.616 113.473
21.357 8.670 113.423
21.290 8.724 113.373
21.223 8.779 113.322
21.156 8.833 113.272
21.088 8.887 113.222
21.021 8.942 113.172
20.954 8.996 113.122
20.887 9.050 113.071
20.819 9.105 113.021
20.752 9.159 112.971
20.684 9.213 112.921
20.617 9.267 112.871
20.549 9.321 112.822
20.481 9.376 112.772
20.412 9.430 112.723
20.344 9.484 112.674
20.276 9.538 112.624
20.208 9.592 112.575
20.140 9.646 112.526
20.071 9.700 112.476
20.003 9.753 112.427
19.935 9.807 112.378
19.867 9.861 112.328
19.798 9.915 112.279
19.730 9.969 112.230
19.662 10.023 112.180
19.594 10.077 112.131
19.526 10.131 112.082
19.457 10.185 112.032
19.389 10.239 111.983
19.321 10.293 111.934
19.253 10.347 111.884
19.185 10.401 111.835
19.116 10.455 111.786
19.048 10.509 111.737
18.980 10.563 111.687
18.912 10.617 111.638
18.843 10.671 111.589
18.775 10.725 111.540
18.707 10.779 111.490
18.638 10.833 111.441
18.570 10.887 111.392
18.502 10.941 111.343
18.433 10.995 111.293
18.365 11.049 111.244
18.297 11.103 111.195
18.228 11.157 111.146
18.160 11.211 111.097
18.092 11.265 111.047
18.023 11.319 110.998
17.955 11.373 110.949
17.887 11.427 110.900
17.818 11.480 110.851
17.750 11.534 110.801
17.682 11.588 110.752
17.613 11.642 110.703
17.545 11.696 110.654
17.477 11.750 110.605
17.408 11.804 110.556
17.340 11.858 110.506
17.272 11.912 110.457
17.203 11.966 110.408
17.135 12.020 110.359
17.067 12.074 110.310
16.998 12.128 110.260
16.930 12.182 110.211
16.862 12.236 110.162
16.793 12.290 110.113
16.725 12.344 110.064
16.657 12.398 110.015
16.588 12.452 109.965
16.520 12.505 109.916
16.452 12.559 109.867
16.383 12.613 109.818
16.315 12.667 109.769
16.247 12.721 109.719
16.178 12.775 109.670
16.110 12.829 109.621
16.042 12.883 109.572
15.973 12.937 109.523
15.905 12.991 109.474
15.837 13.045 109.424
15.768 13.099 109.375
15.700 13.153 109.326
15.632 13.207 109.277
15.563 13.261 109.228
15.495 13.315 109.179
15.426 13.369 109.129
15.358 13.423 109.080
15.290 13.476 109.031
15.221 13.530 108.982
15.153 13.584 108.933
15.085 13.638 108.883
15.016 13.692 108.834
14.948 13.746 108.785
14.880 13.800 108.736
14.811 13.854 108.687
14.743 13.908 108.638
14.675 13.962 108.588
14.606 14.016 108.539
14.538 14.070 108.490
14.470 14.124 108.441
14.401 14.178 108.392
14.333 14.232 108.343
14.265 14.286 108.293
14.196 14.340 108.244
14.128 14.394 108.195
14.060 14.448 108.146
13.991 14.502 108.097
13.923 14.556 108.048
13.855 14.609 107.998
13.786 14.663 107.949
13.718 14.717 107.900
13.650 14.771 107.851
13.581 14.825 107.802
13.513 14.879 107.752
13.445 14.933 107.703
13.376 14.987 107.654
13.308 15.041 107.605
13.240 15.095 107.556
13.171 15.149 107.507
13.103 15.203 107.457
13.035 15.257 107.408
12.966 15.311 107.359
12.898 15.365 107.310
12.830 15.419 107.261
12.761 15.473 107.212
12.693 15.527 107.162
12.625 15.581 107.113
12.556 15.635 107.064
12.488 15.689 107.015
12.420 15.743 106.966
12.352 15.797 106.916
12.283 15.851 106.867
12.215 15.905 106.818
12.147 15.959 106.769
12.078 16.013 106.720
12.010 16.067 106.671
11.942 16.121 106.622
11.874 16.175 106.572
11.805 16.229 106.523
11.737 16.283 106.474
11.669 16.337 106.425
11.600 16.391 106.376
11.532 16.445 106.327
11.464 16.499 106.277
11.395 16.553 106.228
11.327 16.608 106.179
11.259 16.662 106.130
11.191 16.716 106.081
11.122 16.770 106.032
11.054 16.824 105.982
10.986 16.878 105.933
10.918 16.932 105.884
10.849 16.986 105.835
10.781 17.040 105.786
10.713 17.094 105.737
10.644 17.148 105.688
10.576 17.202 105.639
10.508 17.256 105.590
10.440 17.311 105.540
10.371 17.365 105.491
10.303 17.419 105.442
10.235 17.473 105.393
10.166 17.527 105.344
10.098 17.581 105.295
10.030 17.635 105.246
9.962 17.689 105.197
9.893 17.743 105.148
9.825 17.798 105.099
9.757 17.852 105.050
9.689 17.906 105.001
9.620 17.960 104.951
9.552 18.014 104.902
9.484 18.068 104.853
9.415 18.122 104.804
9.347 18.176 104.755
9.279 18.231 104.706
9.211 18.285 104.657
9.142 18.339 104.608
9.074 18.393 104.559
9.006 18.447 104.510
8.937 18.501 104.461
8.869 18.556 104.412
8.801 18.610 104.363
8.733 18.664 104.314
8.664 18.718 104.265
8.596 18.772 104.216
8.528 18.826 104.167
8.459 18.881 104.118
8.391 18.935 104.069
8.323 18.989 104.020
8.255 19.043 103.971
8.186 19.097 103.922
8.118 19.151 103.873
8.050 19.206 103.824
7.981 19.260 103.775
7.913 19.314 103.726
7.845 19.368 103.677
7.777 19.422 103.628
7.708 19.477 103.579
7.640 19.531 103.530
7.572 19.585 103.481
7.503 19.639 103.432
7.435 19.693 103.383
7.367 19.747 103.334
7.298 19.802 103.285
7.230 19.856 103.236
7.162 19.910 103.187
7.094 19.964 103.138
7.025 20.018 103.089
6.957 20.073 103.040
6.889 20.127 102.991
6.820 20.181 102.942
6.752 20.235 102.893
6.684 20.289 102.844
6.615 20.343 102.795
6.547 20.398 102.746
6.479 20.452 102.697
6.410 20.506 102.648
6.342 20.560 102.599
6.274 20.614 102.550
6.206 20.669 102.501
6.137 20.723 102.452
6.069 20.777 102.404
6.001 20.831 102.355
5.932 20.885 102.306
5.864 20.939 102.257
5.796 20.994 102.208
5.727 21.048 102.159
5.659 21.102 102.110
5.591 21.156 102.061
5.522 21.210 102.012
5.454 21.265 101.963
5.386 21.319 101.914
5.318 21.373 101.865
5.249 21.427 101.816
5.181 21.481 101.767
5.113 21.535 101.718
5.044 21.590 101.669
4.976 21.644 101.620
4.908 21.698 101.571
4.839 21.752 101.522
4.771 21.806 101.473
4.703 21.860 101.424
4.634 21.915 101.375
4.566 21.969 101.326
4.498 22.023 101.277
4.430 22.077 101.228
4.361 22.131 101.179
4.293 22.186 101.130
4.225 22.240 101.081
4.156 22.294 101.032
4.088 22.348 100.983
4.020 22.402 100.934
3.951 22.456 100.885
3.883 22.511 100.836
3.815 22.565 100.787
3.746 22.619 100.738
3.678 22.673 100.689
3.610 22.727 100.640
3.542 22.781 100.591
3.473 22.836 100.542
3.405 22.890 100.493
3.337 22.944 100.444
3.268 22.998 100.395
3.200 23.052 100.346
3.132 23.106 100.297
3.063 23.160 100.248
2.995 23.215 100.199
2.927 23.269 100.150
2.858 23.323 100.101
2.790 23.377 100.052
2.722 23.431 100.003
2.653 23.485 99.954
2.585 23.540 99.905
2.517 23.594 99.856
2.449 23.648 99.807
2.380 23.702 99.758
2.312 23.756 99.709
2.244 23.810 99.660
2.175 23.864 99.611
2.107 23.919 99.562
2.039 23.973 99.513
1.970 24.027 99.464
1.902 24.081 99.415
1.834 24.135 99.366
1.765 24.189 99.317
1.697 24.244 99.268
1.629 24.298 99.219
1.560 24.352 99.170
1.492 24.406 99.121
1.424 24.460 99.072
1.355 24.514 99.023
1.287 24.568 98.974
1.219 24.622 98.925
1.151 24.677 98.876
1.082 24.731 98.827
1.014 24.785 98.778
0.946 24.839 98.729
0.877 24.893 98.680
0.809 24.947 98.631
0.741 25.001 98.582
0.672 25.056 98.533
0.604 25.110 98.484
0.536 25.164 98.435
0.467 25.218 98.386
0.399 25.272 98.337
0.331 25.326 98.288
0.262 25.380 98.239
0.194 25.435 98.190
0.126 25.489 98.141
0.057 25.543 98.092
-0.011 25.597 98.043
-0.079 25.651 97.994
-0.148 25.705 97.945
-0.216 25.759 97.896
-0.284 25.813 97.847
-0.352 25.868 97.798
-0.421 25.922 97.749
-0.489 25.976 97.700
-0.557 26.030 97.651
-0.626 26.084 97.602
-0.694 26.138 97.553
-0.762 26.192 97.504
-0.831 26.247 97.455
-0.899 26.301 97.406
-0.967 26.355 97.357
-1.036 26.409 97.308
-1.104 26.463 97.259
-1.172 26.517 97.210
-1.241 26.571 97.161
-1.309 26.626 97.112
-1.377 26.680 97.063
-1.446 26.734 97.014
-1.514 26.788 96.965
-1.582 26.842 96.916
-1.651 26.896 96.867
-1.719 26.950 96.818
-1.787 27.005 96.769
-1.856 27.059 96.720
-1.924 27.113 96.671
-1.992 27.167 96.622
-2.061 27.221 96.573
-2.129 27.275 96.524
-2.197 27.329 96.475
-2.265 27.384 96.426
-2.334 27.438 96.377
-2.402 27.492 96.328
-2.470 27.546 96.279
-2.539 27.600 96.230
-2.607 27.654 96.181
-2.675 27.708 96.132
-2.744 27.763 96.083
-2.812 27.817 96.034
-2.880 27.871 95.985
-2.949 27.925 95.936
-3.017 27.979 95.887
-3.085 28.033 95.838
-3.154 28.087 95.789
-3.222 28.142 95.740
-3.290 28.196 95.691
-3.359 28.250 95.642
-3.427 28.304 95.593
-3.495 28.358 95.544
-3.564 28.412 95.495
-3.632 28.466 95.446
-3.700 28.521 95.397
-3.768 28.575 95.348
-3.837 28.629 95.299
-3.905 28.683 95.250
-3.973 28.737 95.201
-4.042 28.791 95.152
-4.110 28.845 95.103
-4.178 28.900 95.054
-4.247 28.954 95.005
-4.315 29.008 94.956
-4.383 29.062 94.907
-4.452 29.116 94.858
-4.520 29.170 94.809
-4.588 29.224 94.760
-4.656 29.279 94.711
-4.725 29.333 94.662
-4.793 29.387 94.613
-4.861 29.441 94.564
-4.930 29.495 94.515
-4.998 29.549 94.466
-5.066 29.603 94.417
-5.134 29.657 94.368
-5.203 29.712 94.319
-5.271 29.766 94.270
-5.339 29.820 94.221
-5.408 29.874 94.171
-5.476 29.928 94.122
-5.544 29.982 94.073
-5.612 30.036 94.024
-5.681 30.090 93.975
-5.749 30.145 93.926
-5.817 30.199 93.877
-5.885 30.253 93.828
-5.954 30.307 93.779
-6.022 30.361 93.730
-6.090 30.415 93.681
-6.158 30.469 93.631
-6.227 30.523 93.582
-6.295 30.577 93.533
-6.363 30.631 93.484
-6.431 30.685 93.435
-6.500 30.740 93.385
-6.568 30.794 93.336
-6.636 30.848 93.287
-6.704 30.902 93.238
-6.773 30.956 93.188
-6.841 31.010 93.139
-6.909 31.064 93.090
-6.977 31.118 93.041
-7.045 31.172 92.991
-7.114 31.226 92.942
-7.182 31.280 92.893
-7.250 31.334 92.844
-7.318 31.388 92.794
-7.387 31.442 92.745
-7.455 31.496 92.696
-7.523 31.550 92.646
-7.591 31.604 92.597
-7.659 31.658 92.548
-7.728 31.712 92.499
-7.796 31.766 92.449
-7.864 31.820 92.400
-7.932 31.874 92.351
-8.001 31.928 92.301
-8.069 31.982 92.252
-8.137 32.036 92.203
-8.205 32.089 92.153
-8.274 32.143 92.104
-8.342 32.197 92.055
-8.410 32.251 92.005
-8.479 32.305 91.956
-8.547 32.358 91.906
-8.615 32.412 91.857
-8.683 32.466 91.807
-8.752 32.520 91.758
-8.820 32.574 91.709
-8.888 32.627 91.659
-8.957 32.681 91.610
-9.025 32.735 91.560
-9.093 32.789 91.511
-9.161 32.842 91.461
-9.230 32.896 91.412
-9.298 32.950 91.362
-9.366 33.004 91.313
-9.435 33.058 91.264
-9.503 33.111 91.214
-9.571 33.165 91.165
-9.640 33.219 91.115
-9.708 33.272 91.066
-9.776 33.326 91.016
-9.845 33.380 90.967
-9.913 33.433 90.917
-9.982 33.487 90.868
-10.050 33.541 90.819
-10.118 33.594 90.769
-10.187 33.648 90.720
-10.255 33.701 90.670
-10.324 33.755 90.621
-10.392 33.809 90.571
-10.460 33.862 90.522
-10.529 33.916 90.472
-10.597 33.970 90.423
-10.666 34.023 90.374
-10.734 34.077 90.324
-10.802 34.130 90.275
-10.871 34.184 90.225
-10.939 34.238 90.176
-11.008 34.291 90.126
-11.076 34.345 90.077
-11.144 34.399 90.027
-11.213 34.452 89.978
-11.281 34.506 89.929
-11.350 34.559 89.879
-11.418 34.613 89.830
-11.487 34.667 89.780
-11.555 34.720 89.731
-11.623 34.774 89.681
-11.692 34.827 89.632
-11.760 34.881 89.582
-11.829 34.935 89.533
-11.897 34.988 89.484
-11.966 35.042 89.434
-12.034 35.095 89.385
-12.103 35.149 89.335
-12.171 35.202 89.286
-12.239 35.256 89.237
-12.308 35.310 89.187
-12.376 35.363 89.138
-12.445 35.417 89.088
-12.513 35.470 89.039
-12.582 35.524 88.989
-12.650 35.578 88.940
-12.719 35.631 88.891
-12.787 35.685 88.841
-12.855 35.738 88.792
-12.924 35.792 88.742
-12.992 35.845 88.693
-13.061 35.899 88.643
-13.129 35.953 88.594
-13.198 36.006 88.545
-13.266 36.060 88.495
-13.335 36.113 88.446
-13.403 36.167 88.396
-13.472 36.221 88.347
-13.540 36.274 88.297
-13.608 36.328 88.248
-13.677 36.381 88.199
-13.745 36.435 88.149
-13.814 36.488 88.100
-13.882 36.542 88.050
-13.951 36.596 88.001
-14.019 36.649 87.951
-14.088 36.703 87.902
-14.156 36.756 87.853
-14.225 36.810 87.803
-14.293 36.863 87.754
-14.361 36.917 87.704
-14.430 36.971 87.655
-14.498 37.024 87.605
-14.567 37.078 87.556
-14.635 37.131 87.506
-14.704 37.185 87.457
-14.772 37.238 87.408
-14.841 37.292 87.358
-14.909 37.346 87.309
-14.977 37.399 87.259
-15.046 37.453 87.210
-15.114 37.506 87.160
-15.183 37.560 87.111
-15.251 37.614 87.061
-15.320 37.667 87.012
-15.388 37.721 86.963
-15.457 37.774 86.913
-15.525 37.828 86.864
-15.593 37.881 86.814
-15.662 37.935 86.765
-15.730 37.989 86.715
-15.799 38.042 86.666
-15.867 38.096 86.616
-15.935 38.149 86.567
-16.004 38.203 86.517
-16.072 38.257 86.468
-16.141 38.310 86.418
-16.209 38.364 86.369
-16.277 38.417 86.319
-16.346 38.471 86.270
-16.414 38.525 86.220
-16.482 38.578 86.171
-16.550 38.632 86.121
-16.619 38.686 86.071
-16.687 38.739 86.022
-16.755 38.793 85.972
-16.824 38.846 85.923
-16.892 38.900 85.873
-16.960 38.954 85.823
-17.029 39.007 85.774
-17.097 39.061 85.724
-17.165 39.114 85.675
-17.233 39.168 85.625
-17.302 39.222 85.575
-17.370 39.275 85.526
-17.438 39.329 85.476
-17.507 39.383 85.427
-17.575 39.436 85.377
-17.643 39.490 85.327
-17.711 39.544 85.278
-17.779 39.597 85.228
-17.847 39.651 85.178
-17.915 39.705 85.128
-17.983 39.760 85.078
-18.050 39.814 85.028
-18.118 39.868 84.978
-18.185 39.923 84.928
-18.253 39.977 84.878
-18.320 40.031 84.828
-18.387 40.086 84.778
-18.455 40.140 84.728
-18.522 40.194 84.678
-18.590 40.249 84.628
-18.657 40.303 84.578
-18.724 40.357 84.528
-18.792 40.412 84.478
-18.859 40.466 84.428
-18.927 40.520 84.378
-18.994 40.575 84.328
-19.062 40.629 84.278
-19.129 40.683 84.228
-19.196 40.738 84.178
-19.264 40.792 84.128
-19.331 40.846 84.078
-19.399 40.899 84.028
-19.452 40.939 83.989
-19.511 40.982 83.945
-19.576 41.030 83.896
-19.646 41.080 83.845
-19.715 41.130 83.793
-19.785 41.181 83.742
-19.854 41.231 83.690
-19.924 41.281 83.639
-19.993 41.331 83.587
-20.063 41.381 83.536
-20.132 41.431 83.484
-20.202 41.481 83.432
-20.271 41.532 83.381
-20.341 41.582 83.329
-20.410 41.632 83.278
-20.480 41.682 83.226
-20.549 41.732 83.175
-20.619 41.782 83.123
-20.688 41.832 83.072
-20.758 41.883 83.020
-20.827 41.933 82.968
-20.897 41.983 82.917
-20.966 42.033 82.865
-21.036 42.083 82.814
-21.105 42.133 82.762
-21.175 42.183 82.711
-21.244 42.233 82.660
-21.314 42.283 82.608
-21.384 42.333 82.557
-21.453 42.383 82.505
-21.523 42.433 82.454
-21.593 42.484 82.403
-21.662 42.534 82.351
-21.732 42.584 82.300
-21.802 42.634 82.249
-21.872 42.684 82.197
-21.941 42.734 82.146
-22.011 42.784 82.094
-22.081 42.834 82.043
-22.150 42.884 81.992
-22.220 42.934 81.940
-22.290 42.984 81.889
-22.360 43.034 81.838
-22.429 43.084 81.786
-22.499 43.134 81.735
-22.569 43.184 81.684
-22.638 43.234 81.632
-22.708 43.284 81.581
-22.778 43.334 81.530
-22.848 43.384 81.478
-22.917 43.434 81.427
-22.987 43.484 81.376
-23.057 43.534 81.324
-23.127 43.584 81.273
-23.196 43.634 81.222
-23.266 43.684 81.170
-23.336 43.734 81.119
-23.406 43.784 81.068
-23.475 43.834 81.016
-23.545 43.884 80.965
-23.615 43.934 80.914
-23.685 43.984 80.862
-23.754 44.034 80.811
-23.824 44.084 80.760
-23.894 44.134 80.708
-23.964 44.184 80.657
-24.033 44.234 80.606
-24.103 44.284 80.554
-24.173 44.334 80.503
-24.243 44.384 80.452
-24.312 44.434 80.400
-24.382 44.484 80.349
-24.452 44.534 80.298
-24.522 44.584 80.246
-24.591 44.634 80.195
-24.661 44.684 80.144
-24.731 44.734 80.093
-24.801 44.784 80.041
-24.870 44.834 79.990
-24.940 44.884 79.939
-25.010 44.934 79.887
-25.080 44.984 79.836
-25.150 45.034 79.785
-25.219 45.084 79.733
-25.289 45.134 79.682
-25.359 45.184 79.631
-25.429 45.234 79.579
-25.498 45.284 79.528
-25.568 45.334 79.477
-25.638 45.384 79.425
-25.708 45.434 79.374
-25.777 45.484 79.323
-25.847 45.534 79.271
-25.917 45.584 79.220
-25.986 45.634 79.169
-26.056 45.684 79.117
-26.126 45.734 79.066
-26.196 45.784 79.015
-26.265 45.834 78.963
-26.335 45.884 78.912
-26.405 45.934 78.861
-26.474 45.984 78.809
-26.544 46.034 78.758
-26.614 46.084 78.706
-26.684 46.134 78.655
-26.753 46.184 78.604
-26.823 46.234 78.552
-26.893 46.284 78.501
-26.962 46.334 78.450
-27.032 46.384 78.398
-27.102 46.434 78.347
-27.171 46.485 78.296
-27.241 46.535 78.244
-27.311 46.585 78.193
-27.381 46.635 78.141
-27.450 46.685 78.090
-27.520 46.735 78.039
-27.589 46.785 77.987
-27.659 46.835 77.936
-27.729 46.885 77.884
-27.798 46.935 77.833
-27.868 46.985 77.781
-27.937 47.035 77.730
-28.007 47.085 77.678
-28.076 47.135 77.627
-28.146 47.186 77.575
-28.215 47.236 77.524
-28.285 47.286 77.472
-28.354 47.336 77.421
-28.424 47.386 77.369
-28.493 47.436 77.317
-28.563 47.486 77.266
-28.632 47.536 77.214
-28.702 47.587 77.163
-28.771 47.637 77.111
-28.841 47.687 77.060
-28.911 47.737 77.008
-28.980 47.787 76.957
-29.050 47.837 76.905
-29.119 47.887 76.854
-29.188 47.937 76.802
-29.258 47.987 76.751
-29.326 48.038 76.699
-29.391 48.089 76.648
-29.458 48.141 76.595
-29.525 48.194 76.542
-29.592 48.247 76.489
-29.658 48.299 76.436
-29.725 48.352 76.383
-29.791 48.405 76.330
-29.858 48.457 76.277
-29.924 48.510 76.224
-29.991 48.563 76.171
-30.057 48.616 76.119
-30.124 48.668 76.066
-30.190 48.721 76.013
-30.257 48.774 75.960
-30.323 48.826 75.907
-30.390 48.879 75.854
-30.456 48.932 75.801
-30.523 48.984 75.748
-30.589 49.037 75.695
-30.656 49.090 75.642
-30.722 49.142 75.589
-30.789 49.195 75.537
-30.856 49.247 75.484
-30.922 49.300 75.431
-30.989 49.352 75.378
-31.056 49.404 75.325
-31.124 49.456 75.272
-31.191 49.508 75.219
-31.258 49.560 75.166
-31.325 49.612 75.113
-31.392 49.663 75.061
-31.460 49.715 75.008
-31.527 49.767 74.955
-31.594 49.819 74.902
-31.661 49.871 74.849
-31.729 49.922 74.796
-31.796 49.974 74.743
-31.863 50.026 74.691
-31.930 50.078 74.638
-31.998 50.130 74.585
-32.065 50.181 74.532
-32.132 50.233 74.479
-32.199 50.285 74.426
-32.267 50.337 74.373
-32.334 50.389 74.321
-32.401 50.440 74.268
-32.468 50.492 74.215
-32.536 50.544 74.162
-32.603 50.596 74.109
-32.670 50.647 74.056
-32.738 50.699 74.004
-32.805 50.751 73.951
-32.872 50.802 73.898
-32.940 50.854 73.845
-33.007 50.906 73.792
-33.075 50.957 73.739
-33.142 51.009 73.687
-33.210 51.060 73.634
-33.277 51.112 73.581
-33.345 51.164 73.528
-33.412 51.215 73.476
-33.480 51.267 73.423
-33.547 51.318 73.370
-33.615 51.370 73.317
-33.682 51.421 73.264
-33.749 51.473 73.212
-33.817 51.525 73.159
-33.884 51.576 73.106
-33.952 51.628 73.053
-34.019 51.679 73.000
-34.087 51.731 72.948
-34.154 51.783 72.895
-34.222 51.834 72.842
-34.289 51.886 72.789
-34.357 51.937 72.737
-34.424 51.989 72.684
-34.492 52.040 72.631
-34.559 52.092 72.578
-34.627 52.143 72.525
-34.694 52.195 72.473
-34.762 52.247 72.420
-34.829 52.298 72.367
-34.897 52.350 72.314
-34.964 52.401 72.262
-35.032 52.453 72.209
-35.099 52.504 72.156
-35.167 52.556 72.103
-35.235 52.607 72.051
-35.302 52.659 71.998
-35.370 52.710 71.945
-35.437 52.762 71.892
-35.505 52.813 71.839
-35.572 52.865 71.787
-35.640 52.916 71.734
-35.707 52.968 71.681
-35.775 53.020 71.628
-35.842 53.071 71.576
-35.910 53.123 71.523
-35.977 53.174 71.470
-36.045 53.226 71.417
-36.112 53.277 71.365
-36.180 53.329 71.312
-36.247 53.380 71.259
-36.315 53.432 71.206
-36.382 53.483 71.154
-36.450 53.535 71.101
-36.518 53.586 71.048
-36.585 53.638 70.995
-36.653 53.689 70.942
-36.720 53.741 70.890
-36.788 53.792 70.837
-36.855 53.844 70.784
-36.923 53.895 70.731
-36.990 53.947 70.679
-37.058 53.999 70.626
-37.125 54.050 70.573
-37.193 54.102 70.520
-37.260 54.153 70.468
-37.328 54.205 70.415
-37.395 54.256 70.362
-37.463 54.308 70.309
-37.531 54.359 70.256
-37.598 54.411 70.204
-37.666 54.462 70.151
-37.733 54.514 70.098
-37.801 54.565 70.045
-37.868 54.617 69.993
-37.936 54.668 69.940
-38.003 54.720 69.887
-38.071 54.771 69.834
-38.138 54.823 69.781
-38.206 54.874 69.729
-38.273 54.926 69.676
-38.341 54.978 69.623
-38.408 55.029 69.570
-38.476 55.081 69.518
-38.543 55.132 69.465
-38.611 55.184 69.412
-38.678 55.235 69.359
-38.746 55.287 69.306
-38.813 55.338 69.254
-38.881 55.390 69.201
-38.948 55.441 69.148
-39.016 55.493 69.095
-39.083 55.544 69.042
-39.151 55.596 68.989
-39.218 55.648 68.937
-39.285 55.699 68.884
-39.353 55.751 68.831
-39.420 55.802 68.778
-39.488 55.854 68.725
-39.555 55.905 68.672
-39.623 55.957 68.619
-39.690 56.008 68.566
-39.757 56.060 68.514
-39.825 56.112 68.461
-39.892 56.163 68.408
-39.960 56.215 68.355
-40.027 56.266 68.302
-40.095 56.318 68.249
-40.162 56.369 68.196
-40.229 56.421 68.144
-40.297 56.473 68.091
-40.364 56.524 68.038
-40.432 56.576 67.985
-40.499 56.627 67.932
-40.566 56.679 67.879
-40.634 56.730 67.826
-40.701 56.782 67.773
-40.768 56.834 67.720
-40.835 56.885 67.667
-40.903 56.937 67.614
-40.970 56.988 67.561
-41.037 57.040 67.507
-41.104 57.092 67.454
-41.171 57.143 67.401
-41.238 57.195 67.348
-41.306 57.246 67.295
-41.373 57.298 67.242
-41.440 57.350 67.189
-41.507 57.401 67.135
-41.574 57.453 67.082
-41.641 57.505 67.029
-41.709 57.556 66.976
-41.776 57.608 66.923
-41.843 57.659 66.870
-41.910 57.711 66.816
-41.977 57.763 66.763
-42.044 57.814 66.710
-42.111 57.866 66.657
-42.179 57.917 66.604
-42.245 57.968 66.550
-42.312 58.020 66.496
-42.379 58.071 66.442
-42.446 58.122 66.387
-42.512 58.173 66.333
-42.579 58.224 66.278
-42.646 58.275 66.224
-42.712 58.325 66.169
-42.779 58.376 66.115
-42.845 58.427 66.060
-42.912 58.478 66.006
-42.978 58.529 65.951
-43.045 58.580 65.896
-43.112 58.631 65.842
-43.178 58.682 65.787
-43.245 58.733 65.733
-43.311 58.784 65.678
-43.378 58.834 65.624
-43.445 58.885 65.569
-43.511 58.936 65.515
-43.578 58.987 65.460
-43.644 59.038 65.405
-43.711 59.089 65.351
-43.777 59.140 65.296
-43.844 59.190 65.242
-43.911 59.241 65.187
-43.977 59.292 65.133
-44.044 59.343 65.078
-44.111 59.393 65.023
-44.178 59.444 64.969
-44.244 59.494 64.914
-44.311 59.545 64.859
-44.378 59.595 64.805
-44.445 59.646 64.750
-44.512 59.696 64.695
-44.578 59.747 64.640
-44.645 59.797 64.586
-44.712 59.848 64.531
-44.779 59.898 64.476
-44.845 59.949 64.422
-44.912 59.999 64.367
-44.979 60.050 64.312
-45.046 60.100 64.258
-45.112 60.151 64.203
-45.179 60.201 64.148
-45.246 60.252 64.094
-45.313 60.302 64.039
-45.380 60.353 63.984
-45.446 60.403 63.930
-45.513 60.454 63.875
-45.580 60.504 63.820
-45.647 60.555 63.766
-45.714 60.605 63.711
-45.781 60.656 63.656
-45.847 60.706 63.602
-45.914 60.756 63.547
-45.981 60.807 63.492
-46.048 60.857 63.438
-46.115 60.908 63.383
-46.182 60.958 63.328
-46.249 61.008 63.274
-46.315 61.059 63.219
-46.382 61.109 63.164
-46.449 61.160 63.110
-46.516 61.210 63.055
-46.583 61.260 63.000
-46.650 61.311 62.946
-46.717 61.361 62.891
-46.783 61.412 62.836
-46.850 61.462 62.782
-46.917 61.512 62.727
-46.984 61.563 62.672
-47.051 61.613 62.618
-47.118 61.664 62.563
-47.185 61.714 62.508
-47.252 61.764 62.454
-47.319 61.815 62.399
-47.385 61.865 62.344
-47.452 61.915 62.290
-47.519 61.966 62.235
-47.586 62.016 62.180
-47.653 62.066 62.126
-47.720 62.117 62.071
-47.787 62.167 62.016
-47.854 62.218 61.962
-47.921 62.268 61.907
-47.988 62.318 61.852
-48.054 62.369 61.798
-48.121 62.419 61.743
-48.188 62.469 61.688
-48.255 62.520 61.634
-48.322 62.570 61.579
-48.389 62.620 61.524
-48.456 62.671 61.470
-48.523 62.721 61.415
-48.590 62.771 61.360
-48.657 62.822 61.306
-48.724 62.872 61.251
-48.790 62.922 61.196
-48.857 62.973 61.142
-48.924 63.023 61.087
-48.991 63.073 61.032
-49.058 63.124 60.978
-49.125 63.174 60.923
-49.192 63.224 60.868
-49.259 63.275 60.814
-49.326 63.325 60.759
-49.393 63.376 60.704
-49.460 63.426 60.650
-49.526 63.476 60.595
-49.593 63.527 60.540
-49.660 63.577 60.486
-49.727 63.627 60.431
-49.794 63.678 60.376
-49.861 63.728 60.322
-49.928 63.778 60.267
-49.995 63.829 60.212
-50.062 63.879 60.158
-50.129 63.929 60.103
-50.195 63.980 60.048
-50.262 64.030 59.994
-50.329 64.080 59.939
-50.396 64.131 59.884
-50.463 64.181 59.830
-50.530 64.231 59.775
-50.597 64.282 59.720
-50.664 64.332 59.666
-50.731 64.382 59.611
-50.798 64.433 59.556
-50.864 64.483 59.502
-50.931 64.533 59.447
-50.998 64.584 59.392
-51.065 64.634 59.338
-51.132 64.685 59.283
-51.199 64.735 59.228
-51.266 64.785 59.174
-51.333 64.836 59.119
-51.400 64.886 59.064
-51.467 64.936 59.010
-51.533 64.987 58.955
-51.600 65.037 58.900
-51.667 65.087 58.845
-51.734 65.138 58.791
-51.801 65.188 58.736
-51.868 65.238 58.681
-51.935 65.289 58.627
-52.002 65.339 58.572
-52.069 65.389 58.517
-52.135 65.440 58.463
-52.202 65.490 58.408
-52.269 65.540 58.353
-52.336 65.591 58.298
-52.403 65.641 58.244
-52.470 65.691 58.189
-52.537 65.742 58.134
-52.604 65.792 58.080
-52.670 65.842 58.025
-52.737 65.893 57.970
-52.804 65.943 57.915
-52.871 65.993 57.861
-52.938 66.044 57.806
-53.005 66.094 57.751
-53.072 66.145 57.697
-53.139 66.195 57.642
-53.205 66.245 57.587
-53.272 66.296 57.532
-53.339 66.346 57.478
-53.406 66.396 57.423
-53.473 66.447 57.368
-53.540 66.497 57.314
-53.607 66.547 57.259
-53.673 66.598 57.204
-53.740 66.648 57.149
-53.807 66.698 57.095
-53.874 66.749 57.040
-53.941 66.799 56.985
-54.008 66.849 56.930
-54.075 66.900 56.876
-54.141 66.950 56.821
-54.208 67.000 56.766
-54.275 67.051 56.711
-54.342 67.101 56.657
-54.409 67.151 56.602
-54.476 67.202 56.547
-54.543 67.252 56.493
-54.609 67.302 56.438
-54.676 67.353 56.383
-54.743 67.403 56.328
-54.810 67.453 56.274
-54.877 67.504 56.219
-54.944 67.554 56.164
-55.011 67.604 56.109
-55.077 67.654 56.055
-55.144 67.705 56.000
-55.211 67.755 55.945
-55.278 67.805 55.890
-55.345 67.856 55.835
-55.412 67.906 55.781
-55.479 67.956 55.726
-55.545 68.007 55.671
-55.612 68.057 55.616
-55.679 68.107 55.562
-55.746 68.157 55.507
-55.813 68.208 55.452
-55.880 68.258 55.397
-55.947 68.308 55.342
-56.013 68.359 55.288
-56.080 68.409 55.233
-56.147 68.459 55.178
-56.214 68.509 55.123
-56.281 68.560 55.068
-56.348 68.610 55.014
-56.414 68.660 54.959
-56.481 68.711 54.904
-56.548 68.761 54.849
-56.615 68.811 54.794
-56.682 68.861 54.740
-56.749 68.912 54.685
-56.815 68.962 54.630
-56.882 69.012 54.575
-56.949 69.063 54.520
-57.016 69.113 54.466
-57.083 69.163 54.411
-57.150 69.213 54.356
-57.217 69.264 54.301
-57.283 69.314 54.246
-57.350 69.364 54.191
-57.417 69.414 54.137
-57.484 69.465 54.082
-57.551 69.515 54.027
-57.618 69.565 53.972
-57.684 69.615 53.917
-57.751 69.666 53.862
-57.818 69.716 53.808
-57.885 69.766 53.753
-57.952 69.816 53.698
-58.019 69.867 53.643
-58.086 69.917 53.588
-58.152 69.967 53.533
-58.219 70.017 53.479
-58.286 70.068 53.424
-58.353 70.118 53.369
-58.420 70.168 53.314
-58.487 70.218 53.259
-58.553 70.269 53.204
-58.620 70.319 53.150
-58.687 70.369 53.095
-58.754 70.419 53.040
-58.821 70.469 52.985
-58.888 70.520 52.930
-58.955 70.570 52.875
-59.021 70.620 52.821
-59.088 70.670 52.766
-59.155 70.721 52.711
-59.222 70.771 52.656
-59.289 70.821 52.601
-59.356 70.871 52.546
-59.423 70.922 52.491
-59.489 70.972 52.437
-59.556 71.022 52.382
-59.623 71.072 52.327
-59.690 71.122 52.272
-59.757 71.173 52.217
-59.824 71.223 52.162
-59.890 71.273 52.108
-59.957 71.323 52.053
-60.024 71.374 51.998
-60.091 71.424 51.943
-60.158 71.474 51.888
-60.225 71.524 51.833
-60.292 71.575 51.779
-60.358 71.625 51.724
-60.425 71.675 51.669
-60.492 71.725 51.614
-60.559 71.775 51.559
-60.626 71.826 51.504
-60.693 71.876 51.449
-60.759 71.926 51.395
-60.826 71.976 51.340
-60.893 72.027 51.285
-60.960 72.077 51.230
-61.027 72.127 51.175
-61.094 72.177 51.120
-61.161 72.228 51.066
-61.227 72.278 51.011
-61.294 72.328 50.956
-61.361 72.378 50.901
-61.428 72.429 50.846
-61.495 72.479 50.791
-61.562 72.529 50.737
-61.628 72.579 50.682
-61.695 72.630 50.627
-61.762 72.680 50.572
-61.829 72.730 50.517
-61.896 72.780 50.463
-61.963 72.831 50.408
-62.030 72.881 50.353
-62.096 72.931 50.298
-62.163 72.981 50.243
-62.230 73.032 50.188
-62.297 73.082 50.134
-62.364 73.132 50.079
-62.431 73.183 50.024
-62.497 73.233 49.969
-62.564 73.283 49.914
-62.631 73.333 49.860
-62.698 73.384 49.805
-62.765 73.434 49.750
-62.832 73.484 49.695
-62.898 73.535 49.640
-62.965 73.585 49.586
-63.032 73.635 49.531
-63.099 73.685 49.476
-63.166 73.736 49.421
-63.233 73.786 49.366
-63.299 73.836 49.312
-63.366 73.887 49.257
-63.433 73.937 49.202
-63.500 73.987 49.147
-63.567 74.038 49.092
-63.634 74.088 49.038
-63.701 74.138 48.983
-63.767 74.189 48.928
-63.834 74.239 48.873
-63.901 74.289 48.818
-63.968 74.339 48.764
-64.035 74.390 48.709
-64.102 74.440 48.654
-64.168 74.490 48.599
-64.235 74.541 48.545
-64.302 74.591 48.490
-64.369 74.641 48.435
-64.436 74.692 48.380
-64.503 74.742 48.326
-64.569 74.792 48.271
-64.636 74.843 48.216
-64.703 74.893 48.161
-64.770 74.944 48.107
-64.837 74.994 48.052
-64.904 75.044 47.997
-64.971 75.095 47.942
-65.037 75.145 47.888
-65.104 75.195 47.833
-65.171 75.246 47.778
-65.238 75.296 47.724
-65.305 75.346 47.669
-65.372 75.397 47.614
-65.438 75.447 47.559
-65.505 75.497 47.505
-65.572 75.548 47.450
-65.639 75.598 47.395
-65.706 75.648 47.340
-65.773 75.699 47.286
-65.840 75.749 47.231
-65.906 75.800 47.176
-65.973 75.850 47.122
-66.040 75.900 47.067
-66.107 75.951 47.012
-66.174 76.001 46.957
-66.241 76.051 46.903
-66.308 76.102 46.848
-66.374 76.152 46.793
-66.441 76.202 46.739
-66.508 76.253 46.684
-66.575 76.303 46.629
-66.642 76.353 46.574
-66.709 76.404 46.520
-66.776 76.454 46.465
-66.842 76.505 46.410
-66.909 76.555 46.356
-66.976 76.605 46.301
-67.043 76.656 46.246
-67.110 76.706 46.191
-67.177 76.756 46.137
-67.244 76.807 46.082
-67.310 76.857 46.027
-67.377 76.907 45.973
-67.444 76.958 45.918
-67.511 77.008 45.863
-67.578 77.059 45.809
-67.645 77.109 45.754
-67.712 77.159 45.699
-67.779 77.210 45.644
-67.845 77.260 45.590
-67.912 77.310 45.535
-67.979 77.361 45.480
-68.046 77.411 45.426
-68.113 77.461 45.371
-68.180 77.512 45.316
-68.247 77.562 45.262
-68.314 77.613 45.207
-68.380 77.663 45.152
-68.447 77.713 45.098
-68.514 77.764 45.043
-68.581 77.814 44.988
-68.648 77.864 44.934
-68.715 77.915 44.879
-68.782 77.965 44.824
-68.849 78.015 44.769
-68.915 78.066 44.715
-68.982 78.116 44.660
-69.049 78.167 44.605
-69.116 78.217 44.551
-69.183 78.267 44.496
-69.250 78.318 44.441
-69.317 78.368 44.387
-69.384 78.418 44.332
-69.450 78.469 44.277
-69.517 78.519 44.223
-69.584 78.569 44.168
-69.651 78.620 44.113
-69.718 78.670 44.059
-69.785 78.721 44.004
-69.852 78.771 43.949
-69.919 78.821 43.895
-69.986 78.872 43.840
-70.052 78.922 43.785
-70.119 78.972 43.731
-70.186 79.023 43.676
-70.253 79.073 43.621
-70.320 79.124 43.567
-70.387 79.174 43.512
-70.454 79.224 43.457
-70.521 79.275 43.402
-70.587 79.325 43.348
-70.654 79.375 43.293
-70.721 79.426 43.238
-70.788 79.476 43.184
-70.855 79.526 43.129
-70.922 79.577 43.074
-70.989 79.627 43.020
-71.056 79.678 42.965
-71.122 79.728 42.910
-71.189 79.778 42.856
-71.256 79.829 42.801
-71.323 79.879 42.746
-71.390 79.929 42.692
-71.457 79.980 42.637
-71.524 80.030 42.582
-71.591 80.081 42.528
-71.657 80.131 42.473
-71.724 80.181 42.418
-71.791 80.232 42.364
-71.858 80.282 42.309
-71.925 80.332 42.254
-71.992 80.383 42.200
-72.059 80.433 42.145
-72.126 80.484 42.090
-72.192 80.534 42.035
-72.259 80.584 41.981
-72.326 80.635 41.926
-72.393 80.685 41.871
-72.460 80.736 41.817
-72.527 80.786 41.762
-72.593 80.837 41.707
-72.660 80.887 41.653
-72.727 80.937 41.598
-72.794 80.988 41.543
-72.861 81.038 41.489
-72.928 81.089 41.434
-72.994 81.139 41.379
-73.061 81.189 41.325
-73.128 81.240 41.270
-73.195 81.290 41.215
-73.262 81.341 41.161
-73.329 81.391 41.106
-73.395 81.442 41.051
-73.462 81.492 40.997
-73.529 81.543 40.942
-73.596 81.593 40.887
-73.663 81.644 40.832
-73.729 81.694 40.778
-73.796 81.745 40.723
-73.863 81.795 40.668
-73.930 81.846 40.614
-73.996 81.896 40.559
-74.063 81.947 40.504
-74.130 81.998 40.450
-74.196 82.048 40.395
-74.263 82.099 40.340
-74.330 82.149 40.286
-74.397 82.200 40.231
-74.463 82.251 40.176
-74.530 82.301 40.122
-74.597 82.352 40.067
-74.663 82.402 40.012
-74.730 82.453 39.958
-74.797 82.504 39.903
-74.863 82.554 39.848
-74.930 82.605 39.794
-74.997 82.656 39.739
-75.064 82.706 39.684
-75.130 82.757 39.630
-75.197 82.808 39.575
-75.263 82.859 39.521
-75.330 82.910 39.466
-75.396 82.961 39.412
-75.462 83.012 39.357
-75.529 83.063 39.303
-75.595 83.115 39.248
-75.662 83.166 39.193
-75.728 83.217 39.139
-75.794 83.268 39.084
-75.861 83.320 39.030
-75.927 83.371 38.975
-75.993 83.422 38.921
-76.060 83.473 38.866
-76.126 83.524 38.812
-76.192 83.576 38.757
-76.259 83.627 38.703
-76.325 83.678 38.648
-76.392 83.729 38.594
-76.458 83.781 38.539
-76.524 83.832 38.485
-76.591 83.883 38.430
-76.657 83.934 38.376
-76.723 83.986 38.321
-76.790 84.037 38.267
-76.856 84.088 38.213
-76.923 84.140 38.159
-76.990 84.192 38.106
-77.056 84.244 38.052
-77.123 84.295 37.999
-77.190 84.347 37.945
-77.257 84.399 37.892
-77.323 84.451 37.838
-77.390 84.503 37.785
-77.457 84.555 37.732
-77.524 84.607 37.678
-77.590 84.658 37.625
-77.657 84.710 37.571
-77.724 84.762 37.518
-77.791 84.814 37.464
-77.858 84.866 37.411
-77.924 84.918 37.358
-77.991 84.969 37.304
-78.058 85.021 37.251
-78.125 85.073 37.197
-78.191 85.125 37.144
-78.258 85.177 37.090
-78.325 85.229 37.037
-78.392 85.281 36.984
-78.458 85.332 36.930
-78.525 85.384 36.877
-78.592 85.436 36.824
-78.659 85.488 36.770
-78.726 85.540 36.717
-78.793 85.592 36.664
-78.860 85.643 36.611
-78.927 85.695 36.558
-78.994 85.747 36.504
-79.061 85.799 36.451
-79.128 85.851 36.398
-79.195 85.902 36.345
-79.262 85.954 36.292
-79.329 86.006 36.238
-79.396 86.058 36.185
-79.463 86.110 36.132
-79.530 86.162 36.079
-79.597 86.213 36.026
-79.664 86.265 35.972
-79.731 86.317 35.919
-79.798 86.369 35.866
-79.865 86.421 35.813
-79.932 86.472 35.760
-79.999 86.524 35.707
-80.066 86.576 35.653
-80.133 86.628 35.600
-80.200 86.680 35.547
-80.267 86.731 35.494
-80.334 86.783 35.441
-80.401 86.835 35.388
-80.468 86.887 35.335
-80.535 86.938 35.281
-80.602 86.990 35.228
-80.669 87.042 35.175
-80.736 87.094 35.122
-80.803 87.146 35.069
-80.870 87.197 35.016
-80.937 87.249 34.963
-81.004 87.301 34.910
-81.072 87.353 34.857
-81.139 87.404 34.804
-81.206 87.456 34.750
-81.273 87.508 34.697
-81.340 87.560 34.644
-81.407 87.612 34.591
-81.474 87.663 34.538
-81.541 87.715 34.485
-81.608 87.767 34.432
-81.675 87.819 34.379
-81.742 87.870 34.326
-81.809 87.922 34.273
-81.877 87.974 34.219
-81.944 88.026 34.166
-82.011 88.078 34.113
-82.078 88.129 34.060
-82.145 88.181 34.007
-82.212 88.233 33.954
-82.279 88.285 33.901
-82.346 88.336 33.848
-82.413 88.388 33.795
-82.480 88.440 33.742
-82.547 88.492 33.689
-82.615 88.543 33.635
-82.682 88.595 33.582
-82.749 88.647 33.529
-82.816 88.699 33.476
-82.883 88.750 33.423
-82.950 88.802 33.370
-83.017 88.854 33.317
-83.084 88.906 33.264
-83.151 88.958 33.211
-83.218 89.009 33.158
-83.285 89.061 33.105
-83.352 89.113 33.051
-83.420 89.165 32.998
-83.487 89.216 32.945
-83.554 89.268 32.892
-83.621 89.320 32.839
-83.688 89.372 32.786
-83.755 89.424 32.733
-83.822 89.475 32.680
-83.889 89.527 32.627
-83.956 89.579 32.574
-84.023 89.631 32.521
-84.090 89.682 32.467
-84.158 89.734 32.414
-84.225 89.786 32.361
-84.292 89.838 32.308
-84.359 89.889 32.255
-84.426 89.941 32.202
-84.493 89.993 32.149
-84.560 90.045 32.096
-84.627 90.097 32.043
-84.694 90.148 31.990
-84.761 90.200 31.936
-84.828 90.252 31.883
-84.895 90.304 31.830
-84.962 90.356 31.777
-85.029 90.407 31.724
-85.096 90.459 31.671
-85.163 90.511 31.618
-85.230 90.563 31.565
-85.298 90.615 31.512
-85.365 90.666 31.458
-85.432 90.718 31.405
-85.499 90.770 31.352
-85.566 90.822 31.299
-85.633 90.874 31.246
-85.700 90.926 31.193
-85.767 90.977 31.140
-85.834 91.029 31.087
-85.901 91.081 31.033
-85.968 91.133 30.980
-86.035 91.185 30.927
-86.102 91.236 30.874
-86.169 91.288 30.821
-86.236 91.340 30.768
-86.303 91.392 30.715
-86.370 91.444 30.661
-86.437 91.496 30.608
-86.504 91.548 30.555
-86.571 91.600 30.502
-86.637 91.651 30.449
-86.704 91.703 30.396
-86.771 91.755 30.342
-86.838 91.807 30.289
-86.905 91.859 30.236
-86.972 91.911 30.183
-87.039 91.963 30.130
-87.106 92.015 30.076
-87.173 92.067 30.023
-87.240 92.119 29.970
-87.306 92.171 29.917
-87.373 92.223 29.864
-87.440 92.275 29.811
-87.507 92.326 29.757
-87.574 92.378 29.704
-87.641 92.430 29.651
-87.708 92.482 29.598
-87.775 92.534 29.545
-87.841 92.586 29.491
-87.908 92.638 29.438
-87.975 92.690 29.385
-88.042 92.742 29.332
-88.108 92.794 29.279
-88.175 92.847 29.225
-88.242 92.899 29.172
-88.308 92.951 29.119
-88.375 93.003 29.065
-88.441 93.056 29.012
-88.508 93.108 28.959
-88.574 93.160 28.905
-88.641 93.212 28.852
-88.707 93.265 28.799
-88.774 93.317 28.746
-88.840 93.369 28.692
-88.907 93.422 28.639
-88.974 93.474 28.586
-89.040 93.526 28.532
-89.107 93.578 28.479
-89.173 93.631 28.426
-89.240 93.683 28.372
-89.306 93.735 28.319
-89.373 93.787 28.266
-89.439 93.840 28.213
-89.506 93.892 28.159
-89.572 93.944 28.106
-89.638 93.997 28.053
-89.704 94.051 28.001
-89.770 94.106 27.950
-89.836 94.161 27.899
-89.902 94.217 27.847
-89.968 94.272 27.796
-90.034 94.327 27.745
-90.100 94.382 27.694
-90.166 94.438 27.643
-90.231 94.493 27.592
-90.297 94.548 27.541
-90.363 94.604 27.490
-90.429 94.659 27.439
-90.495 94.714 27.387
-90.561 94.769 27.336
-90.626 94.825 27.285
-90.692 94.880 27.234
-90.758 94.935 27.183
-90.824 94.991 27.132
-90.890 95.046 27.081
-90.955 95.101 27.030
-91.021 95.156 26.979
-91.087 95.212 26.928
-91.153 95.267 26.877
-91.219 95.322 26.826
-91.285 95.377 26.775
-91.351 95.433 26.724
-91.417 95.488 26.673
-91.483 95.543 26.622
-91.549 95.598 26.572
-91.616 95.654 26.521
-91.682 95.709 26.470
-91.748 95.764 26.420
-91.814 95.819 26.369
-91.881 95.874 26.318
-91.947 95.930 26.268
-92.013 95.985 26.217
-92.079 96.040 26.167
-92.146 96.095 26.116
-92.212 96.150 26.066
-92.278 96.206 26.015
-92.345 96.261 25.964
-92.411 96.316 25.914
-92.477 96.371 25.863
-92.543 96.426 25.813
-92.610 96.482 25.762
-92.676 96.537 25.711
-92.742 96.592 25.661
-92.809 96.647 25.610
-92.875 96.702 25.560
-92.941 96.758 25.509
-93.008 96.813 25.459
-93.074 96.868 25.408
-93.140 96.923 25.358
-93.207 96.978 25.307
-93.273 97.033 25.257
-93.340 97.089 25.206
-93.406 97.144 25.156
-93.472 97.199 25.105
-93.539 97.254 25.055
-93.605 97.309 25.004
-93.672 97.364 24.954
-93.738 97.420 24.903
-93.804 97.475 24.853
-93.871 97.530 24.802
-93.937 97.585 24.752
-94.004 97.640 24.701
-94.070 97.695 24.651
-94.136 97.750 24.601
-94.203 97.806 24.550
-94.269 97.861 24.500
-94.336 97.916 24.449
-94.402 97.971 24.399
-94.469 98.026 24.348
-94.535 98.081 24.298
-94.601 98.136 24.247
-94.668 98.192 24.197
-94.734 98.247 24.146
-94.801 98.302 24.096
-94.867 98.357 24.046
-94.934 98.412 23.995
-95.000 98.467 23.945
-95.067 98.522 23.894
-95.133 98.578 23.844
-95.199 98.633 23.793
-95.266 98.688 23.743
-95.332 98.743 23.692
-95.399 98.798 23.642
-95.465 98.853 23.592
-95.532 98.908 23.541
-95.598 98.964 23.491
-95.665 99.019 23.440
-95.731 99.074 23.390
-95.797 99.129 23.339
-95.864 99.184 23.289
-95.930 99.239 23.238
-95.997 99.294 23.188
-96.063 99.350 23.138
-96.130 99.405 23.087
-96.196 99.460 23.037
-96.263 99.515 22.986
-96.329 99.570 22.936
-96.396 99.625 22.885
-96.462 99.680 22.835
-96.528 99.736 22.785
-96.595 99.791 22.734
-96.661 99.846 22.684
-96.728 99.901 22.633
-96.794 99.956 22.583
-96.861 100.011 22.532
-96.927 100.066 22.482
-96.994 100.121 22.432
-97.060 100.177 22.381
-97.127 100.232 22.331
-97.193 100.287 22.280
-97.259 100.342 22.230
-97.326 100.397 22.179
-97.392 100.452 22.129
-97.459 100.507 22.079
-97.525 100.563 22.028
-97.592 100.618 21.978
-97.658 100.673 21.927
-97.725 100.728 21.877
-97.791 100.783 21.826
-97.858 100.838 21.776
-97.924 100.893 21.726
-97.990 100.949 21.675
-98.057 101.004 21.625
-98.123 101.059 21.574
-98.190 101.114 21.524
-98.256 101.169 21.473
-98.323 101.224 21.423
-98.389 101.280 21.373
-98.456 101.335 21.322
-98.522 101.390 21.272
-98.588 101.445 21.221
-98.655 101.500 21.171
-98.721 101.555 21.120
-98.788 101.610 21.070
-98.854 101.666 21.020
-98.921 101.721 20.969
-98.987 101.776 20.919
-99.054 101.831 20.868
-99.120 101.886 20.818
-99.187 101.941 20.767
-99.253 101.996 20.717
-99.319 102.052 20.667
-99.386 102.107 20.616
-99.452 102.162 20.566
-99.519 102.217 20.515
-99.585 102.272 20.465
-99.652 102.327 20.414
-99.718 102.383 20.364
-99.784 102.438 20.314
-99.851 102.493 20.263
-99.917 102.548 20.213
-99.984 102.603 20.162
-100.050 102.659 20.112
-100.117 102.714 20.061
-100.183 102.769 20.011
-100.249 102.824 19.961
-100.316 102.879 19.910
-100.382 102.934 19.860
-100.449 102.990 19.809
-100.515 103.045 19.759
-100.581 103.100 19.708
-100.648 103.155 19.658
-100.714 103.210 19.608
-100.781 103.266 19.557
-100.847 103.321 19.507
-100.913 103.376 19.456
-100.980 103.431 19.406
-101.046 103.487 19.356
-101.113 103.542 19.305
-101.179 103.597 19.255
-101.245 103.652 19.204
-101.312 103.708 19.154
-101.378 103.763 19.104
-101.445 103.818 19.053
-101.511 103.873 19.003
-101.577 103.929 18.952
-101.644 103.984 18.902
-101.710 104.039 18.852
-101.776 104.094 18.801
-101.843 104.150 18.751
-101.909 104.205 18.700
-101.976 104.260 18.650
-102.042 104.315 18.600
-102.108 104.371 18.549
-102.175 104.426 18.499
-102.241 104.481 18.448
-102.307 104.536 18.398
-102.374 104.592 18.348
-102.440 104.647 18.297
-102.506 104.702 18.247
-102.573 104.758 18.196
-102.639 104.813 18.146
-102.706 104.868 18.096
-102.772 104.924 18.045
-102.838 104.979 17.995
-102.905 105.034 17.945
-102.971 105.090 17.894
-103.037 105.145 17.844
-103.104 105.200 17.794
-103.170 105.256 17.743
-103.236 105.311 17.693
-103.303 105.366 17.643
-103.369 105.422 17.592
-103.436 105.477 17.542
-103.502 105.532 17.492
-103.568 105.588 17.441
-103.635 105.643 17.391
-103.701 105.698 17.341
-103.767 105.754 17.290
-103.834 105.809 17.240
-103.900 105.864 17.190
-103.966 105.920 17.139
-104.033 105.975 17.089
-104.099 106.030 17.039
-104.166 106.086 16.989
-104.232 106.141 16.938
-104.298 106.197 16.888
-104.365 106.252 16.838
-104.431 106.307 16.787
-104.497 106.363 16.737
-104.564 106.418 16.687
-104.630 106.474 16.637
-104.696 106.529 16.586
-104.763 106.584 16.536
-104.829 106.640 16.486
-104.896 106.695 16.436
-104.962 106.751 16.385
-105.028 106.806 16.335
-105.095 106.861 16.285
-105.161 106.917 16.235
-105.227 106.972 16.184
-105.294 107.028 16.134
-105.360 107.083 16.084
-105.426 107.138 16.034
-105.493 107.194 15.983
-105.559 107.249 15.933
-105.626 107.305 15.883
-105.692 107.360 15.833
-105.758 107.415 15.782
-105.825 107.471 15.732
-105.891 107.526 15.682
-105.957 107.582 15.632
-106.024 107.637 15.582
-106.090 107.693 15.531
-106.157 107.748 15.481
-106.223 107.803 15.431
-106.289 107.859 15.381
-106.356 107.914 15.331
-106.422 107.970 15.280
-106.489 108.025 15.230
-106.555 108.081 15.180
-106.621 108.136 15.130
-106.688 108.192 15.080
-106.754 108.247 15.029
-106.820 108.302 14.979
-106.887 108.358 14.929
-106.953 108.413 14.879
-107.020 108.469 14.829
-107.086 108.524 14.778
-107.152 108.580 14.728
-107.219 108.635 14.678
-107.285 108.690 14.628
-107.351 108.746 14.578
-107.418 108.801 14.527
-107.484 108.857 14.477
-107.551 108.912 14.427
-107.617 108.968 14.377
-107.683 109.023 14.327
-107.750 109.079 14.276
-107.816 109.134 14.226
-107.883 109.189 14.176
-107.949 109.245 14.126
-108.015 109.300 14.076
-108.082 109.356 14.025
-108.148 109.411 13.975
-108.214 109.467 13.925
-108.281 109.522 13.875
-108.347 109.577 13.825
-108.414 109.633 13.774
-108.480 109.688 13.724
-108.546 109.744 13.674
-108.613 109.799 13.624
-108.679 109.855 13.574
-108.746 109.910 13.523
-108.812 109.966 13.473
-108.878 110.021 13.423
-108.945 110.076 13.373
-109.011 110.132 13.323
-109.077 110.187 13.272
-109.144 110.243 13.222
-109.210 110.298 13.172
-109.277 110.354 13.122
-109.343 110.409 13.072
-109.409 110.464 13.021
-109.476 110.520 12.971
-109.542 110.575 12.921
-109.609 110.631 12.871
-109.675 110.686 12.821
-109.741 110.742 12.770
-109.808 110.797 12.720
-109.874 110.852 12.670
-109.940 110.908 12.620
-110.007 110.963 12.570
-110.073 111.019 12.519
-110.140 111.074 12.469
-110.206 111.130 12.419
-110.272 111.185 12.369
-110.339 111.240 12.319
-110.405 111.296 12.268
-110.471 111.351 12.218
-110.538 111.407 12.168
-110.604 111.462 12.118
-110.671 111.518 12.067
-110.737 111.573 12.017
-110.803 111.628 11.967
-110.870 111.684 11.917
-110.936 111.739 11.867
-111.002 111.795 11.816
-111.069 111.850 11.766
-111.135 111.905 11.716
-111.202 111.961 11.666
-111.268 112.016 11.615
-111.334 112.072 11.565
-111.401 112.127 11.515
-111.467 112.182 11.465
-111.534 112.238 11.414
-111.600 112.293 11.364
-111.666 112.349 11.314
-111.733 112.404 11.264
-111.799 112.459 11.213
-111.865 112.515 11.163
-111.932 112.570 11.113
-111.998 112.625 11.062
-112.065 112.681 11.012
-112.131 112.736 10.962
-112.197 112.792 10.912
-112.264 112.847 10.861
-112.330 112.902 10.811
-112.396 112.958 10.761
-112.463 113.013 10.710
-112.529 113.068 10.660
-112.596 113.124 10.610
-112.662 113.179 10.560
-112.728 113.234 10.509
-112.795 113.290 10.459
-112.861 113.345 10.409
-112.928 113.400 10.358
-112.994 113.456 10.308
-113.060 113.511 10.258
-113.127 113.566 10.208
-113.193 113.622 10.157
-113.260 113.677 10.107
-113.326 113.732 10.057
-113.392 113.788 10.006
-113.459 113.843 9.956
-113.525 113.898 9.906
-113.592 113.954 9.855
-113.658 114.009 9.805
-113.724 114.064 9.755
-113.791 114.120 9.705
-113.857 114.175 9.654
-113.924 114.230 9.604
-113.990 114.285 9.554
-114.056 114.341 9.503
-114.123 114.396 9.453
-114.189 114.451 9.403
-114.256 114.507 9.352
-114.322 114.562 9.302
-114.388 114.617 9.252
-114.455 114.673 9.201
-114.521 114.728 9.151
-114.588 114.783 9.101
-114.654 114.839 9.051
-114.720 114.894 9.000
-114.787 114.949 8.950
-114.853 115.004 8.900
-114.920 115.060 8.849
-114.986 115.115 8.799
-115.053 115.170 8.749
-115.119 115.226 8.698
-115.185 115.281 8.648
-115.252 115.336 8.598
-115.318 115.391 8.547
-115.385 115.447 8.497
-115.451 115.502 8.447
-115.518 115.557 8.396
-115.584 115.613 8.346
-115.650 115.668 8.296
-115.717 115.723 8.246
-115.783 115.778 8.195
-115.850 115.834 8.145
-115.916 115.889 8.095
-115.983 115.944 8.044
-116.049 116.000 7.994
-116.115 116.055 7.944
-116.182 116.110 7.893
-116.248 116.165 7.843
-116.315 116.221 7.793
-116.381 116.276 7.742
-116.447 116.331 7.692
-116.514 116.386 7.642
-116.580 116.442 7.592
-116.647 116.497 7.541
-116.713 116.552 7.491
-116.780 116.608 7.441
-116.846 116.663 7.390
-116.913 116.718 7.340
-116.979 116.773 7.290
-117.045 116.829 7.239
-117.112 116.884 7.189
-117.178 116.939 7.139
-117.245 116.994 7.088
-117.311 117.050 7.038
-117.378 117.105 6.988
-117.444 117.160 6.937
-117.510 117.216 6.887
-117.577 117.271 6.837
-117.643 117.326 6.787
-117.710 117.381 6.736
-117.776 117.437 6.686
-117.843 117.492 6.636
-117.909 117.547 6.585
-117.975 117.602 6.535
-118.042 117.658 6.485
-118.108 117.713 6.434
-118.175 117.768 6.384
-118.241 117.824 6.334
-118.308 117.879 6.283
-118.374 117.934 6.233
-118.440 117.989 6.183
-118.507 118.045 6.132
-118.573 118.100 6.082
-118.640 118.155 6.032
-118.706 118.210 5.981
-118.773 118.266 5.931
-118.839 118.321 5.881
-118.906 118.376 5.831
-118.972 118.432 5.780
-119.038 118.487 5.730
-119.105 118.542 5.680
-119.171 118.597 5.629
-119.238 118.653 5.579
-119.304 118.708 5.529
-119.370 118.763 5.478
-119.437 118.818 5.428
-119.503 118.874 5.378
-119.570 118.929 5.327
-119.636 118.984 5.277
-119.703 119.039 5.227
-119.769 119.095 5.176
-119.835 119.150 5.126
-119.902 119.205 5.076
-119.968 119.261 5.025
-120.035 119.316 4.975
-120.101 119.371 4.925
-120.167 119.426 4.874
-120.234 119.482 4.824
-120.300 119.537 4.774
-120.367 119.592 4.723
-120.433 119.647 4.673
-120.500 119.703 4.623
-120.566 119.758 4.572
-120.632 119.813 4.522
-120.699 119.869 4.472
-120.765 119.924 4.421
-120.832 119.979 4.371
-120.898 120.034 4.320
-120.964 120.090 4.270
-121.031 120.145 4.220
-121.097 120.200 4.169
-121.163 120.256 4.119
-121.230 120.311 4.069
-121.296 120.366 4.018
-121.363 120.421 3.968
-121.429 120.477 3.917
-121.495 120.532 3.867
-121.562 120.587 3.817
-121.628 120.642 3.766
-121.694 120.698 3.716
-121.761 120.753 3.665
-121.827 120.808 3.615
-121.894 120.864 3.565
-121.960 120.919 3.514
-122.026 120.974 3.464
-122.093 121.029 3.413
-122.159 121.085 3.363
-122.225 121.140 3.313
-122.292 121.195 3.262
-122.358 121.251 3.212
-122.424 121.306 3.161
-122.490 121.361 3.111
-122.557 121.417 3.060
-122.623 121.472 3.010
-122.689 121.527 2.959
-122.755 121.582 2.909
-122.822 121.638 2.858
-122.888 121.693 2.808
-122.954 121.748 2.757
-123.020 121.804 2.706
-123.086 121.859 2.656
-123.153 121.914 2.605
-123.219 121.970 2.555
-123.285 122.025 2.504
-123.351 122.080 2.454
-123.418 122.136 2.403
-123.484 122.191 2.352
-123.550 122.246 2.302
-123.616 122.301 2.251
-123.682 122.357 2.201
-123.749 122.412 2.150
-123.815 122.467 2.100
-123.881 122.523 2.049
-123.947 122.578 1.998
-124.013 122.633 1.947
-124.079 122.688 1.896
-124.145 122.744 1.845
-124.211 122.799 1.794
-124.276 122.854 1.742
-124.342 122.909 1.691
-124.408 122.964 1.640
-124.473 123.019 1.588
-124.539 123.074 1.537
-124.605 123.130 1.485
-124.671 123.185 1.434
-124.736 123.240 1.383
-124.802 123.295 1.331
-124.868 123.350 1.280
-124.933 123.405 1.228
-124.999 123.460 1.177
-125.065 123.516 1.125
-125.130 123.571 1.074
-125.196 123.626 1.023
-125.262 123.681 0.971
-125.327 123.736 0.920
-125.393 123.791 0.868
-125.459 123.846 0.817
-125.525 123.901 0.766
-125.591 123.956 0.714
-125.657 124.011 0.663
-125.723 124.065 0.612
-125.790 124.120 0.561
-125.857 124.174 0.510
-125.923 124.228 0.459
-125.990 124.283 0.408
-126.057 124.337 0.357
-126.124 124.391 0.306
-126.190 124.445 0.255
-126.257 124.499 0.204
-126.324 124.554 0.153
-126.391 124.608 0.102
-126.457 124.662 0.051
-126.524 124.716 -0.000
-126.591 124.770 -0.051
-126.658 124.825 -0.103
-126.725 124.879 -0.154
-126.791 124.933 -0.205
-126.858 124.987 -0.256
-126.925 125.041 -0.307
-126.992 125.096 -0.358
-127.058 125.150 -0.409
-127.125 125.204 -0.460
-127.192 125.258 -0.511
-127.259 125.312 -0.562
-127.325 125.367 -0.613
-127.392 125.421 -0.664
-127.459 125.475 -0.715
-127.526 125.529 -0.766
-127.593 125.584 -0.817
-127.659 125.638 -0.868
-127.726 125.692 -0.919
-127.793 125.746 -0.970
-127.860 125.800 -1.021
-127.926 125.855 -1.072
-127.993 125.909 -1.123
-128.060 125.963 -1.174
-128.127 126.017 -1.225
-128.193 126.071 -1.276
-128.260 126.126 -1.327
-128.327 126.180 -1.378
-128.394 126.234 -1.429
-128.461 126.288 -1.480
-128.527 126.342 -1.531
-128.594 126.397 -1.582
-128.661 126.451 -1.633
-128.728 126.505 -1.684
-128.794 126.559 -1.735
-128.861 126.613 -1.786
-128.928 126.668 -1.837
-128.995 126.722 -1.889
-129.061 126.776 -1.940
-129.128 126.830 -1.991
-129.195 126.884 -2.042
-129.262 126.939 -2.093
-129.328 126.993 -2.144
-129.395 127.047 -2.195
-129.462 127.101 -2.246
-129.529 127.155 -2.297
-129.596 127.210 -2.348
-129.662 127.264 -2.399
-129.729 127.318 -2.450
-129.796 127.372 -2.501
-129.863 127.426 -2.552
-129.929 127.481 -2.603
-129.996 127.535 -2.654
-130.063 127.589 -2.705
-130.130 127.643 -2.756
-130.196 127.698 -2.807
-130.263 127.752 -2.858
-130.330 127.806 -2.909
-130.397 127.860 -2.960
