9.416 7.424 -2.900
9.415 7.415 -2.801
9.414 7.407 -2.701
9.413 7.398 -2.602
9.413 7.389 -2.502
9.412 7.381 -2.402
9.411 7.372 -2.303
9.410 7.363 -2.203
9.409 7.355 -2.103
9.409 7.346 -2.004
9.408 7.337 -1.904
9.407 7.329 -1.805
9.406 7.320 -1.705
9.405 7.311 -1.605
9.405 7.303 -1.506
9.404 7.294 -1.406
9.403 7.285 -1.306
9.402 7.277 -1.207
9.401 7.268 -1.107
9.401 7.260 -1.008
9.400 7.251 -0.908
9.399 7.242 -0.808
9.398 7.234 -0.709
9.397 7.225 -0.609
9.397 7.216 -0.509
9.396 7.208 -0.410
9.395 7.199 -0.310
9.394 7.190 -0.211
9.393 7.182 -0.111
9.393 7.173 -0.011
9.392 7.164 0.088
9.391 7.156 0.188
9.390 7.147 0.288
9.389 7.138 0.387
9.388 7.130 0.487
9.388 7.121 0.586
9.387 7.112 0.686
9.386 7.104 0.786
9.385 7.095 0.885
9.384 7.087 0.985
9.384 7.078 1.085
9.383 7.070 1.184
9.382 7.061 1.284
9.381 7.053 1.383
9.380 7.044 1.483
9.380 7.036 1.583
9.379 7.027 1.682
9.378 7.019 1.782
9.377 7.011 1.882
9.376 7.002 1.981
9.376 6.994 2.081
9.375 6.985 2.181
9.374 6.977 2.280
9.373 6.968 2.380
9.372 6.960 2.479
9.372 6.951 2.579
9.371 6.943 2.679
9.370 6.934 2.778
9.369 6.926 2.878
9.368 6.917 2.978
9.368 6.909 3.077
9.367 6.900 3.177
9.366 6.892 3.276
9.365 6.884 3.376
9.364 6.875 3.476
9.364 6.867 3.575
9.363 6.859 3.675
9.362 6.851 3.775
9.361 6.843 3.874
9.360 6.835 3.974
9.359 6.827 4.074
9.359 6.819 4.173
9.358 6.811 4.273
9.357 6.803 4.373
9.356 6.795 4.473
9.355 6.787 4.572
9.354 6.779 4.672
9.353 6.771 4.772
9.353 6.764 4.871
9.352 6.756 4.971
9.351 6.748 5.071
9.350 6.740 5.170
9.349 6.732 5.270
9.348 6.724 5.370
9.348 6.716 5.469
9.347 6.708 5.569
9.346 6.701 5.669
9.345 6.693 5.768
9.344 6.685 5.868
9.343 6.677 5.968
9.342 6.669 6.067
9.342 6.661 6.167
9.341 6.654 6.267
9.340 6.646 6.366
9.339 6.639 6.466
9.338 6.632 6.566
9.337 6.626 6.666
9.335 6.619 6.766
9.334 6.613 6.865
9.333 6.607 6.965
9.332 6.601 7.065
9.331 6.595 7.165
9.329 6.588 7.265
9.328 6.582 7.364
9.327 6.576 7.464
9.326 6.570 7.564
9.325 6.564 7.664
9.324 6.557 7.764
9.322 6.551 7.863
9.321 6.545 7.963
9.320 6.539 8.063
9.319 6.532 8.163
9.318 6.526 8.263
9.317 6.520 8.362
9.315 6.514 8.462
9.314 6.508 8.562
9.313 6.501 8.662
9.312 6.495 8.762
9.311 6.489 8.861
9.309 6.483 8.961
9.308 6.477 9.061
9.307 6.470 9.161
9.306 6.464 9.260
9.306 6.457 9.334
9.306 6.450 9.409
9.306 6.442 9.491
9.306 6.432 9.582
9.306 6.422 9.681
9.306 6.412 9.781
9.306 6.402 9.880
9.307 6.391 9.979
9.307 6.381 10.079
9.307 6.371 10.178
9.307 6.360 10.278
9.307 6.350 10.377
9.308 6.340 10.477
9.308 6.330 10.576
9.308 6.319 10.676
9.308 6.309 10.775
9.308 6.299 10.875
9.308 6.288 10.974
9.309 6.278 11.074
9.309 6.268 11.173
9.309 6.257 11.273
9.309 6.247 11.372
9.309 6.237 11.471
9.310 6.226 11.571
9.310 6.216 11.670
9.310 6.206 11.770
9.310 6.196 11.869
9.310 6.185 11.969
9.311 6.175 12.068
9.311 6.164 12.168
9.311 6.153 12.267
9.311 6.142 12.366
9.312 6.131 12.466
9.312 6.120 12.565
9.312 6.109 12.665
9.312 6.098 12.764
9.313 6.087 12.863
9.313 6.076 12.963
9.313 6.064 13.062
9.313 6.053 13.162
9.314 6.042 13.261
9.314 6.031 13.360
9.314 6.020 13.460
9.315 6.009 13.559
9.315 5.998 13.658
9.315 5.987 13.758
9.315 5.975 13.857
9.316 5.964 13.957
9.316 5.953 14.056
9.316 5.942 14.155
9.316 5.931 14.255
9.317 5.920 14.354
9.317 5.909 14.453
9.317 5.898 14.553
9.318 5.886 14.652
9.318 5.875 14.752
9.318 5.864 14.851
9.318 5.853 14.950
9.319 5.842 15.050
9.319 5.831 15.149
9.319 5.819 15.248
9.319 5.808 15.348
9.320 5.797 15.447
9.320 5.786 15.547
9.320 5.775 15.646
9.320 5.763 15.745
9.321 5.752 15.845
9.321 5.741 15.944
9.321 5.730 16.043
9.322 5.719 16.143
9.322 5.707 16.242
9.322 5.696 16.341
9.322 5.685 16.441
9.323 5.674 16.540
9.323 5.662 16.640
9.323 5.651 16.739
9.323 5.640 16.838
9.324 5.629 16.938
9.324 5.618 17.037
9.324 5.606 17.136
9.325 5.595 17.236
9.325 5.584 17.335
9.325 5.573 17.434
9.325 5.562 17.534
9.326 5.550 17.633
9.326 5.539 17.733
9.326 5.528 17.832
9.326 5.517 17.931
9.327 5.505 18.031
9.327 5.494 18.130
9.327 5.483 18.229
9.327 5.472 18.329
9.328 5.460 18.428
9.328 5.449 18.528
9.328 5.438 18.627
9.329 5.427 18.726
9.329 5.415 18.826
9.329 5.404 18.925
9.329 5.393 19.024
9.330 5.382 19.124
9.330 5.370 19.223
9.330 5.359 19.322
9.330 5.348 19.422
9.331 5.337 19.521
9.331 5.325 19.621
9.331 5.314 19.720
9.331 5.303 19.819
9.332 5.292 19.919
9.332 5.280 20.018
9.332 5.269 20.117
9.333 5.258 20.217
9.333 5.246 20.316
9.333 5.235 20.415
9.333 5.224 20.515
9.334 5.213 20.614
9.334 5.201 20.713
9.334 5.190 20.813
9.334 5.179 20.912
9.335 5.168 21.012
9.335 5.156 21.111
9.335 5.145 21.210
9.335 5.134 21.310
9.336 5.123 21.409
9.336 5.111 21.508
9.336 5.100 21.608
9.337 5.089 21.707
9.337 5.078 21.806
9.337 5.066 21.906
9.337 5.055 22.005
9.338 5.044 22.105
9.338 5.032 22.204
9.338 5.021 22.303
9.338 5.010 22.403
9.339 4.999 22.502
9.339 4.987 22.601
9.339 4.976 22.701
9.339 4.965 22.800
9.340 4.954 22.899
9.340 4.942 22.999
9.340 4.931 23.098
9.341 4.920 23.198
9.341 4.909 23.297
9.341 4.897 23.396
9.341 4.886 23.496
9.342 4.875 23.595
9.342 4.863 23.694
9.342 4.852 23.794
9.342 4.841 23.893
9.343 4.830 23.992
9.343 4.818 24.092
9.343 4.807 24.191
9.343 4.796 24.291
9.344 4.785 24.390
9.344 4.773 24.489
9.344 4.762 24.589
9.345 4.751 24.688
9.345 4.740 24.787
9.345 4.728 24.887
9.345 4.717 24.986
9.346 4.706 25.085
9.346 4.695 25.185
9.346 4.683 25.284
9.346 4.672 25.384
9.347 4.661 25.483
9.347 4.650 25.582
9.347 4.638 25.682
9.347 4.627 25.781
9.348 4.616 25.880
9.348 4.604 25.980
9.348 4.593 26.079
9.349 4.582 26.178
9.349 4.571 26.278
9.349 4.559 26.377
9.349 4.548 26.476
9.350 4.537 26.576
9.350 4.526 26.675
9.350 4.514 26.775
9.350 4.503 26.874
9.351 4.492 26.973
9.351 4.481 27.073
9.351 4.470 27.172
9.352 4.458 27.271
9.352 4.447 27.371
9.352 4.436 27.470
9.352 4.425 27.570
9.353 4.413 27.669
9.353 4.402 27.768
9.353 4.391 27.868
9.353 4.380 27.967
9.354 4.368 28.066
9.354 4.357 28.166
9.354 4.346 28.265
9.354 4.335 28.364
9.355 4.324 28.464
9.355 4.312 28.563
9.355 4.301 28.663
9.356 4.290 28.762
9.356 4.279 28.861
9.356 4.267 28.961
9.356 4.256 29.060
9.357 4.245 29.159
9.357 4.234 29.259
9.357 4.223 29.358
9.357 4.211 29.457
9.358 4.200 29.557
9.358 4.189 29.656
9.358 4.178 29.756
9.358 4.167 29.855
9.359 4.156 29.954
9.359 4.145 30.054
9.359 4.134 30.153
9.359 4.123 30.253
9.360 4.112 30.352
9.360 4.101 30.451
9.360 4.090 30.551
9.361 4.079 30.650
9.361 4.068 30.749
9.361 4.057 30.849
9.361 4.046 30.948
9.362 4.034 31.048
9.362 4.023 31.147
9.362 4.012 31.246
9.362 4.001 31.346
9.363 3.990 31.445
9.363 3.979 31.545
9.363 3.968 31.644
9.363 3.957 31.743
9.364 3.946 31.843
9.364 3.935 31.942
9.364 3.924 32.041
9.364 3.913 32.141
9.365 3.902 32.240
9.365 3.892 32.340
9.365 3.881 32.439
9.365 3.871 32.539
9.366 3.860 32.638
9.366 3.850 32.738
9.366 3.839 32.837
9.366 3.829 32.936
9.367 3.819 33.036
9.367 3.808 33.135
9.367 3.798 33.235
9.367 3.787 33.334
9.367 3.777 33.434
9.368 3.767 33.533
9.368 3.756 33.633
9.368 3.746 33.732
9.368 3.736 33.832
9.369 3.725 33.931
9.369 3.715 34.030
9.369 3.704 34.130
9.369 3.694 34.229
9.370 3.684 34.329
9.370 3.673 34.428
9.370 3.663 34.528
9.370 3.653 34.627
9.371 3.642 34.727
9.371 3.632 34.826
9.371 3.621 34.925
9.371 3.611 35.025
9.371 3.602 35.109
9.371 3.602 35.112
9.371 3.602 35.114
9.371 3.602 35.116
9.371 3.602 35.117
9.371 3.602 35.118
9.371 3.602 35.118
9.371 3.602 35.119
9.371 3.602 35.119
9.371 3.602 35.119
9.371 3.602 35.119
9.371 3.602 35.119
9.371 3.602 35.119
9.371 3.602 35.119
9.371 3.602 35.119
9.371 3.602 35.120
9.371 3.602 35.120
9.371 3.602 35.120
9.371 3.602 35.120
9.371 3.602 35.120
9.371 3.602 35.120
9.371 3.602 35.120
9.371 3.602 35.120
9.371 3.602 35.120
9.371 3.602 35.120
9.371 3.602 35.121
9.371 3.602 35.121
9.371 3.602 35.121
9.371 3.602 35.121
9.371 3.602 35.121
9.371 3.602 35.121
9.371 3.602 35.121
9.371 3.602 35.121
9.371 3.602 35.121
9.371 3.602 35.121
9.371 3.602 35.121
9.371 3.602 35.122
9.371 3.602 35.122
9.371 3.602 35.122
9.371 3.602 35.122
9.371 3.602 35.122
9.371 3.602 35.122
9.371 3.602 35.122
9.371 3.602 35.122
9.371 3.602 35.122
9.371 3.602 35.122
9.371 3.602 35.122
9.371 3.602 35.122
9.371 3.602 35.122
9.371 3.602 35.123
9.371 3.602 35.123
9.371 3.602 35.123
9.371 3.602 35.123
9.371 3.602 35.123
9.371 3.602 35.123
9.371 3.602 35.123
9.371 3.602 35.123
9.371 3.602 35.123
9.371 3.602 35.123
9.371 3.602 35.123
9.371 3.602 35.123
9.371 3.602 35.123
9.371 3.602 35.123
9.371 3.602 35.123
9.371 3.602 35.123
9.371 3.602 35.124
9.371 3.602 35.124
9.371 3.602 35.124
9.371 3.602 35.124
9.371 3.602 35.124
9.371 3.602 35.124
9.371 3.602 35.124
9.371 3.602 35.124
9.371 3.602 35.124
9.371 3.602 35.124
9.371 3.602 35.124
9.370 3.602 35.124
9.370 3.602 35.124
9.370 3.602 35.124
9.370 3.602 35.124
9.370 3.602 35.124
9.370 3.602 35.124
9.370 3.602 35.124
9.370 3.602 35.124
9.370 3.602 35.125
9.370 3.602 35.125
9.370 3.602 35.125
9.370 3.602 35.125
9.370 3.602 35.125
9.370 3.602 35.125
9.370 3.602 35.125
9.370 3.602 35.125
9.370 3.602 35.125
9.370 3.602 35.125
9.370 3.602 35.125
9.370 3.602 35.125
9.370 3.602 35.125
9.370 3.602 35.125
9.370 3.602 35.125
9.370 3.602 35.125
9.370 3.602 35.125
9.370 3.602 35.125
9.370 3.602 35.125
9.370 3.602 35.125
9.370 3.602 35.125
9.370 3.602 35.125
9.370 3.602 35.125
9.370 3.602 35.125
9.370 3.602 35.125
9.370 3.602 35.126
9.370 3.602 35.126
9.370 3.602 35.126
9.370 3.602 35.126
9.370 3.602 35.126
9.370 3.602 35.126
9.370 3.602 35.126
9.370 3.602 35.126
9.370 3.602 35.126
9.370 3.602 35.126
9.370 3.602 35.126
9.370 3.603 35.126
9.370 3.603 35.126
9.370 3.603 35.126
9.370 3.603 35.126
9.369 3.603 35.126
9.369 3.603 35.126
9.369 3.603 35.126
9.369 3.603 35.126
9.369 3.603 35.126
9.369 3.603 35.126
9.369 3.603 35.126
9.369 3.603 35.126
9.369 3.603 35.126
9.369 3.603 35.126
9.369 3.603 35.126
9.369 3.603 35.126
9.369 3.603 35.126
9.369 3.603 35.126
9.369 3.603 35.126
9.369 3.603 35.126
9.369 3.603 35.126
9.369 3.603 35.126
9.369 3.603 35.126
9.369 3.603 35.126
9.369 3.603 35.126
9.369 3.603 35.127
9.369 3.603 35.127
9.369 3.603 35.127
9.369 3.603 35.127
9.369 3.603 35.127
9.369 3.603 35.127
9.369 3.603 35.127
9.369 3.604 35.127
9.368 3.604 35.127
9.368 3.604 35.127
9.368 3.604 35.127
9.368 3.604 35.127
9.368 3.604 35.127
9.368 3.604 35.127
9.368 3.604 35.127
9.368 3.604 35.127
9.368 3.604 35.127
9.368 3.604 35.127
9.368 3.604 35.127
9.368 3.604 35.127
9.368 3.604 35.127
9.368 3.604 35.127
9.368 3.604 35.127
9.368 3.604 35.127
9.368 3.604 35.127
9.368 3.604 35.127
9.368 3.604 35.127
9.368 3.604 35.127
9.368 3.604 35.127
9.367 3.604 35.127
9.367 3.605 35.127
9.367 3.605 35.127
9.367 3.605 35.127
9.367 3.605 35.127
9.367 3.605 35.127
9.367 3.605 35.127
9.367 3.605 35.127
9.367 3.605 35.127
9.367 3.605 35.127
9.367 3.605 35.127
9.367 3.605 35.127
9.367 3.605 35.127
9.367 3.605 35.127
9.367 3.605 35.127
9.367 3.605 35.127
9.367 3.605 35.127
9.366 3.605 35.127
9.366 3.606 35.127
9.366 3.606 35.127
9.366 3.606 35.127
9.366 3.606 35.127
9.366 3.606 35.127
9.366 3.606 35.127
9.366 3.606 35.127
9.366 3.606 35.127
9.366 3.606 35.127
9.366 3.606 35.127
9.366 3.606 35.127
9.366 3.606 35.127
9.365 3.606 35.127
9.365 3.607 35.127
9.365 3.607 35.127
9.365 3.607 35.127
9.365 3.607 35.128
9.365 3.607 35.128
9.365 3.607 35.128
9.365 3.607 35.128
9.365 3.607 35.128
9.365 3.607 35.128
9.364 3.607 35.128
9.364 3.607 35.128
9.364 3.608 35.128
9.364 3.608 35.128
9.364 3.608 35.128
9.364 3.608 35.128
9.364 3.608 35.128
9.364 3.608 35.128
9.364 3.608 35.128
9.363 3.608 35.128
9.363 3.609 35.128
9.363 3.609 35.128
9.363 3.609 35.128
9.363 3.609 35.128
9.363 3.609 35.128
9.363 3.609 35.128
9.362 3.609 35.128
9.362 3.610 35.128
9.362 3.610 35.128
9.362 3.610 35.128
9.362 3.610 35.128
9.362 3.610 35.128
9.361 3.610 35.128
9.361 3.611 35.128
9.361 3.611 35.128
9.361 3.611 35.128
9.361 3.611 35.128
9.360 3.611 35.128
9.360 3.612 35.128
9.360 3.612 35.128
9.360 3.612 35.128
9.360 3.612 35.128
9.359 3.612 35.128
9.359 3.613 35.128
9.359 3.613 35.128
9.359 3.613 35.128
9.358 3.613 35.128
9.358 3.614 35.128
9.358 3.614 35.128
9.357 3.614 35.128
9.357 3.615 35.128
9.357 3.615 35.128
9.356 3.615 35.128
9.356 3.616 35.128
9.356 3.616 35.128
9.355 3.617 35.128
9.355 3.617 35.128
9.354 3.617 35.128
9.354 3.618 35.128
9.353 3.618 35.129
9.353 3.619 35.129
9.352 3.619 35.129
9.352 3.620 35.129
9.351 3.620 35.129
9.351 3.621 35.129
9.350 3.622 35.129
9.349 3.622 35.129
9.349 3.623 35.129
9.348 3.624 35.129
9.347 3.625 35.129
9.346 3.626 35.129
9.345 3.626 35.129
9.344 3.627 35.129
9.343 3.629 35.129
9.342 3.630 35.129
9.340 3.631 35.129
9.339 3.632 35.129
9.338 3.634 35.129
9.336 3.635 35.130
9.334 3.637 35.130
9.332 3.639 35.130
9.330 3.641 35.130
9.327 3.644 35.130
9.325 3.647 35.130
9.322 3.649 35.130
9.318 3.653 35.131
9.315 3.656 35.131
9.311 3.660 35.131
9.306 3.665 35.131
9.301 3.669 35.131
9.296 3.675 35.132
9.290 3.680 35.132
9.284 3.687 35.132
9.277 3.694 35.133
9.269 3.702 35.133
9.260 3.710 35.134
9.250 3.720 35.134
9.240 3.730 35.135
9.228 3.742 35.135
9.215 3.754 35.136
9.201 3.768 35.137
9.186 3.783 35.138
9.169 3.800 35.138
9.150 3.818 35.139
9.129 3.839 35.140
9.107 3.861 35.142
9.082 3.886 35.143
9.054 3.913 35.144
9.024 3.943 35.146
8.990 3.975 35.148
8.954 4.012 35.150
8.914 4.051 35.152
8.869 4.095 35.154
8.820 4.143 35.157
8.767 4.196 35.159
8.708 4.254 35.163
8.643 4.318 35.166
8.572 4.388 35.170
8.500 4.458 35.173
8.429 4.528 35.177
8.358 4.598 35.181
8.287 4.668 35.185
8.215 4.738 35.188
8.144 4.808 35.192
8.073 4.879 35.196
8.002 4.949 35.199
7.931 5.019 35.203
7.859 5.089 35.207
7.788 5.159 35.211
7.717 5.229 35.214
7.646 5.299 35.218
7.575 5.369 35.222
7.503 5.439 35.226
7.432 5.509 35.229
7.361 5.580 35.233
7.290 5.650 35.237
7.218 5.720 35.240
7.147 5.790 35.244
7.076 5.860 35.248
7.005 5.930 35.252
6.934 6.000 35.255
6.862 6.070 35.259
6.791 6.140 35.263
6.720 6.210 35.267
6.649 6.281 35.270
6.578 6.351 35.274
6.507 6.421 35.278
6.436 6.491 35.282
6.365 6.562 35.287
6.295 6.633 35.292
6.224 6.704 35.296
6.154 6.774 35.301
6.083 6.845 35.306
6.013 6.916 35.310
5.942 6.987 35.315
5.872 7.057 35.320
5.801 7.128 35.324
5.731 7.199 35.329
5.660 7.270 35.334
5.589 7.340 35.338
5.519 7.411 35.343
5.448 7.482 35.348
5.378 7.553 35.353
5.307 7.623 35.357
5.237 7.694 35.362
5.166 7.765 35.367
5.096 7.836 35.371
5.025 7.906 35.376
4.955 7.977 35.381
4.884 8.048 35.385
4.814 8.119 35.390
4.743 8.189 35.395
4.673 8.260 35.400
4.602 8.331 35.404
4.532 8.402 35.409
4.461 8.473 35.414
4.391 8.543 35.418
4.320 8.614 35.423
4.250 8.685 35.428
4.179 8.756 35.432
4.109 8.826 35.437
4.038 8.897 35.442
3.968 8.968 35.447
3.897 9.039 35.451
3.827 9.109 35.456
3.757 9.180 35.461
3.686 9.251 35.466
3.616 9.322 35.471
3.545 9.392 35.476
3.475 9.463 35.481
3.404 9.534 35.486
3.334 9.605 35.491
3.263 9.676 35.497
3.193 9.746 35.502
3.122 9.817 35.507
3.052 9.888 35.512
2.982 9.959 35.517
2.911 10.030 35.523
2.841 10.100 35.528
2.770 10.171 35.533
2.700 10.242 35.538
2.629 10.313 35.543
2.559 10.384 35.549
2.489 10.454 35.554
2.418 10.525 35.559
2.348 10.596 35.564
2.277 10.667 35.570
2.207 10.738 35.575
2.136 10.808 35.580
2.066 10.879 35.585
1.996 10.950 35.590
1.925 11.021 35.596
1.855 11.092 35.601
1.784 11.162 35.606
1.714 11.233 35.611
1.643 11.304 35.616
1.573 11.375 35.621
1.503 11.446 35.627
1.432 11.516 35.632
1.362 11.587 35.637
1.291 11.658 35.642
1.221 11.729 35.647
1.150 11.799 35.653
1.080 11.870 35.658
1.009 11.941 35.663
0.939 12.012 35.668
0.869 12.083 35.673
0.798 12.153 35.679
0.728 12.224 35.684
0.657 12.295 35.689
0.587 12.366 35.695
0.517 12.437 35.700
0.446 12.508 35.706
0.376 12.579 35.711
0.306 12.649 35.717
0.235 12.720 35.722
0.165 12.791 35.728
0.095 12.862 35.733
0.024 12.933 35.739
-0.046 13.004 35.744
-0.116 13.075 35.750
-0.187 13.145 35.755
-0.257 13.216 35.761
-0.327 13.287 35.766
-0.398 13.358 35.772
-0.468 13.429 35.777
-0.538 13.500 35.783
-0.609 13.571 35.788
-0.679 13.642 35.793
-0.749 13.712 35.799
-0.820 13.783 35.804
-0.890 13.854 35.810
-0.960 13.925 35.815
-1.031 13.996 35.821
-1.101 14.067 35.826
-1.171 14.138 35.832
-1.242 14.208 35.837
-1.312 14.279 35.843
-1.382 14.350 35.848
-1.453 14.421 35.853
-1.523 14.492 35.859
-1.593 14.563 35.864
-1.664 14.634 35.870
-1.734 14.705 35.875
-1.804 14.775 35.881
-1.875 14.846 35.886
-1.945 14.917 35.892
-2.015 14.988 35.897
-2.086 15.059 35.902
-2.156 15.130 35.908
-2.226 15.201 35.913
-2.297 15.272 35.919
-2.367 15.342 35.924
-2.437 15.413 35.930
-2.508 15.484 35.936
-2.578 15.555 35.941
-2.648 15.626 35.947
-2.719 15.697 35.952
-2.789 15.768 35.958
-2.859 15.839 35.963
-2.930 15.909 35.969
-3.000 15.980 35.974
-3.070 16.051 35.980
-3.141 16.122 35.985
-3.211 16.193 35.991
-3.281 16.264 35.996
-3.352 16.335 36.002
-3.422 16.406 36.007
-3.492 16.476 36.013
-3.563 16.547 36.018
-3.633 16.618 36.024
-3.703 16.689 36.029
-3.774 16.760 36.035
-3.844 16.831 36.040
-3.914 16.902 36.045
-3.985 16.973 36.051
-4.055 17.044 36.056
-4.125 17.114 36.061
-4.196 17.185 36.067
-4.266 17.256 36.072
-4.336 17.327 36.077
-4.407 17.398 36.083
-4.477 17.469 36.088
-4.547 17.540 36.093
-4.618 17.611 36.099
-4.688 17.682 36.104
-4.758 17.753 36.109
-4.828 17.823 36.115
-4.899 17.894 36.120
-4.969 17.965 36.125
-5.039 18.036 36.131
-5.110 18.107 36.136
-5.180 18.178 36.141
-5.250 18.249 36.147
-5.321 18.320 36.152
-5.391 18.391 36.157
-5.461 18.461 36.163
-5.532 18.532 36.168
-5.602 18.603 36.173
-5.672 18.674 36.179
-5.743 18.745 36.184
-5.813 18.816 36.190
-5.883 18.887 36.195
-5.954 18.958 36.200
-6.024 19.029 36.206
-6.094 19.100 36.211
-6.164 19.170 36.216
-6.235 19.241 36.222
-6.305 19.312 36.227
-6.375 19.383 36.232
-6.446 19.454 36.237
-6.516 19.525 36.242
-6.586 19.596 36.247
-6.657 19.667 36.252
-6.727 19.738 36.257
-6.798 19.809 36.262
-6.868 19.879 36.267
-6.938 19.950 36.272
-7.009 20.021 36.277
-7.079 20.092 36.282
-7.149 20.163 36.287
-7.220 20.234 36.292
-7.290 20.305 36.297
-7.360 20.376 36.302
-7.431 20.447 36.307
-7.501 20.518 36.312
-7.571 20.588 36.317
-7.642 20.659 36.322
-7.712 20.730 36.327
-7.782 20.801 36.332
-7.853 20.872 36.337
-7.923 20.943 36.342
-7.993 21.014 36.347
-8.064 21.085 36.352
-8.134 21.156 36.357
-8.204 21.226 36.362
-8.275 21.297 36.367
-8.345 21.368 36.372
-8.415 21.439 36.377
-8.486 21.510 36.382
-8.556 21.581 36.387
-8.627 21.652 36.392
-8.697 21.723 36.397
-8.767 21.794 36.402
-8.838 21.865 36.407
-8.908 21.935 36.412
-8.978 22.006 36.417
-9.049 22.077 36.422
-9.119 22.148 36.426
-9.189 22.218 36.431
-9.257 22.286 36.433
-9.329 22.356 36.434
-9.400 22.427 36.435
-9.472 22.497 36.435
-9.543 22.567 36.435
-9.615 22.637 36.436
-9.686 22.707 36.436
-9.758 22.777 36.437
-9.829 22.847 36.437
-9.901 22.917 36.437
-9.972 22.987 36.438
-10.043 23.057 36.438
-10.115 23.127 36.439
-10.186 23.197 36.439
-10.258 23.266 36.439
-10.329 23.336 36.440
-10.401 23.406 36.440
-10.472 23.476 36.441
-10.543 23.546 36.441
-10.615 23.616 36.441
-10.686 23.686 36.442
-10.758 23.756 36.442
-10.829 23.826 36.443
-10.901 23.896 36.443
-10.972 23.966 36.443
-11.044 24.036 36.444
-11.115 24.106 36.444
-11.186 24.176 36.445
-11.258 24.246 36.445
-11.329 24.316 36.445
-11.401 24.386 36.446
-11.472 24.456 36.446
-11.544 24.526 36.447
-11.615 24.596 36.447
-11.686 24.666 36.447
-11.758 24.736 36.448
-11.829 24.806 36.448
-11.901 24.876 36.449
-11.972 24.946 36.449
-12.044 25.016 36.449
-12.115 25.086 36.450
-12.186 25.155 36.450
-12.208 25.176 36.449
-12.223 25.189 36.448
-12.238 25.204 36.446
-12.256 25.220 36.444
-12.275 25.237 36.441
-12.297 25.256 36.438
-12.321 25.278 36.435
-12.347 25.301 36.432
-12.376 25.327 36.428
-12.408 25.355 36.423
-12.443 25.387 36.418
-12.482 25.421 36.413
-12.525 25.459 36.407
-12.572 25.501 36.400
-12.624 25.547 36.393
-12.680 25.598 36.385
-12.743 25.653 36.376
-12.812 25.715 36.367
-12.886 25.781 36.356
-12.960 25.847 36.346
-13.035 25.913 36.336
-13.109 25.979 36.325
-13.183 26.045 36.315
-13.258 26.111 36.305
-13.332 26.177 36.294
-13.406 26.244 36.284
-13.480 26.310 36.273
-13.555 26.376 36.263
-13.629 26.442 36.253
-13.703 26.508 36.242
-13.778 26.574 36.232
-13.852 26.640 36.222
-13.926 26.706 36.211
-14.001 26.773 36.201
-14.075 26.839 36.191
-14.149 26.905 36.180
-14.223 26.971 36.170
-14.298 27.037 36.159
-14.372 27.103 36.149
-14.446 27.169 36.139
-14.521 27.235 36.128
-14.595 27.302 36.118
-14.669 27.368 36.108
-14.744 27.434 36.097
-14.818 27.500 36.087
-14.892 27.566 36.077
-14.966 27.632 36.066
-15.041 27.698 36.056
-15.115 27.764 36.045
-15.189 27.830 36.035
-15.264 27.896 36.024
-15.338 27.963 36.014
-15.412 28.029 36.003
-15.487 28.095 35.993
-15.561 28.161 35.982
-15.635 28.227 35.972
-15.710 28.293 35.961
-15.784 28.359 35.951
-15.858 28.425 35.940
-15.933 28.491 35.930
-16.007 28.557 35.919
-16.081 28.623 35.909
-16.156 28.689 35.898
-16.230 28.755 35.888
-16.304 28.821 35.877
-16.379 28.887 35.867
-16.453 28.954 35.856
-16.527 29.020 35.846
-16.602 29.086 35.835
-16.676 29.152 35.825
-16.750 29.218 35.814
-16.825 29.284 35.804
-16.899 29.350 35.793
-16.973 29.416 35.783
-17.048 29.482 35.772
-17.122 29.548 35.762
-17.196 29.614 35.751
-17.271 29.680 35.741
-17.345 29.746 35.731
-17.419 29.812 35.720
-17.494 29.878 35.710
-17.568 29.944 35.699
-17.642 30.010 35.689
-17.717 30.076 35.678
-17.791 30.142 35.668
-17.866 30.209 35.658
-17.940 30.275 35.647
-18.014 30.341 35.637
-18.089 30.407 35.626
-18.163 30.473 35.616
-18.237 30.539 35.606
-18.312 30.605 35.595
-18.386 30.671 35.585
-18.460 30.737 35.574
-18.535 30.803 35.564
-18.609 30.869 35.553
-18.683 30.935 35.543
-18.758 31.001 35.533
-18.832 31.067 35.522
-18.906 31.133 35.512
-18.981 31.199 35.501
-19.055 31.265 35.491
-19.130 31.331 35.480
-19.204 31.397 35.470
-19.278 31.463 35.459
-19.353 31.529 35.449
-19.427 31.595 35.439
-19.501 31.661 35.428
-19.576 31.727 35.418
-19.650 31.793 35.407
-19.725 31.859 35.397
-19.799 31.925 35.387
-19.874 31.991 35.376
-19.948 32.057 35.366
-20.023 32.123 35.355
-20.097 32.189 35.345
-20.172 32.255 35.335
-20.246 32.321 35.324
-20.321 32.387 35.314
-20.395 32.453 35.304
-20.470 32.518 35.293
-20.544 32.584 35.283
-20.619 32.650 35.273
-20.693 32.716 35.262
-20.768 32.782 35.252
-20.842 32.848 35.242
-20.917 32.914 35.231
-20.991 32.979 35.221
-21.066 33.045 35.211
-21.140 33.111 35.200
-21.215 33.177 35.190
-21.289 33.243 35.180
-21.364 33.309 35.169
-21.438 33.375 35.159
-21.513 33.441 35.149
-21.587 33.506 35.138
-21.662 33.572 35.128
-21.737 33.638 35.118
-21.811 33.704 35.107
-21.886 33.770 35.097
-21.960 33.836 35.087
-22.035 33.902 35.076
-22.109 33.968 35.066
-22.184 34.033 35.056
-22.258 34.099 35.045
-22.333 34.165 35.035
-22.407 34.231 35.025
-22.482 34.297 35.014
-22.556 34.363 35.004
-22.631 34.429 34.994
-22.705 34.494 34.983
-22.780 34.560 34.973
-22.854 34.626 34.962
-22.929 34.692 34.952
-23.004 34.758 34.942
-23.078 34.824 34.931
-23.153 34.889 34.921
-23.227 34.955 34.911
-23.302 35.021 34.900
-23.376 35.087 34.890
-23.451 35.153 34.880
-23.526 35.219 34.869
-23.600 35.284 34.859
-23.675 35.350 34.849
-23.749 35.416 34.838
-23.824 35.482 34.828
-23.898 35.548 34.818
-23.973 35.614 34.807
-24.047 35.679 34.797
-24.122 35.745 34.787
-24.197 35.811 34.776
-24.271 35.877 34.766
-24.346 35.943 34.755
-24.420 36.008 34.745
-24.495 36.074 34.735
-24.569 36.140 34.724
-24.644 36.206 34.714
-24.718 36.272 34.704
-24.793 36.338 34.693
-24.868 36.403 34.683
-24.942 36.469 34.673
-25.017 36.535 34.662
-25.091 36.601 34.652
-25.166 36.667 34.642
-25.240 36.733 34.631
-25.315 36.799 34.621
-25.389 36.864 34.611
-25.464 36.930 34.600
-25.539 36.996 34.590
-25.613 37.062 34.579
-25.688 37.128 34.569
-25.762 37.194 34.559
-25.837 37.259 34.548
-25.911 37.325 34.538
-25.986 37.391 34.528
-26.060 37.457 34.517
-26.135 37.523 34.507
-26.210 37.589 34.497
-26.284 37.654 34.486
-26.359 37.720 34.476
-26.433 37.786 34.466
-26.508 37.852 34.455
-26.582 37.918 34.445
-26.657 37.984 34.435
-26.731 38.049 34.424
-26.806 38.115 34.414
-26.881 38.181 34.403
-26.955 38.247 34.393
-27.030 38.313 34.383
-27.104 38.378 34.372
-27.179 38.444 34.362
-27.253 38.510 34.352
-27.328 38.576 34.341
-27.402 38.642 34.331
-27.477 38.708 34.321
-27.552 38.773 34.310
-27.626 38.839 34.300
-27.701 38.905 34.290
-27.775 38.971 34.279
-27.850 39.037 34.269
-27.924 39.103 34.259
-27.999 39.168 34.248
-28.073 39.234 34.238
-28.148 39.300 34.227
-28.223 39.366 34.217
-28.297 39.432 34.207
-28.372 39.498 34.196
-28.446 39.563 34.186
-28.521 39.629 34.176
-28.595 39.695 34.165
-28.670 39.761 34.155
-28.744 39.827 34.145
-28.819 39.893 34.134
-28.894 39.959 34.124
-28.968 40.024 34.114
-29.043 40.090 34.103
-29.117 40.156 34.093
-29.192 40.222 34.083
-29.266 40.288 34.072
-29.341 40.354 34.062
-29.415 40.420 34.052
-29.490 40.485 34.041
-29.564 40.551 34.031
-29.639 40.617 34.021
-29.713 40.683 34.010
-29.788 40.749 34.000
-29.862 40.815 33.990
-29.937 40.881 33.979
-30.011 40.947 33.969
-30.086 41.012 33.959
-30.160 41.078 33.948
-30.235 41.144 33.938
-30.309 41.210 33.928
-30.384 41.276 33.917
-30.458 41.342 33.907
-30.533 41.408 33.897
-30.608 41.474 33.886
-30.682 41.540 33.876
-30.757 41.605 33.866
-30.831 41.671 33.855
-30.906 41.737 33.845
-30.980 41.803 33.835
-31.055 41.869 33.824
-31.129 41.935 33.814
-31.204 42.001 33.804
-31.278 42.067 33.793
-31.353 42.132 33.783
-31.427 42.198 33.773
-31.502 42.264 33.762
-31.576 42.330 33.752
-31.651 42.396 33.742
-31.725 42.462 33.731
-31.800 42.528 33.721
-31.874 42.594 33.711
-31.949 42.660 33.700
-32.023 42.726 33.690
-32.097 42.792 33.680
-32.172 42.858 33.669
-32.246 42.924 33.659
-32.321 42.990 33.649
-32.395 43.056 33.638
-32.469 43.122 33.628
-32.544 43.188 33.618
-32.618 43.254 33.607
-32.692 43.320 33.597
-32.767 43.386 33.586
-32.841 43.452 33.576
-32.915 43.518 33.566
-32.990 43.584 33.555
-33.064 43.650 33.545
-33.138 43.717 33.535
-33.213 43.783 33.524
-33.287 43.849 33.514
-33.361 43.915 33.504
-33.436 43.981 33.493
-33.510 44.047 33.483
-33.584 44.113 33.472
-33.659 44.179 33.462
-33.733 44.245 33.452
-33.808 44.311 33.441
-33.882 44.377 33.431
-33.956 44.443 33.421
-34.031 44.509 33.410
-34.105 44.575 33.400
-34.179 44.641 33.390
-34.254 44.708 33.379
-34.328 44.774 33.369
-34.402 44.840 33.359
-34.477 44.906 33.348
-34.551 44.972 33.338
-34.625 45.038 33.327
-34.700 45.104 33.317
-34.774 45.170 33.307
-34.848 45.236 33.296
-34.923 45.302 33.286
-34.997 45.368 33.275
-35.071 45.435 33.265
-35.145 45.501 33.254
-35.220 45.567 33.244
-35.294 45.633 33.233
-35.368 45.699 33.223
-35.442 45.765 33.212
-35.516 45.832 33.201
-35.591 45.898 33.191
-35.665 45.964 33.180
-35.739 46.030 33.170
-35.813 46.096 33.159
-35.888 46.162 33.149
-35.962 46.229 33.138
-36.036 46.295 33.127
-36.110 46.361 33.117
-36.184 46.427 33.106
-36.259 46.493 33.096
-36.333 46.560 33.085
-36.407 46.626 33.074
-36.481 46.692 33.064
-36.555 46.758 33.053
-36.630 46.824 33.043
-36.704 46.891 33.032
-36.778 46.957 33.022
-36.852 47.023 33.011
-36.927 47.089 33.000
-37.001 47.155 32.990
-37.075 47.221 32.979
-37.149 47.288 32.969
-37.223 47.354 32.958
-37.298 47.420 32.948
-37.372 47.486 32.937
-37.446 47.552 32.927
-37.520 47.619 32.916
-37.594 47.685 32.906
-37.669 47.751 32.895
-37.743 47.817 32.885
-37.817 47.883 32.874
-37.891 47.950 32.864
-37.965 48.016 32.853
-38.040 48.082 32.843
-38.114 48.148 32.832
-38.188 48.214 32.821
-38.262 48.281 32.811
-38.336 48.347 32.800
-38.411 48.413 32.790
-38.485 48.479 32.779
-38.559 48.545 32.769
-38.633 48.612 32.758
-38.708 48.678 32.747
-38.782 48.744 32.737
-38.856 48.810 32.726
-38.930 48.876 32.716
-39.004 48.942 32.705
-39.079 49.009 32.695
-39.153 49.075 32.684
-39.227 49.141 32.673
-39.301 49.207 32.663
-39.375 49.273 32.652
-39.450 49.340 32.642
-39.524 49.406 32.631
-39.598 49.472 32.621
-39.672 49.538 32.611
-39.747 49.604 32.601
-39.821 49.670 32.591
-39.895 49.737 32.581
-39.970 49.803 32.571
-40.044 49.869 32.562
-40.118 49.935 32.552
-40.193 50.001 32.542
-40.267 50.067 32.532
-40.341 50.134 32.522
-40.416 50.200 32.512
-40.490 50.266 32.502
-40.564 50.332 32.493
-40.639 50.398 32.483
-40.713 50.464 32.473
-40.787 50.531 32.463
-40.862 50.597 32.453
-40.936 50.663 32.443
-41.010 50.729 32.433
-41.085 50.795 32.424
-41.159 50.861 32.414
-41.233 50.928 32.404
-41.308 50.994 32.394
-41.382 51.060 32.384
-41.456 51.126 32.374
-41.531 51.192 32.364
-41.605 51.258 32.355
-41.679 51.324 32.345
-41.754 51.391 32.335
-41.828 51.457 32.325
-41.902 51.523 32.315
-41.977 51.589 32.305
-42.051 51.655 32.295
-42.125 51.721 32.285
-42.200 51.788 32.276
-42.274 51.854 32.266
-42.348 51.920 32.256
-42.423 51.986 32.246
-42.497 52.052 32.236
-42.572 52.118 32.226
-42.646 52.183 32.216
-42.721 52.249 32.206
-42.796 52.315 32.196
-42.871 52.380 32.186
-42.946 52.446 32.176
-43.021 52.511 32.166
-43.096 52.577 32.156
-43.171 52.642 32.146
-43.246 52.708 32.135
-43.320 52.773 32.125
-43.395 52.839 32.115
-43.470 52.904 32.105
-43.545 52.969 32.095
-43.620 53.035 32.085
-43.695 53.100 32.075
-43.770 53.166 32.065
-43.845 53.231 32.055
-43.920 53.297 32.045
-43.995 53.362 32.034
-44.070 53.428 32.024
-44.144 53.493 32.014
-44.219 53.559 32.004
-44.294 53.624 31.994
-44.369 53.690 31.984
-44.444 53.755 31.974
-44.519 53.821 31.964
-44.594 53.886 31.954
-44.669 53.952 31.944
-44.744 54.017 31.934
-44.819 54.082 31.923
-44.894 54.148 31.913
-44.968 54.213 31.903
-45.043 54.279 31.893
-45.118 54.344 31.883
-45.193 54.410 31.873
-45.268 54.475 31.863
-45.343 54.541 31.853
-45.418 54.606 31.843
-45.493 54.672 31.833
-45.568 54.737 31.822
-45.643 54.803 31.812
-45.718 54.868 31.802
-45.793 54.933 31.792
-45.868 54.999 31.782
-45.942 55.064 31.772
-46.017 55.130 31.762
-46.092 55.195 31.751
-46.167 55.260 31.741
-46.242 55.326 31.731
-46.317 55.391 31.721
-46.392 55.457 31.711
-46.467 55.522 31.701
-46.542 55.588 31.691
-46.617 55.653 31.680
-46.692 55.718 31.670
-46.767 55.784 31.660
-46.842 55.849 31.650
-46.917 55.915 31.640
-46.992 55.980 31.630
-47.067 56.045 31.620
-47.142 56.111 31.609
-47.217 56.176 31.599
-47.292 56.242 31.589
-47.367 56.307 31.579
-47.442 56.372 31.569
-47.517 56.438 31.559
-47.591 56.503 31.549
-47.666 56.569 31.538
-47.741 56.634 31.528
-47.816 56.700 31.518
-47.891 56.765 31.508
-47.966 56.830 31.498
-48.041 56.896 31.488
-48.116 56.961 31.478
-48.191 57.027 31.467
-48.266 57.092 31.457
-48.341 57.157 31.447
-48.416 57.223 31.437
-48.491 57.288 31.427
-48.566 57.354 31.417
-48.641 57.419 31.407
-48.716 57.484 31.396
-48.791 57.550 31.386
-48.866 57.615 31.376
-48.941 57.681 31.366
-49.016 57.746 31.356
-49.091 57.811 31.346
-49.166 57.877 31.336
-49.241 57.942 31.325
-49.316 58.008 31.315
-49.390 58.073 31.305
-49.465 58.138 31.295
-49.540 58.204 31.285
-49.615 58.269 31.275
-49.690 58.335 31.265
-49.765 58.400 31.254
-49.840 58.466 31.244
-49.915 58.531 31.234
-49.990 58.596 31.224
-50.065 58.662 31.214
-50.140 58.727 31.204
-50.215 58.793 31.194
-50.290 58.858 31.183
-50.365 58.923 31.173
-50.440 58.989 31.163
-50.515 59.054 31.153
-50.590 59.120 31.143
-50.665 59.185 31.133
-50.740 59.250 31.123
-50.815 59.316 31.112
-50.890 59.381 31.102
-50.965 59.446 31.092
-51.040 59.512 31.082
-51.115 59.577 31.072
-51.190 59.643 31.062
-51.265 59.708 31.052
-51.340 59.773 31.041
-51.415 59.839 31.031
-51.489 59.904 31.021
-51.564 59.970 31.011
-51.639 60.035 31.001
-51.714 60.100 30.991
-51.789 60.166 30.981
-51.864 60.231 30.970
-51.939 60.297 30.960
-52.014 60.362 30.950
-52.089 60.428 30.940
-52.164 60.493 30.930
-52.239 60.558 30.920
-52.314 60.624 30.910
-52.389 60.689 30.899
-52.464 60.755 30.889
-52.539 60.820 30.879
-52.614 60.886 30.869
-52.689 60.951 30.859
-52.763 61.017 30.849
-52.838 61.082 30.839
-52.913 61.147 30.828
-52.988 61.213 30.818
-53.063 61.278 30.808
-53.138 61.344 30.798
-53.213 61.409 30.788
-53.288 61.475 30.778
-53.363 61.540 30.768
-53.438 61.605 30.758
-53.513 61.671 30.747
-53.588 61.736 30.737
-53.663 61.802 30.727
-53.738 61.867 30.717
-53.812 61.933 30.707
-53.887 61.998 30.697
-53.962 62.064 30.687
-54.037 62.129 30.676
-54.112 62.194 30.666
-54.187 62.260 30.656
-54.262 62.325 30.646
-54.337 62.391 30.636
-54.412 62.456 30.626
-54.487 62.522 30.616
-54.562 62.587 30.605
-54.637 62.653 30.595
-54.712 62.718 30.585
-54.786 62.784 30.575
-54.861 62.849 30.565
-54.936 62.915 30.555
-55.011 62.980 30.544
-55.086 63.046 30.534
-55.161 63.111 30.524
-55.236 63.177 30.514
-55.311 63.242 30.504
-55.385 63.308 30.493
-55.460 63.373 30.483
-55.535 63.439 30.473
-55.610 63.504 30.463
-55.685 63.570 30.452
-55.760 63.635 30.442
-55.834 63.701 30.432
-55.909 63.766 30.422
-55.984 63.832 30.412
-56.059 63.897 30.401
-56.134 63.963 30.391
-56.209 64.028 30.381
-56.284 64.094 30.371
-56.358 64.159 30.361
-56.433 64.225 30.350
-56.508 64.290 30.340
-56.583 64.356 30.330
-56.658 64.421 30.320
-56.733 64.487 30.309
-56.807 64.553 30.299
-56.882 64.618 30.289
-56.957 64.684 30.279
-57.032 64.749 30.269
-57.107 64.815 30.259
-57.182 64.880 30.248
-57.256 64.946 30.238
-57.331 65.011 30.228
-57.406 65.077 30.218
-57.481 65.142 30.208
-57.556 65.208 30.197
-57.631 65.273 30.187
-57.706 65.339 30.177
-57.780 65.404 30.167
-57.855 65.470 30.156
-57.930 65.536 30.146
-58.005 65.601 30.136
-58.080 65.667 30.126
-58.155 65.732 30.115
-58.229 65.798 30.105
-58.304 65.863 30.095
-58.379 65.929 30.085
-58.454 65.994 30.074
-58.529 66.060 30.064
-58.603 66.125 30.054
-58.678 66.191 30.044
-58.753 66.256 30.033
-58.828 66.322 30.023
-58.903 66.388 30.013
-58.978 66.453 30.003
-59.052 66.519 29.992
-59.127 66.584 29.982
-59.202 66.650 29.972
-59.277 66.715 29.962
-59.352 66.781 29.952
-59.427 66.846 29.941
-59.501 66.912 29.931
-59.576 66.977 29.921
-59.651 67.043 29.911
-59.726 67.109 29.901
-59.801 67.174 29.891
-59.875 67.240 29.881
-59.950 67.305 29.871
-60.025 67.371 29.861
-60.100 67.437 29.851
-60.175 67.502 29.841
-60.249 67.568 29.830
-60.324 67.633 29.820
-60.399 67.699 29.810
-60.474 67.765 29.800
-60.549 67.830 29.790
-60.624 67.896 29.780
-60.698 67.961 29.770
-60.773 68.027 29.760
-60.848 68.093 29.750
-60.923 68.158 29.740
-60.998 68.224 29.730
-61.072 68.289 29.720
-61.147 68.355 29.710
-61.222 68.420 29.700
-61.297 68.486 29.690
-61.372 68.552 29.680
-61.446 68.617 29.670
-61.521 68.683 29.660
-61.596 68.748 29.650
-61.671 68.814 29.639
-61.746 68.880 29.629
-61.820 68.945 29.619
-61.895 69.011 29.609
-61.970 69.076 29.599
-62.045 69.142 29.589
-62.120 69.208 29.579
-62.194 69.273 29.569
-62.269 69.339 29.559
-62.344 69.404 29.549
-62.419 69.469 29.539
-62.470 69.512 29.531
-62.491 69.529 29.528
-62.515 69.547 29.524
-62.541 69.567 29.520
-62.571 69.588 29.515
-62.603 69.612 29.509
-62.639 69.639 29.503
-62.679 69.668 29.497
-62.723 69.700 29.489
-62.771 69.735 29.481
-62.824 69.773 29.472
-62.883 69.816 29.462
-62.947 69.863 29.452
-63.018 69.914 29.440
-63.095 69.971 29.426
-63.175 70.029 29.413
-63.255 70.088 29.399
-63.335 70.146 29.386
-63.416 70.205 29.372
-63.496 70.263 29.359
-63.576 70.321 29.345
-63.656 70.380 29.332
-63.736 70.438 29.318
-63.816 70.496 29.305
-63.896 70.555 29.291
-63.976 70.613 29.278
-64.056 70.671 29.264
-64.136 70.730 29.251
-64.216 70.788 29.237
-64.296 70.847 29.224
-64.376 70.905 29.210
-64.456 70.963 29.197
-64.536 71.022 29.183
-64.616 71.080 29.170
-64.697 71.138 29.156
-64.777 71.197 29.142
-64.857 71.255 29.129
-64.937 71.314 29.115
-65.017 71.372 29.102
-65.097 71.430 29.088
-65.177 71.489 29.075
-65.257 71.547 29.061
-65.337 71.605 29.048
-65.417 71.664 29.034
-65.497 71.722 29.021
-65.577 71.780 29.007
-65.657 71.839 28.994
-65.737 71.897 28.980
-65.817 71.955 28.967
-65.898 72.014 28.953
-65.978 72.072 28.940
-66.058 72.130 28.926
-66.138 72.189 28.913
-66.218 72.247 28.899
-66.298 72.305 28.885
-66.378 72.364 28.872
-66.458 72.422 28.858
-66.538 72.480 28.845
-66.618 72.539 28.831
-66.698 72.597 28.818
-66.779 72.655 28.804
-66.859 72.714 28.791
-66.939 72.772 28.777
-67.019 72.830 28.764
-67.099 72.889 28.750
-67.179 72.947 28.736
-67.259 73.005 28.723
-67.339 73.064 28.709
-67.419 73.122 28.696
-67.499 73.180 28.682
-67.579 73.239 28.669
-67.660 73.297 28.655
-67.740 73.355 28.642
-67.820 73.414 28.628
-67.900 73.472 28.615
-67.980 73.530 28.601
-68.060 73.589 28.587
-68.140 73.647 28.574
-68.220 73.705 28.560
-68.300 73.764 28.547
-68.380 73.822 28.533
-68.460 73.880 28.520
-68.541 73.938 28.506
-68.621 73.997 28.493
-68.701 74.055 28.479
-68.781 74.113 28.466
-68.861 74.172 28.452
-68.941 74.230 28.438
-69.021 74.288 28.425
-69.101 74.347 28.411
-69.181 74.405 28.398
-69.261 74.464 28.384
-69.341 74.522 28.371
-69.421 74.580 28.357
-69.501 74.639 28.344
-69.581 74.697 28.330
-69.661 74.756 28.317
-69.741 74.814 28.303
-69.822 74.872 28.290
-69.902 74.931 28.276
-69.982 74.989 28.263
-70.062 75.048 28.249
-70.142 75.106 28.236
-70.222 75.165 28.222
-70.302 75.223 28.209
-70.382 75.281 28.195
-70.462 75.340 28.182
-70.542 75.398 28.168
-70.622 75.457 28.155
-70.702 75.515 28.141
-70.782 75.573 28.128
-70.862 75.632 28.114
-70.942 75.690 28.101
-71.022 75.749 28.087
-71.102 75.807 28.074
-71.182 75.866 28.060
-71.262 75.924 28.047
-71.342 75.982 28.033
-71.422 76.041 28.020
-71.502 76.099 28.006
-71.582 76.158 27.993
-71.662 76.216 27.979
-71.742 76.275 27.966
-71.822 76.333 27.952
-71.902 76.391 27.939
-71.982 76.450 27.925
-72.062 76.508 27.912
-72.142 76.567 27.898
-72.222 76.625 27.885
-72.302 76.684 27.871
-72.382 76.742 27.857
-72.461 76.801 27.842
-72.540 76.860 27.827
-72.619 76.920 27.812
-72.698 76.979 27.796
-72.777 77.038 27.780
-72.856 77.098 27.765
-72.935 77.157 27.749
-73.014 77.217 27.733
-73.093 77.276 27.718
-73.172 77.335 27.702
-73.251 77.395 27.686
-73.330 77.454 27.671
-73.409 77.513 27.655
-73.488 77.573 27.640
-73.567 77.632 27.624
-73.646 77.691 27.608
-73.725 77.751 27.593
-73.804 77.810 27.577
-73.883 77.869 27.561
-73.962 77.929 27.546
-74.040 77.988 27.530
-74.119 78.048 27.514
-74.198 78.107 27.499
-74.277 78.166 27.483
-74.356 78.226 27.467
-74.435 78.285 27.452
-74.514 78.344 27.436
-74.593 78.404 27.421
-74.672 78.463 27.405
-74.751 78.522 27.389
-74.830 78.582 27.374
-74.909 78.641 27.358
-74.988 78.700 27.342
-75.067 78.760 27.327
-75.146 78.819 27.311
-75.225 78.879 27.296
-75.304 78.938 27.280
-75.383 78.997 27.264
-75.461 79.057 27.249
-75.540 79.116 27.233
-75.619 79.175 27.217
-75.698 79.235 27.202
-75.777 79.294 27.186
-75.856 79.353 27.170
-75.935 79.413 27.155
-76.014 79.472 27.139
-76.093 79.531 27.123
-76.172 79.591 27.108
-76.251 79.650 27.092
-76.330 79.709 27.077
-76.409 79.769 27.061
-76.488 79.828 27.045
-76.567 79.887 27.030
-76.646 79.946 27.014
-76.725 80.006 26.998
-76.804 80.065 26.983
-76.883 80.124 26.967
-76.962 80.184 26.951
-77.041 80.243 26.936
-77.120 80.302 26.920
-77.199 80.362 26.904
-77.278 80.421 26.889
-77.357 80.480 26.873
-77.436 80.540 26.857
-77.515 80.599 26.842
-77.594 80.658 26.826
-77.673 80.717 26.810
-77.752 80.777 26.795
-77.831 80.836 26.779
-77.910 80.895 26.763
-77.989 80.955 26.748
-78.068 81.014 26.732
-78.147 81.073 26.717
-78.226 81.132 26.701
-78.305 81.192 26.685
-78.384 81.251 26.670
-78.463 81.310 26.654
-78.542 81.370 26.638
-78.621 81.429 26.623
-78.700 81.488 26.607
-78.779 81.547 26.591
-78.858 81.607 26.576
-78.937 81.666 26.560
-79.016 81.725 26.544
-79.095 81.785 26.529
-79.174 81.844 26.513
-79.253 81.903 26.498
-79.332 81.962 26.482
-79.411 82.022 26.466
-79.489 82.081 26.451
-79.568 82.140 26.435
-79.647 82.200 26.419
-79.726 82.259 26.404
-79.805 82.318 26.388
-79.884 82.378 26.372
-79.963 82.437 26.357
-80.042 82.496 26.341
-80.121 82.556 26.326
-80.200 82.615 26.310
-80.279 82.674 26.294
-80.358 82.734 26.279
-80.437 82.793 26.263
-80.516 82.852 26.247
-80.595 82.912 26.232
-80.674 82.971 26.216
-80.753 83.030 26.200
-80.832 83.089 26.185
-80.911 83.149 26.169
-80.990 83.208 26.154
-81.069 83.267 26.138
-81.148 83.327 26.122
-81.227 83.386 26.107
-81.306 83.445 26.091
-81.385 83.505 26.075
-81.464 83.564 26.060
-81.543 83.623 26.044
-81.622 83.683 26.029
-81.701 83.742 26.013
-81.780 83.801 25.997
-81.859 83.861 25.982
-81.938 83.920 25.966
-82.016 83.979 25.950
-82.095 84.039 25.935
-82.174 84.098 25.919
-82.253 84.157 25.903
-82.332 84.217 25.888
-82.411 84.276 25.872
-82.490 84.335 25.856
-82.569 84.395 25.841
-82.648 84.454 25.825
-82.727 84.513 25.809
-82.806 84.573 25.793
-82.885 84.632 25.778
-82.964 84.692 25.762
-83.043 84.751 25.746
-83.122 84.810 25.731
-83.201 84.870 25.715
-83.279 84.929 25.699
-83.358 84.988 25.684
-83.437 85.048 25.668
-83.516 85.107 25.652
-83.595 85.166 25.636
-83.674 85.226 25.621
-83.753 85.285 25.605
-83.832 85.344 25.589
-83.911 85.404 25.574
-83.990 85.463 25.558
-84.069 85.523 25.542
-84.148 85.582 25.527
-84.227 85.641 25.511
-84.306 85.701 25.496
-84.384 85.760 25.480
-84.463 85.820 25.465
-84.542 85.879 25.449
-84.621 85.938 25.434
-84.700 85.998 25.418
-84.779 86.057 25.403
-84.858 86.117 25.387
-84.937 86.176 25.372
-85.016 86.236 25.356
-85.095 86.295 25.341
-85.174 86.354 25.326
-85.253 86.414 25.310
-85.332 86.473 25.295
-85.410 86.533 25.279
-85.489 86.592 25.264
-85.568 86.652 25.248
-85.647 86.711 25.233
-85.726 86.770 25.217
-85.805 86.830 25.202
-85.884 86.889 25.186
-85.963 86.949 25.171
-86.042 87.008 25.155
-86.121 87.067 25.140
-86.200 87.127 25.124
-86.279 87.186 25.109
-86.358 87.246 25.093
-86.437 87.305 25.078
-86.515 87.365 25.062
-86.594 87.424 25.047
-86.673 87.483 25.031
-86.752 87.543 25.016
-86.831 87.602 25.000
-86.910 87.662 24.985
-86.989 87.721 24.969
-87.068 87.780 24.954
-87.147 87.840 24.938
-87.226 87.899 24.923
-87.305 87.958 24.907
-87.384 88.018 24.892
-87.463 88.077 24.876
-87.542 88.136 24.861
-87.621 88.195 24.845
-87.700 88.255 24.830
-87.779 88.314 24.814
-87.858 88.373 24.798
-87.937 88.432 24.783
-88.016 88.492 24.767
-88.095 88.551 24.752
-88.174 88.610 24.736
-88.253 88.669 24.721
-88.332 88.729 24.705
-88.411 88.788 24.690
-88.490 88.847 24.674
-88.569 88.907 24.658
-88.649 88.966 24.643
-88.728 89.025 24.627
-88.807 89.084 24.612
-88.886 89.144 24.596
-88.965 89.203 24.581
-89.044 89.262 24.565
-89.123 89.321 24.550
-89.202 89.381 24.534
-89.281 89.440 24.519
-89.360 89.499 24.503
-89.439 89.558 24.487
-89.518 89.618 24.472
-89.597 89.677 24.456
-89.676 89.736 24.441
-89.755 89.796 24.425
-89.834 89.855 24.410
-89.913 89.914 24.394
-89.992 89.973 24.379
-90.071 90.033 24.363
-90.150 90.092 24.348
-90.229 90.151 24.332
-90.308 90.210 24.316
-90.387 90.270 24.301
-90.466 90.329 24.285
-90.545 90.388 24.270
-90.624 90.447 24.254
-90.703 90.507 24.239
-90.782 90.566 24.223
-90.861 90.625 24.208
-90.940 90.685 24.192
-91.019 90.744 24.177
-91.098 90.803 24.161
-91.177 90.862 24.145
-91.256 90.922 24.130
-91.335 90.981 24.114
-91.414 91.040 24.099
-91.494 91.099 24.083
-91.573 91.159 24.068
-91.652 91.218 24.052
-91.731 91.277 24.037
-91.810 91.337 24.021
-91.889 91.396 24.006
-91.968 91.455 23.990
-92.047 91.514 23.974
-92.126 91.574 23.959
-92.205 91.633 23.943
-92.284 91.692 23.928
-92.363 91.751 23.912
-92.442 91.811 23.897
-92.521 91.870 23.881
-92.600 91.929 23.866
-92.679 91.989 23.850
-92.758 92.048 23.835
-92.837 92.107 23.819
-92.916 92.166 23.803
-92.995 92.226 23.788
-93.074 92.285 23.772
-93.153 92.344 23.757
-93.232 92.403 23.741
-93.311 92.463 23.726
-93.390 92.522 23.710
-93.469 92.581 23.695
-93.548 92.641 23.679
-93.627 92.700 23.663
-93.706 92.759 23.648
-93.785 92.819 23.632
-93.864 92.878 23.617
-93.943 92.938 23.601
-94.021 92.997 23.586
-94.100 93.057 23.570
-94.179 93.116 23.554
-94.258 93.176 23.539
-94.337 93.235 23.523
-94.416 93.295 23.508
-94.495 93.354 23.492
-94.573 93.414 23.477
-94.652 93.473 23.461
-94.731 93.533 23.445
-94.810 93.592 23.430
-94.889 93.652 23.414
-94.968 93.711 23.399
-95.046 93.771 23.383
-95.125 93.830 23.367
-95.204 93.890 23.352
-95.283 93.949 23.336
-95.362 94.009 23.321
-95.441 94.068 23.305
-95.519 94.128 23.290
-95.598 94.187 23.274
-95.677 94.247 23.258
-95.756 94.306 23.243
-95.835 94.366 23.227
-95.914 94.425 23.212
-95.992 94.485 23.196
-96.071 94.545 23.181
-96.150 94.604 23.165
-96.229 94.664 23.150
-96.308 94.723 23.134
-96.387 94.783 23.118
-96.465 94.842 23.103
-96.544 94.902 23.087
-96.623 94.961 23.072
-96.702 95.021 23.056
-96.781 95.080 23.041
-96.860 95.140 23.025
-96.938 95.199 23.009
-97.017 95.259 22.994
-97.096 95.318 22.978
-97.175 95.378 22.963
-97.254 95.437 22.947
-97.333 95.497 22.931
-97.411 95.556 22.916
-97.490 95.616 22.900
-97.569 95.675 22.884
-97.648 95.735 22.869
-97.727 95.794 22.853
-97.806 95.853 22.837
-97.885 95.913 22.822
-97.963 95.972 22.806
-98.042 96.032 22.790
-98.121 96.091 22.775
-98.200 96.151 22.759
-98.279 96.210 22.743
-98.358 96.270 22.728
-98.437 96.329 22.712
-98.515 96.389 22.696
-98.594 96.448 22.681
-98.673 96.508 22.665
-98.752 96.567 22.650
-98.831 96.626 22.634
-98.910 96.686 22.618
-98.989 96.745 22.603
-99.068 96.805 22.587
-99.147 96.864 22.571
-99.225 96.923 22.556
-99.304 96.983 22.540
-99.383 97.042 22.525
-99.462 97.102 22.509
-99.541 97.161 22.493
-99.620 97.220 22.478
-99.699 97.280 22.462
-99.778 97.339 22.447
-99.857 97.399 22.431
-99.936 97.458 22.416
-100.015 97.517 22.400
-100.094 97.577 22.384
-100.173 97.636 22.369
-100.251 97.696 22.353
-100.330 97.755 22.338
-100.409 97.814 22.322
-100.488 97.874 22.306
-100.567 97.933 22.291
-100.646 97.993 22.275
-100.725 98.052 22.260
-100.804 98.112 22.244
-100.883 98.171 22.228
-100.962 98.230 22.213
-101.041 98.290 22.197
-101.119 98.349 22.182
-101.198 98.409 22.166
-101.277 98.468 22.150
-101.356 98.527 22.135
-101.435 98.587 22.119
-101.514 98.646 22.104
-101.593 98.706 22.088
-101.672 98.765 22.072
-101.751 98.824 22.057
-101.830 98.884 22.041
-101.909 98.943 22.026
-101.987 99.003 22.010
-102.066 99.062 21.994
-102.145 99.121 21.979
-102.224 99.181 21.963
-102.303 99.240 21.948
-102.382 99.300 21.932
-102.461 99.359 21.916
-102.540 99.418 21.901
-102.619 99.478 21.885
-102.698 99.537 21.870
-102.777 99.597 21.854
-102.856 99.656 21.838
-102.935 99.715 21.823
-103.013 99.775 21.807
-103.092 99.834 21.792
-103.171 99.894 21.776
-103.250 99.953 21.760
-103.329 100.012 21.745
-103.408 100.072 21.729
-103.487 100.131 21.713
-103.566 100.191 21.698
-103.645 100.250 21.682
-103.724 100.309 21.667
-103.803 100.369 21.651
-103.881 100.428 21.635
-103.960 100.488 21.620
-104.039 100.547 21.604
-104.118 100.606 21.588
-104.197 100.666 21.573
-104.276 100.725 21.557
-104.355 100.785 21.542
-104.434 100.844 21.526
-104.513 100.904 21.510
-104.592 100.963 21.495
-104.670 101.022 21.479
-104.749 101.082 21.463
-104.828 101.141 21.448
-104.907 101.201 21.432
-104.986 101.260 21.416
-105.065 101.320 21.401
-105.144 101.379 21.385
-105.223 101.438 21.370
-105.302 101.498 21.354
-105.380 101.557 21.338
-105.459 101.617 21.323
-105.538 101.676 21.307
-105.617 101.736 21.292
-105.696 101.795 21.276
-105.775 101.855 21.261
-105.854 101.914 21.245
-105.932 101.974 21.230
-106.011 102.033 21.214
-106.090 102.093 21.198
-106.169 102.152 21.183
-106.248 102.212 21.167
-106.327 102.271 21.152
-106.406 102.331 21.136
-106.485 102.390 21.121
-106.563 102.450 21.105
-106.642 102.509 21.090
-106.721 102.569 21.074
-106.800 102.628 21.059
-106.879 102.688 21.043
-106.958 102.747 21.027
-107.037 102.807 21.012
-107.115 102.866 20.996
-107.194 102.925 20.981
-107.273 102.985 20.965
-107.352 103.044 20.950
-107.431 103.104 20.934
-107.510 103.163 20.919
-107.589 103.223 20.903
-107.667 103.282 20.887
-107.746 103.342 20.872
-107.825 103.401 20.856
-107.904 103.461 20.841
-107.983 103.520 20.825
-108.062 103.580 20.810
-108.141 103.639 20.794
-108.219 103.699 20.779
-108.298 103.758 20.763
-108.377 103.817 20.747
-108.456 103.877 20.732
-108.535 103.936 20.716
-108.615 103.995 20.700
-108.694 104.053 20.684
-108.773 104.112 20.669
-108.853 104.171 20.653
-108.932 104.230 20.637
-109.012 104.288 20.621
-109.091 104.347 20.605
-109.170 104.406 20.589
-109.250 104.464 20.574
-109.329 104.523 20.558
-109.409 104.582 20.542
-109.488 104.640 20.526
-109.568 104.699 20.510
-109.647 104.758 20.494
-109.726 104.817 20.479
-109.806 104.875 20.463
-109.885 104.934 20.447
-109.965 104.993 20.431
-110.044 105.051 20.415
-110.123 105.110 20.399
-110.203 105.169 20.384
-110.282 105.227 20.368
-110.362 105.286 20.352
-110.441 105.345 20.336
-110.520 105.403 20.320
-110.600 105.462 20.304
-110.679 105.521 20.289
-110.759 105.579 20.273
-110.838 105.638 20.257
-110.917 105.697 20.241
-110.997 105.755 20.225
-111.076 105.814 20.209
-111.156 105.873 20.194
-111.235 105.931 20.178
-111.315 105.990 20.162
-111.394 106.049 20.146
-111.473 106.107 20.130
-111.553 106.166 20.114
-111.632 106.225 20.099
-111.712 106.283 20.083
-111.791 106.342 20.067
-111.870 106.401 20.051
-111.950 106.459 20.035
-112.029 106.518 20.019
-112.109 106.577 20.004
-112.188 106.635 19.988
-112.267 106.694 19.972
-112.347 106.753 19.956
-112.426 106.811 19.940
-112.506 106.870 19.924
-112.585 106.929 19.909
-112.665 106.987 19.893
-112.744 107.046 19.877
-112.823 107.105 19.861
-112.903 107.164 19.845
-112.982 107.222 19.829
-113.062 107.281 19.814
-113.141 107.340 19.798
-113.220 107.398 19.782
-113.300 107.457 19.766
-113.379 107.516 19.750
-113.459 107.574 19.734
-113.538 107.633 19.718
-113.618 107.691 19.703
-113.697 107.750 19.687
-113.776 107.809 19.671
-113.856 107.867 19.655
-113.935 107.926 19.639
-114.015 107.985 19.623
-114.094 108.043 19.608
-114.173 108.102 19.592
-114.253 108.161 19.576
-114.332 108.219 19.560
-114.412 108.278 19.544
-114.491 108.337 19.528
-114.571 108.395 19.513
-114.650 108.454 19.497
-114.729 108.513 19.481
-114.809 108.571 19.465
-114.888 108.630 19.449
-114.968 108.689 19.433
-115.047 108.748 19.417
-115.126 108.806 19.402
-115.206 108.865 19.386
-115.285 108.924 19.370
-115.364 108.983 19.354
-115.444 109.041 19.338
-115.523 109.100 19.322
-115.602 109.159 19.306
-115.681 109.218 19.291
-115.761 109.277 19.275
-115.840 109.336 19.259
-115.919 109.394 19.243
-115.999 109.453 19.227
-116.078 109.512 19.211
-116.157 109.571 19.195
-116.237 109.630 19.179
-116.316 109.689 19.164
-116.395 109.747 19.148
-116.474 109.806 19.132
-116.554 109.865 19.116
-116.633 109.924 19.100
-116.712 109.983 19.084
-116.792 110.042 19.068
-116.871 110.100 19.053
-116.950 110.159 19.037
-117.029 110.218 19.021
-117.109 110.277 19.005
-117.188 110.336 18.989
-117.267 110.395 18.973
-117.347 110.453 18.957
-117.426 110.512 18.942
-117.505 110.571 18.926
-117.584 110.630 18.910
-117.664 110.689 18.894
-117.743 110.748 18.878
-117.822 110.807 18.862
-117.902 110.865 18.846
-117.981 110.924 18.830
-118.060 110.983 18.815
-118.139 111.042 18.799
-118.219 111.101 18.783
-118.298 111.160 18.767
-118.377 111.218 18.751
-118.456 111.277 18.735
-118.536 111.336 18.719
-118.615 111.395 18.703
-118.694 111.454 18.687
-118.774 111.512 18.671
-118.853 111.571 18.655
-118.932 111.630 18.639
-119.011 111.689 18.623
-119.091 111.748 18.607
-119.170 111.807 18.591
-119.249 111.865 18.575
-119.328 111.924 18.559
-119.408 111.983 18.543
-119.487 112.042 18.527
-119.566 112.101 18.511
-119.646 112.160 18.495
-119.725 112.218 18.479
-119.804 112.277 18.463
-119.883 112.336 18.448
-119.963 112.395 18.432
-120.042 112.453 18.416
-120.121 112.512 18.400
-120.201 112.571 18.384
-120.280 112.630 18.368
-120.360 112.688 18.353
-120.439 112.747 18.337
-120.518 112.806 18.321
-120.598 112.865 18.306
-120.677 112.923 18.290
-120.757 112.982 18.274
-120.836 113.041 18.259
-120.916 113.099 18.243
-120.995 113.158 18.227
-121.074 113.217 18.212
-121.154 113.275 18.196
-121.233 113.334 18.180
-121.313 113.393 18.165
-121.392 113.451 18.149
-121.472 113.510 18.133
-121.551 113.569 18.118
-121.631 113.627 18.102
-121.710 113.686 18.086
-121.789 113.745 18.071
-121.869 113.804 18.055
-121.948 113.862 18.039
-122.028 113.921 18.024
-122.107 113.980 18.008
-122.187 114.038 17.992
-122.266 114.097 17.977
-122.345 114.156 17.961
-122.425 114.214 17.945
-122.504 114.273 17.930
-122.584 114.332 17.914
-122.663 114.390 17.898
-122.743 114.449 17.883
-122.822 114.508 17.867
-122.901 114.567 17.851
-122.981 114.625 17.836
-123.060 114.684 17.820
-123.140 114.743 17.804
-123.219 114.801 17.789
-123.299 114.860 17.773
-123.378 114.919 17.757
-123.458 114.977 17.742
-123.537 115.036 17.726
-123.616 115.095 17.710
-123.696 115.153 17.695
-123.775 115.212 17.679
-123.855 115.271 17.663
-123.934 115.329 17.647
-124.014 115.388 17.632
-124.093 115.447 17.616
-124.173 115.505 17.600
-124.252 115.564 17.585
-124.332 115.623 17.569
-124.411 115.681 17.553
-124.490 115.740 17.538
-124.570 115.798 17.522
-124.649 115.857 17.506
-124.729 115.916 17.491
-124.808 115.974 17.475
-124.888 116.033 17.459
-124.967 116.092 17.444
-125.047 116.150 17.428
-125.126 116.209 17.412
-125.206 116.268 17.397
-125.285 116.326 17.381
-125.364 116.385 17.365
-125.444 116.444 17.350
-125.523 116.503 17.334
-125.603 116.561 17.318
-125.682 116.620 17.303
-125.762 116.679 17.287
-125.841 116.737 17.271
-125.920 116.796 17.255
-126.000 116.855 17.240
-126.079 116.913 17.224
-126.159 116.972 17.208
-126.238 117.031 17.193
-126.318 117.089 17.177
-126.397 117.148 17.161
-126.477 117.207 17.146
-126.556 117.265 17.130
-126.635 117.324 17.114
-126.715 117.383 17.099
-126.794 117.441 17.083
-126.874 117.500 17.067
-126.953 117.559 17.052
-127.032 117.618 17.036
-127.112 117.676 17.021
-127.191 117.735 17.005
-127.271 117.794 16.989
-127.350 117.853 16.974
-127.430 117.911 16.958
-127.509 117.970 16.942
-127.588 118.029 16.927
-127.668 118.088 16.911
-127.747 118.146 16.896
-127.827 118.205 16.880
-127.906 118.264 16.864
-127.985 118.322 16.849
-128.065 118.381 16.833
-128.144 118.440 16.817
-128.224 118.499 16.802
-128.303 118.557 16.786
-128.382 118.616 16.771
-128.462 118.675 16.755
-128.541 118.734 16.739
-128.621 118.792 16.724
-128.700 118.851 16.708
-128.779 118.910 16.692
-128.859 118.969 16.677
-128.938 119.027 16.661
-129.018 119.086 16.646
-129.097 119.145 16.630
-129.177 119.203 16.614
-129.256 119.262 16.599
-129.335 119.321 16.583
-129.415 119.380 16.567
-129.494 119.438 16.552
-129.574 119.497 16.536
-129.653 119.556 16.521
-129.732 119.614 16.505
-129.812 119.673 16.490
-129.891 119.731 16.475
-129.935 119.761 16.467
-129.985 119.794 16.460
-130.040 119.831 16.451
-130.102 119.871 16.442
-130.169 119.915 16.433
-130.243 119.964 16.422
-130.325 120.018 16.410
-130.408 120.072 16.398
-130.491 120.127 16.386
-130.574 120.181 16.374
-130.657 120.235 16.362
-130.740 120.290 16.349
-130.823 120.344 16.337
-130.906 120.399 16.325
-130.989 120.453 16.313
-131.072 120.508 16.301
-131.155 120.562 16.289
-131.238 120.616 16.277
-131.322 120.671 16.265
-131.405 120.725 16.253
-131.488 120.780 16.241
-131.571 120.834 16.229
-131.654 120.889 16.217
-131.737 120.943 16.205
-131.820 120.997 16.193
-131.903 121.052 16.181
-131.986 121.106 16.168
-132.069 121.161 16.156
-132.152 121.215 16.144
-132.235 121.269 16.132
-132.318 121.324 16.120
-132.401 121.378 16.108
-132.484 121.433 16.096
-132.567 121.487 16.084
-132.650 121.542 16.072
-132.733 121.596 16.060
-132.816 121.650 16.048
-132.899 121.705 16.036
-132.982 121.759 16.024
-133.065 121.814 16.012
-133.148 121.868 16.000
-133.231 121.922 15.988
-133.314 121.977 15.975
-133.397 122.031 15.963
-133.480 122.086 15.951
-133.563 122.140 15.939
-133.646 122.194 15.927
-133.729 122.249 15.915
-133.812 122.303 15.903
-133.895 122.358 15.891
-133.978 122.412 15.879
-134.061 122.467 15.867
-134.144 122.521 15.855
-134.227 122.575 15.843
-134.310 122.630 15.831
-134.393 122.684 15.819
-134.476 122.739 15.807
-134.560 122.793 15.794
-134.643 122.847 15.782
-134.726 122.902 15.770
-134.809 122.956 15.758
-134.892 123.011 15.746
-134.975 123.065 15.734
-135.058 123.119 15.722
-135.141 123.174 15.710
-135.224 123.228 15.698
-135.307 123.283 15.686
-135.390 123.337 15.674
-135.473 123.391 15.662
-135.556 123.446 15.650
-135.639 123.500 15.638
-135.722 123.555 15.625
-135.805 123.609 15.613
-135.888 123.664 15.601
-135.971 123.718 15.589
-136.054 123.772 15.577
-136.137 123.827 15.565
-136.220 123.881 15.553
-136.303 123.936 15.541
-136.386 123.990 15.529
-136.469 124.044 15.517
-136.552 124.099 15.505
-136.635 124.153 15.493
-136.718 124.208 15.481
-136.801 124.262 15.469
-136.884 124.317 15.457
-136.967 124.371 15.445
-137.050 124.426 15.433
-137.133 124.481 15.421
-137.216 124.535 15.409
-137.299 124.590 15.398
-137.382 124.645 15.386
-137.465 124.699 15.374
-137.547 124.754 15.362
-137.630 124.809 15.351
-137.713 124.863 15.339
-137.796 124.918 15.327
-137.879 124.973 15.316
-137.962 125.027 15.304
-138.045 125.082 15.292
-138.128 125.137 15.280
-138.211 125.191 15.269
-138.294 125.246 15.257
-138.377 125.301 15.245
-138.459 125.355 15.234
-138.542 125.410 15.222
-138.625 125.465 15.210
-138.708 125.519 15.198
-138.791 125.574 15.187
-138.874 125.629 15.175
-138.957 125.683 15.163
-139.040 125.738 15.152
-139.123 125.793 15.140
-139.206 125.847 15.128
-139.288 125.902 15.116
-139.371 125.957 15.105
-139.454 126.011 15.093
-139.537 126.066 15.081
-139.620 126.121 15.070
-139.703 126.175 15.058
-139.786 126.230 15.046
-139.869 126.285 15.034
-139.952 126.339 15.023
-140.035 126.394 15.011
-140.118 126.448 14.999
-140.201 126.503 14.987
-140.284 126.558 14.976
-140.367 126.612 14.964
-140.450 126.667 14.952
-140.533 126.721 14.940
-140.616 126.776 14.929
-140.699 126.830 14.917
-140.782 126.885 14.905
-140.865 126.939 14.893
-140.948 126.994 14.881
-141.031 127.048 14.870
-141.114 127.103 14.858
-141.197 127.157 14.846
-141.280 127.212 14.834
-141.363 127.266 14.823
-141.446 127.321 14.811
-141.529 127.375 14.799
-141.612 127.429 14.787
-141.695 127.484 14.775
-141.778 127.538 14.764
-141.861 127.593 14.752
-141.944 127.647 14.740
-142.027 127.702 14.728
-142.110 127.756 14.716
-142.193 127.811 14.705
-142.276 127.865 14.693
-142.359 127.920 14.681
-142.442 127.974 14.669
-142.525 128.029 14.657
-142.608 128.083 14.646
-142.691 128.138 14.634
-142.774 128.192 14.622
-142.857 128.247 14.610
-142.940 128.301 14.598
-143.023 128.356 14.587
-143.106 128.410 14.575
-143.189 128.465 14.563
-143.272 128.519 14.551
-143.355 128.574 14.539
-143.438 128.628 14.528
-143.521 128.683 14.516
-143.604 128.737 14.504
-143.687 128.792 14.492
-143.770 128.846 14.481
-143.853 128.901 14.469
-143.936 128.955 14.457
-144.019 129.010 14.445
-144.102 129.064 14.433
-144.185 129.119 14.422
-144.268 129.173 14.410
-144.351 129.228 14.398
-144.434 129.282 14.386
-144.517 129.337 14.374
-144.600 129.391 14.363
-144.683 129.446 14.351
-144.766 129.500 14.339
-144.849 129.555 14.327
-144.932 129.609 14.316
-145.015 129.664 14.304
-145.098 129.718 14.292
-145.181 129.773 14.280
-145.264 129.827 14.268
-145.347 129.882 14.257
-145.430 129.936 14.245
-145.513 129.991 14.233
-145.596 130.045 14.221
-145.679 130.100 14.209
-145.762 130.154 14.198
-145.845 130.209 14.186
-145.928 130.264 14.174
-146.011 130.318 14.162
-146.094 130.373 14.150
-146.177 130.427 14.139
-146.260 130.482 14.127
-146.343 130.536 14.115
-146.426 130.591 14.103
-146.509 130.645 14.091
-146.592 130.700 14.079
-146.675 130.754 14.068
-146.758 130.809 14.056
-146.841 130.863 14.044
-146.924 130.918 14.032
-147.007 130.972 14.020
-147.090 131.027 14.009
-147.173 131.081 13.997
-147.257 131.135 13.986
-147.340 131.190 13.974
-147.423 131.244 13.963
-147.506 131.298 13.951
-147.589 131.352 13.940
-147.673 131.406 13.929
-147.756 131.461 13.917
-147.839 131.515 13.906
-147.923 131.569 13.894
-148.006 131.623 13.883
-148.089 131.677 13.872
-148.172 131.732 13.860
-148.256 131.786 13.849
-148.339 131.840 13.838
-148.422 131.894 13.826
-148.505 131.949 13.815
-148.589 132.003 13.804
-148.672 132.057 13.792
-148.755 132.111 13.781
-148.838 132.165 13.770
-148.922 132.220 13.758
-149.005 132.274 13.747
-149.088 132.328 13.735
-149.171 132.382 13.724
-149.255 132.436 13.713
-149.338 132.491 13.701
-149.421 132.545 13.690
-149.504 132.599 13.679
-149.588 132.653 13.667
-149.671 132.707 13.656
-149.754 132.762 13.645
-149.838 132.816 13.633
-149.921 132.870 13.622
-150.004 132.924 13.610
-150.087 132.978 13.599
-150.171 133.033 13.588
-150.254 133.087 13.576
-150.337 133.141 13.565
-150.420 133.195 13.554
-150.504 133.249 13.542
-150.587 133.304 13.531
-150.670 133.358 13.520
-150.753 133.412 13.508
-150.837 133.466 13.497
-150.920 133.520 13.486
-151.003 133.575 13.474
-151.086 133.629 13.463
-151.170 133.683 13.451
-151.253 133.737 13.440
-151.336 133.791 13.429
-151.420 133.846 13.417
-151.503 133.900 13.406
-151.586 133.954 13.395
-151.669 134.008 13.383
-151.753 134.062 13.372
-151.836 134.117 13.361
-151.919 134.171 13.349
-152.002 134.225 13.338
-152.086 134.279 13.326
-152.169 134.333 13.315
-152.252 134.388 13.304
-152.335 134.442 13.292
-152.419 134.496 13.281
-152.502 134.550 13.269
-152.585 134.604 13.258
-152.668 134.659 13.247
-152.752 134.713 13.235
-152.835 134.767 13.223
-152.918 134.822 13.212
-153.001 134.876 13.200
-153.084 134.930 13.189
-153.167 134.984 13.177
-153.251 135.039 13.166
-153.334 135.093 13.154
-153.417 135.147 13.143
-153.500 135.202 13.131
-153.583 135.256 13.120
-153.667 135.310 13.108
-153.750 135.365 13.096
-153.833 135.419 13.085
-153.916 135.473 13.073
-153.999 135.527 13.062
-154.082 135.582 13.050
-154.166 135.636 13.039
-154.249 135.690 13.027
-154.332 135.745 13.016
-154.415 135.799 13.004
-154.498 135.853 12.993
-154.581 135.908 12.981
-154.665 135.962 12.970
-154.748 136.016 12.958
-154.831 136.070 12.947
-154.914 136.125 12.935
-154.997 136.179 12.924
-155.081 136.233 12.912
-155.164 136.288 12.901
-155.247 136.342 12.889
-155.330 136.396 12.878
-155.413 136.451 12.866
-155.496 136.505 12.855
-155.580 136.559 12.843
-155.663 136.614 12.832
-155.746 136.668 12.820
-155.829 136.722 12.809
-155.912 136.776 12.797
-155.995 136.831 12.786
-156.079 136.885 12.774
-156.162 136.939 12.763
-156.245 136.994 12.751
-156.328 137.048 12.740
-156.411 137.102 12.728
-156.495 137.157 12.717
-156.578 137.211 12.705
-156.661 137.265 12.694
-156.744 137.319 12.682
-156.827 137.374 12.671
-156.910 137.428 12.659
-156.994 137.482 12.648
-157.077 137.537 12.636
-157.160 137.591 12.625
-157.243 137.645 12.613
-157.326 137.699 12.602
-157.410 137.754 12.590
-157.493 137.808 12.579
-157.576 137.862 12.567
-157.659 137.917 12.556
-157.742 137.971 12.544
-157.826 138.025 12.533
-157.909 138.079 12.521
-157.992 138.134 12.510
-158.075 138.188 12.499
-158.158 138.242 12.487
-158.242 138.296 12.476
-158.325 138.351 12.464
-158.408 138.405 12.453
-158.491 138.459 12.441
-158.575 138.513 12.430
-158.658 138.567 12.418
-158.741 138.622 12.407
-158.824 138.676 12.395
-158.908 138.730 12.384
-158.991 138.784 12.372
-159.074 138.839 12.361
-159.157 138.893 12.349
-159.240 138.947 12.338
-159.324 139.001 12.326
-159.407 139.056 12.315
-159.490 139.110 12.304
-159.573 139.164 12.292
-159.657 139.218 12.281
-159.740 139.273 12.269
-159.823 139.327 12.258
-159.906 139.381 12.246
-159.989 139.435 12.235
-160.073 139.490 12.223
-160.156 139.544 12.212
-160.239 139.598 12.200
-160.322 139.652 12.189
-160.405 139.707 12.177
-160.489 139.761 12.166
-160.572 139.815 12.154
-160.655 139.870 12.143
-160.738 139.924 12.132
-160.821 139.978 12.120
-160.905 140.032 12.109
-160.988 140.087 12.097
-161.071 140.141 12.086
-161.154 140.195 12.074
-161.237 140.249 12.063
-161.321 140.304 12.051
-161.404 140.358 12.040
-161.487 140.412 12.028
-161.570 140.467 12.017
-161.653 140.521 12.005
-161.737 140.575 11.994
-161.820 140.629 11.982
-161.903 140.684 11.971
-161.986 140.738 11.960
-162.069 140.792 11.948
-162.153 140.846 11.937
-162.236 140.901 11.925
-162.319 140.955 11.914
-162.402 141.009 11.902
-162.485 141.064 11.891
-162.569 141.118 11.879
-162.652 141.172 11.868
-162.735 141.226 11.856
-162.818 141.281 11.845
-162.901 141.335 11.833
-162.985 141.389 11.821
-163.068 141.443 11.809
-163.151 141.497 11.797
-163.234 141.551 11.784
-163.318 141.605 11.772
-163.401 141.659 11.760
-163.484 141.713 11.747
-163.567 141.767 11.735
-163.650 141.821 11.723
-163.734 141.876 11.710
-163.817 141.930 11.698
-163.900 141.984 11.685
-163.983 142.038 11.673
-164.066 142.092 11.661
-164.150 142.146 11.648
-164.233 142.200 11.636
-164.316 142.254 11.624
-164.399 142.308 11.611
-164.483 142.362 11.599
-164.566 142.416 11.586
-164.649 142.470 11.574
-164.732 142.524 11.562
-164.815 142.578 11.549
-164.899 142.632 11.537
-164.982 142.686 11.525
-165.065 142.740 11.512
-165.148 142.794 11.500
-165.232 142.848 11.488
-165.315 142.902 11.475
-165.398 142.956 11.463
-165.481 143.010 11.451
-165.565 143.065 11.438
-165.648 143.119 11.426
-165.731 143.173 11.414
-165.814 143.227 11.401
-165.897 143.281 11.389
-165.981 143.335 11.377
-166.064 143.389 11.364
-166.147 143.443 11.352
-166.230 143.497 11.340
-166.314 143.551 11.327
-166.397 143.605 11.315
-166.480 143.659 11.303
-166.563 143.713 11.290
-166.647 143.767 11.278
-166.730 143.821 11.266
-166.813 143.875 11.253
-166.896 143.929 11.241
-166.980 143.983 11.229
-167.063 144.037 11.216
-167.146 144.091 11.204
-167.229 144.145 11.192
-167.312 144.199 11.179
-167.396 144.253 11.167
-167.479 144.307 11.155
-167.562 144.361 11.142
-167.645 144.415 11.130
-167.729 144.469 11.118
-167.812 144.523 11.105
-167.895 144.578 11.093
-167.978 144.632 11.081
-168.062 144.686 11.068
-168.145 144.740 11.056
-168.228 144.794 11.044
-168.311 144.848 11.031
-168.394 144.902 11.019
-168.478 144.956 11.007
-168.561 145.010 10.994
-168.644 145.064 10.982
-168.727 145.118 10.970
-168.811 145.172 10.957
-168.894 145.226 10.945
-168.977 145.280 10.933
-169.060 145.334 10.920
-169.144 145.388 10.908
-169.227 145.442 10.896
-169.310 145.496 10.883
-169.393 145.550 10.871
-169.476 145.604 10.859
-169.560 145.658 10.846
-169.643 145.712 10.834
-169.726 145.766 10.822
-169.809 145.821 10.809
-169.892 145.875 10.797
-169.975 145.929 10.785
-170.058 145.983 10.773
-170.142 146.038 10.760
-170.225 146.092 10.748
-170.308 146.147 10.736
-170.390 146.201 10.724
-170.473 146.256 10.712
-170.556 146.310 10.700
-170.639 146.365 10.687
-170.722 146.419 10.675
-170.805 146.473 10.663
-170.888 146.528 10.651
-170.971 146.582 10.639
-171.054 146.637 10.627
-171.137 146.691 10.614
-171.220 146.746 10.602
-171.303 146.800 10.590
-171.386 146.855 10.578
-171.469 146.909 10.566
-171.552 146.964 10.553
-171.635 147.018 10.541
-171.718 147.073 10.529
-171.801 147.127 10.517
-171.884 147.182 10.505
-171.967 147.236 10.493
-172.050 147.291 10.481
-172.133 147.345 10.468
-172.216 147.400 10.456
-172.299 147.454 10.444
-172.382 147.509 10.432
-172.465 147.563 10.420
-172.548 147.617 10.408
-172.631 147.672 10.395
-172.714 147.726 10.383
-172.797 147.781 10.371
-172.880 147.835 10.359
-172.963 147.890 10.347
-173.046 147.944 10.335
-173.129 147.999 10.322
-173.212 148.053 10.310
-173.295 148.108 10.298
-173.378 148.162 10.286
-173.461 148.216 10.274
-173.544 148.271 10.261
-173.627 148.325 10.249
-173.710 148.380 10.237
-173.793 148.434 10.225
-173.876 148.488 10.213
-173.959 148.543 10.200
-174.042 148.597 10.188
-174.125 148.652 10.176
-174.208 148.706 10.164
-174.291 148.761 10.151
-174.374 148.815 10.139
-174.457 148.869 10.127
-174.540 148.924 10.115
-174.623 148.978 10.102
-174.706 149.033 10.090
-174.789 149.087 10.078
-174.872 149.141 10.066
-174.955 149.196 10.054
-175.038 149.250 10.041
-175.121 149.305 10.029
-175.204 149.359 10.017
-175.287 149.413 10.005
-175.370 149.468 9.992
-175.453 149.522 9.980
-175.536 149.577 9.968
-175.619 149.631 9.956
-175.702 149.685 9.944
-175.785 149.740 9.931
-175.868 149.794 9.919
-175.951 149.849 9.907
-176.034 149.903 9.895
-176.117 149.957 9.882
-176.200 150.012 9.870
-176.283 150.066 9.858
-176.366 150.121 9.846
-176.449 150.175 9.833
-176.532 150.229 9.821
-176.615 150.284 9.809
-176.698 150.338 9.797
-176.781 150.393 9.785
-176.864 150.447 9.772
-176.947 150.501 9.760
-177.030 150.556 9.748
-177.113 150.610 9.736
-177.196 150.665 9.724
-177.279 150.719 9.712
-177.362 150.774 9.699
-177.445 150.828 9.687
-177.528 150.883 9.675
-177.611 150.937 9.663
-177.694 150.992 9.651
-177.777 151.046 9.639
-177.860 151.101 9.626
-177.943 151.155 9.614
-178.026 151.210 9.602
-178.109 151.264 9.590
-178.192 151.319 9.578
-178.274 151.373 9.566
-178.357 151.427 9.554
-178.440 151.482 9.541
-178.523 151.536 9.529
-178.606 151.591 9.517
-178.689 151.645 9.505
-178.772 151.700 9.493
-178.855 151.754 9.481
-178.938 151.809 9.468
-179.021 151.863 9.456
-179.104 151.918 9.444
-179.187 151.972 9.432
-179.270 152.027 9.420
-179.353 152.081 9.408
-179.436 152.136 9.395
-179.519 152.190 9.383
-179.602 152.245 9.371
-179.685 152.299 9.359
-179.768 152.354 9.347
-179.851 152.408 9.335
-179.934 152.462 9.322
-180.017 152.517 9.310
-180.100 152.571 9.298
-180.183 152.625 9.286
-180.267 152.679 9.274
-180.350 152.733 9.261
-180.433 152.787 9.249
-180.517 152.840 9.237
-180.600 152.894 9.225
-180.684 152.948 9.212
-180.767 153.001 9.200
-180.851 153.055 9.188
-180.934 153.108 9.176
-181.018 153.162 9.163
-181.101 153.216 9.151
-181.185 153.269 9.139
-181.268 153.323 9.127
-181.352 153.377 9.114
-181.435 153.430 9.102
-181.519 153.484 9.090
-181.602 153.538 9.078
-181.686 153.591 9.065
-181.769 153.645 9.053
-181.853 153.698 9.041
-181.936 153.752 9.029
-182.020 153.806 9.016
-182.104 153.859 9.004
-182.187 153.913 8.992
-182.271 153.967 8.980
-182.354 154.020 8.967
-182.438 154.074 8.955
-182.521 154.128 8.943
-182.605 154.181 8.931
-182.688 154.235 8.918
-182.772 154.288 8.906
-182.855 154.342 8.894
-182.939 154.396 8.882
-183.022 154.449 8.869
-183.106 154.503 8.857
-183.189 154.557 8.845
-183.273 154.610 8.833
-183.356 154.664 8.820
-183.440 154.718 8.808
-183.523 154.771 8.796
-183.607 154.825 8.784
-183.690 154.878 8.772
-183.774 154.932 8.759
-183.857 154.986 8.747
-183.941 155.039 8.735
-184.024 155.093 8.723
-184.108 155.147 8.710
-184.191 155.200 8.698
-184.275 155.254 8.686
-184.358 155.307 8.674
-184.442 155.361 8.661
-184.525 155.415 8.649
-184.609 155.468 8.637
-184.692 155.522 8.625
-184.776 155.576 8.612
-184.859 155.629 8.600
-184.943 155.683 8.588
-185.026 155.737 8.576
-185.110 155.790 8.563
-185.193 155.844 8.551
-185.277 155.897 8.539
-185.360 155.951 8.527
-185.444 156.005 8.514
-185.527 156.058 8.502
-185.611 156.112 8.490
-185.694 156.166 8.478
-185.778 156.219 8.465
-185.861 156.273 8.453
-185.945 156.327 8.441
-186.028 156.380 8.429
-186.112 156.434 8.416
-186.195 156.488 8.404
-186.279 156.541 8.392
-186.362 156.595 8.380
-186.446 156.649 8.367
-186.529 156.702 8.355
-186.613 156.756 8.343
-186.696 156.810 8.330
-186.780 156.863 8.318
-186.863 156.917 8.306
-186.947 156.970 8.294
-187.030 157.024 8.282
-187.114 157.078 8.269
-187.197 157.131 8.257
-187.280 157.185 8.245
-187.364 157.239 8.233
-187.447 157.293 8.221
-187.531 157.346 8.209
-187.614 157.400 8.197
-187.698 157.454 8.185
-187.781 157.507 8.173
-187.865 157.561 8.161
-187.948 157.615 8.149
-188.032 157.669 8.137
-188.115 157.722 8.125
-188.199 157.776 8.113
-188.282 157.830 8.101
-188.366 157.883 8.089
-188.449 157.937 8.077
-188.533 157.991 8.066
-188.616 158.045 8.054
-188.700 158.098 8.042
-188.783 158.152 8.030
-188.867 158.206 8.018
-188.950 158.259 8.006
-189.034 158.313 7.994
-189.117 158.367 7.982
-189.201 158.420 7.970
-189.284 158.474 7.958
-189.368 158.528 7.946
-189.451 158.582 7.934
-189.535 158.635 7.922
-189.618 158.689 7.910
-189.702 158.743 7.898
-189.785 158.796 7.886
-189.869 158.850 7.874
-189.952 158.904 7.863
-190.036 158.958 7.851
-190.119 159.011 7.839
-190.203 159.065 7.827
-190.286 159.119 7.815
-190.370 159.172 7.803
-190.454 159.226 7.791
-190.537 159.280 7.779
-190.621 159.333 7.767
-190.704 159.387 7.755
-190.788 159.441 7.743
-190.871 159.494 7.731
-190.955 159.548 7.719
-191.038 159.602 7.707
-191.122 159.655 7.695
-191.205 159.709 7.683
-191.289 159.762 7.671
-191.373 159.816 7.659
-191.456 159.870 7.648
-191.540 159.923 7.636
-191.623 159.977 7.624
-191.707 160.031 7.612
-191.790 160.084 7.600
-191.874 160.138 7.588
-191.957 160.191 7.576
-192.041 160.245 7.564
-192.125 160.299 7.552
-192.208 160.352 7.540
-192.292 160.406 7.528
-192.375 160.460 7.516
-192.459 160.513 7.504
-192.542 160.567 7.492
-192.626 160.620 7.480
-192.709 160.674 7.468
-192.793 160.728 7.456
-192.876 160.781 7.444
-192.960 160.835 7.432
-193.044 160.889 7.420
-193.127 160.942 7.409
-193.211 160.996 7.397
-193.294 161.050 7.385
-193.378 161.103 7.373
-193.461 161.157 7.361
-193.545 161.211 7.349
-193.628 161.264 7.337
-193.712 161.318 7.325
-193.795 161.372 7.313
-193.879 161.425 7.301
-193.962 161.479 7.289
-194.046 161.532 7.277
-194.129 161.586 7.265
-194.213 161.640 7.253
-194.297 161.693 7.241
-194.380 161.747 7.229
-194.464 161.801 7.217
-194.547 161.854 7.205
-194.631 161.908 7.193
-194.714 161.962 7.181
-194.798 162.015 7.169
-194.881 162.069 7.158
-194.965 162.123 7.146
-195.048 162.176 7.134
-195.132 162.230 7.122
-195.215 162.284 7.110
-195.299 162.338 7.098
-195.382 162.391 7.086
-195.466 162.445 7.074
-195.549 162.499 7.062
-195.633 162.552 7.050
-195.717 162.606 7.038
-195.800 162.660 7.026
-195.884 162.713 7.015
-195.967 162.767 7.003
-196.051 162.821 6.991
-196.134 162.874 6.979
-196.218 162.928 6.967
-196.301 162.982 6.955
-196.385 163.035 6.943
-196.468 163.089 6.931
-196.552 163.143 6.919
-196.635 163.196 6.907
-196.719 163.250 6.895
-196.802 163.304 6.883
-196.886 163.357 6.871
-196.969 163.411 6.859
-197.053 163.465 6.847
-197.136 163.518 6.835
-197.220 163.572 6.823
-197.303 163.626 6.811
-197.387 163.679 6.799
-197.471 163.733 6.788
-197.554 163.786 6.776
-197.638 163.840 6.764
-197.721 163.894 6.752
-197.805 163.947 6.740
-197.889 164.001 6.728
-197.972 164.054 6.716
-198.056 164.108 6.704
-198.140 164.161 6.692
-198.223 164.215 6.681
-198.307 164.268 6.669
-198.391 164.322 6.657
-198.474 164.375 6.645
-198.558 164.429 6.633
-198.642 164.482 6.621
-198.725 164.535 6.610
-198.809 164.589 6.598
-198.893 164.642 6.586
-198.976 164.696 6.574
-199.060 164.749 6.562
-199.144 164.803 6.550
-199.227 164.856 6.538
-199.311 164.910 6.527
-199.395 164.963 6.515
-199.478 165.017 6.503
-199.562 165.070 6.491
-199.646 165.124 6.479
-199.729 165.177 6.467
-199.813 165.231 6.456
-199.896 165.284 6.444
-199.980 165.338 6.432
-200.064 165.391 6.420
-200.147 165.445 6.408
-200.231 165.498 6.396
-200.315 165.552 6.384
-200.398 165.605 6.373
-200.482 165.659 6.361
-200.566 165.712 6.349
-200.649 165.766 6.337
-200.733 165.819 6.325
-200.817 165.873 6.313
-200.900 165.926 6.302
-200.984 165.980 6.290
-201.067 166.033 6.278
-201.151 166.087 6.266
-201.235 166.140 6.254
-201.318 166.194 6.242
-201.402 166.247 6.231
-201.486 166.301 6.219
-201.569 166.354 6.207
-201.653 166.408 6.195
-201.737 166.462 6.183
-201.820 166.515 6.171
-201.904 166.569 6.160
-201.987 166.622 6.148
-202.071 166.676 6.136
-202.155 166.729 6.124
-202.238 166.783 6.112
-202.322 166.836 6.100
-202.406 166.890 6.088
-202.489 166.943 6.077
-202.573 166.997 6.065
-202.657 167.050 6.053
-202.740 167.104 6.041
-202.824 167.157 6.029
-202.907 167.211 6.017
-202.991 167.264 6.005
-203.075 167.318 5.993
-203.158 167.371 5.981
-203.242 167.425 5.969
-203.325 167.478 5.957
-203.409 167.532 5.945
-203.493 167.586 5.932
-203.576 167.639 5.920
-203.660 167.693 5.908
-203.743 167.746 5.896
-203.827 167.800 5.884
-203.910 167.853 5.872
-203.994 167.907 5.859
-204.078 167.960 5.847
-204.161 168.014 5.835
-204.245 168.068 5.823
-204.328 168.121 5.811
-204.412 168.175 5.799
-204.495 168.228 5.786
-204.579 168.282 5.774
-204.663 168.335 5.762
-204.746 168.389 5.750
-204.830 168.442 5.738
-204.913 168.496 5.726
-204.997 168.549 5.714
-205.080 168.603 5.702
-205.164 168.656 5.689
-205.248 168.710 5.677
-205.331 168.764 5.665
-205.415 168.817 5.653
-205.498 168.871 5.641
-205.582 168.924 5.629
-205.666 168.978 5.617
-205.749 169.031 5.605
-205.833 169.085 5.593
-205.916 169.138 5.580
-206.000 169.192 5.568
-206.084 169.245 5.556
-206.167 169.299 5.544
-206.251 169.352 5.532
-206.334 169.406 5.520
-206.418 169.459 5.508
-206.502 169.513 5.496
-206.585 169.566 5.484
-206.669 169.620 5.471
-206.752 169.673 5.459
-206.836 169.727 5.447
-206.920 169.780 5.435
-207.003 169.834 5.423
-207.087 169.888 5.411
-207.170 169.941 5.399
-207.254 169.995 5.387
-207.338 170.048 5.375
-207.421 170.102 5.362
-207.505 170.155 5.350
-207.588 170.209 5.338
-207.672 170.262 5.326
-207.756 170.316 5.314
-207.839 170.369 5.302
-207.923 170.423 5.290
-208.006 170.476 5.278
-208.090 170.530 5.266
-208.174 170.583 5.253
-208.257 170.637 5.241
-208.341 170.690 5.229
-208.424 170.744 5.217
-208.508 170.797 5.205
-208.592 170.851 5.193
-208.675 170.904 5.181
-208.759 170.958 5.169
-208.842 171.011 5.157
-208.926 171.065 5.144
-209.010 171.118 5.132
-209.093 171.172 5.120
-209.177 171.225 5.108
-209.260 171.279 5.096
-209.344 171.333 5.084
-209.428 171.386 5.072
-209.511 171.440 5.060
-209.595 171.493 5.048
-209.678 171.547 5.035
-209.762 171.600 5.023
-209.845 171.654 5.011
-209.929 171.707 4.999
-210.012 171.761 4.987
-210.096 171.815 4.975
-210.179 171.869 4.962
-210.262 171.923 4.950
-210.345 171.977 4.938
-210.429 172.031 4.926
-210.512 172.085 4.914
-210.595 172.139 4.901
-210.678 172.194 4.889
-210.761 172.248 4.877
-210.845 172.302 4.864
-210.928 172.356 4.852
-211.011 172.410 4.840
-211.094 172.464 4.828
-211.177 172.519 4.815
-211.260 172.573 4.803
-211.344 172.627 4.791
-211.427 172.681 4.779
-211.510 172.735 4.766
-211.593 172.789 4.754
-211.676 172.843 4.742
-211.759 172.898 4.730
-211.843 172.952 4.717
-211.926 173.006 4.705
-212.009 173.060 4.693
-212.092 173.114 4.681
-212.175 173.168 4.668
-212.258 173.223 4.656
-212.342 173.277 4.644
-212.425 173.331 4.632
-212.508 173.385 4.620
-212.591 173.439 4.607
-212.674 173.493 4.595
-212.757 173.547 4.583
-212.841 173.602 4.571
-212.924 173.656 4.558
-213.007 173.710 4.546
-213.090 173.764 4.534
-213.173 173.818 4.522
-213.256 173.872 4.509
-213.340 173.926 4.497
-213.423 173.981 4.485
-213.506 174.035 4.472
-213.589 174.089 4.460
-213.672 174.143 4.448
-213.756 174.197 4.435
-213.839 174.251 4.423
-213.922 174.305 4.411
-214.005 174.359 4.399
-214.089 174.413 4.386
-214.172 174.467 4.374
-214.255 174.521 4.362
-214.338 174.575 4.349
-214.421 174.629 4.337
-214.505 174.683 4.325
-214.588 174.738 4.312
-214.671 174.792 4.300
-214.754 174.846 4.288
-214.838 174.900 4.275
-214.921 174.954 4.263
-215.004 175.008 4.251
-215.087 175.062 4.238
-215.170 175.116 4.226
-215.254 175.170 4.214
-215.337 175.224 4.201
-215.420 175.278 4.189
-215.503 175.332 4.177
-215.586 175.386 4.164
-215.670 175.440 4.152
-215.753 175.494 4.140
-215.836 175.548 4.127
-215.919 175.602 4.115
-216.003 175.656 4.103
-216.086 175.711 4.090
-216.169 175.765 4.078
-216.252 175.819 4.066
-216.335 175.873 4.054
-216.419 175.927 4.041
-216.502 175.981 4.029
-216.585 176.035 4.017
-216.668 176.089 4.004
-216.752 176.143 3.992
-216.835 176.197 3.980
-216.918 176.251 3.967
-217.001 176.305 3.955
-217.084 176.359 3.943
-217.168 176.413 3.931
-217.251 176.468 3.918
-217.334 176.522 3.906
-217.417 176.576 3.894
-217.500 176.630 3.881
-217.583 176.684 3.869
-217.667 176.738 3.857
-217.750 176.793 3.845
-217.833 176.847 3.833
-217.916 176.901 3.820
-217.999 176.955 3.808
-218.082 177.009 3.796
-218.166 177.063 3.784
-218.249 177.117 3.771
-218.332 177.172 3.759
-218.415 177.226 3.747
-218.498 177.280 3.735
-218.581 177.334 3.722
-218.665 177.388 3.710
-218.748 177.442 3.698
-218.831 177.497 3.686
-218.914 177.551 3.673
-218.997 177.605 3.661
-219.080 177.659 3.649
-219.164 177.713 3.637
-219.247 177.767 3.624
-219.330 177.822 3.612
-219.413 177.876 3.600
-219.496 177.930 3.588
-219.579 177.984 3.575
-219.663 178.038 3.563
-219.746 178.092 3.551
-219.829 178.147 3.539
-219.912 178.201 3.526
-219.995 178.255 3.514
-220.078 178.309 3.502
-220.162 178.363 3.490
-220.245 178.417 3.477
-220.328 178.471 3.465
-220.412 178.524 3.453
-220.496 178.577 3.440
-220.580 178.630 3.427
-220.664 178.683 3.415
-220.748 178.736 3.402
-220.832 178.788 3.390
-220.916 178.841 3.377
-221.000 178.894 3.364
-221.084 178.947 3.352
-221.168 179.000 3.339
-221.252 179.052 3.326
-221.336 179.105 3.314
-221.420 179.158 3.301
-221.504 179.211 3.289
-221.588 179.263 3.276
-221.672 179.316 3.263
-221.756 179.369 3.251
-221.840 179.422 3.238
-221.924 179.474 3.225
-222.008 179.527 3.213
-222.092 179.580 3.200
-222.176 179.633 3.188
-222.260 179.685 3.175
-222.344 179.738 3.162
-222.428 179.791 3.150
-222.512 179.844 3.137
-222.596 179.896 3.124
-222.680 179.949 3.112
-222.764 180.002 3.099
-222.848 180.055 3.087
-222.932 180.107 3.074
-223.016 180.160 3.061
-223.100 180.213 3.049
-223.184 180.266 3.036
-223.268 180.318 3.024
-223.352 180.371 3.011
-223.436 180.424 2.998
-223.520 180.477 2.986
-223.604 180.530 2.973
-223.688 180.582 2.960
-223.772 180.635 2.948
-223.856 180.688 2.935
-223.940 180.741 2.923
-224.024 180.793 2.910
-224.108 180.846 2.897
-224.192 180.899 2.885
-224.276 180.952 2.872
-224.360 181.004 2.859
-224.444 181.057 2.847
-224.528 181.110 2.834
-224.612 181.163 2.822
-224.696 181.215 2.809
-224.780 181.268 2.796
-224.864 181.321 2.784
-224.948 181.374 2.771
-225.032 181.426 2.759
-225.116 181.479 2.746
-225.200 181.532 2.733
-225.284 181.585 2.721
-225.368 181.638 2.708
-225.452 181.690 2.695
-225.536 181.743 2.683
-225.620 181.796 2.670
-225.704 181.849 2.658
-225.788 181.901 2.645
-225.872 181.954 2.632
-225.956 182.007 2.620
-226.040 182.060 2.607
-226.124 182.112 2.594
-226.208 182.165 2.582
-226.292 182.218 2.569
-226.376 182.271 2.556
-226.460 182.324 2.544
-226.544 182.376 2.531
-226.628 182.429 2.518
-226.712 182.482 2.506
-226.796 182.535 2.493
-226.880 182.587 2.481
-226.964 182.640 2.468
-227.048 182.693 2.455
-227.132 182.746 2.443
-227.216 182.799 2.430
-227.300 182.851 2.417
-227.384 182.904 2.405
-227.468 182.957 2.393
-227.552 183.010 2.382
-227.636 183.062 2.371
-227.720 183.115 2.360
-227.805 183.168 2.349
-227.889 183.221 2.338
-227.973 183.274 2.328
-228.057 183.327 2.317
-228.141 183.380 2.306
-228.226 183.433 2.296
-228.310 183.485 2.285
-228.394 183.538 2.275
-228.478 183.591 2.264
-228.563 183.644 2.253
-228.647 183.697 2.243
-228.731 183.750 2.232
-228.815 183.803 2.222
-228.899 183.855 2.211
-228.984 183.908 2.200
-229.068 183.961 2.190
-229.152 184.014 2.179
-229.236 184.067 2.168
-229.321 184.120 2.158
-229.405 184.173 2.147
-229.489 184.225 2.137
-229.573 184.278 2.126
-229.657 184.331 2.115
-229.742 184.384 2.105
-229.826 184.437 2.094
-229.910 184.490 2.083
-229.994 184.543 2.073
-230.079 184.595 2.062
-230.163 184.648 2.052
-230.247 184.701 2.041
-230.331 184.754 2.030
-230.415 184.807 2.020
-230.500 184.860 2.009
-230.584 184.912 1.998
-230.668 184.965 1.988
-230.752 185.018 1.977
-230.837 185.071 1.967
-230.921 185.124 1.956
-231.005 185.177 1.945
-231.089 185.230 1.935
-231.173 185.282 1.924
-231.258 185.335 1.913
-231.342 185.388 1.903
-231.426 185.441 1.892
-231.510 185.494 1.881
-231.595 185.547 1.871
-231.679 185.599 1.860
-231.763 185.652 1.850
-231.847 185.705 1.839
-231.932 185.758 1.828
-232.016 185.811 1.818
-232.100 185.863 1.807
-232.184 185.916 1.796
-232.269 185.969 1.786
-232.353 186.022 1.775
-232.437 186.075 1.765
-232.521 186.128 1.754
-232.605 186.180 1.743
-232.690 186.233 1.733
-232.774 186.286 1.722
-232.858 186.339 1.711
-232.942 186.392 1.701
-233.026 186.445 1.690
-233.111 186.498 1.679
-233.195 186.551 1.669
-233.279 186.603 1.658
-233.363 186.656 1.647
-233.447 186.709 1.636
-233.532 186.762 1.626
-233.616 186.815 1.615
-233.700 186.868 1.604
-233.784 186.921 1.594
-233.868 186.974 1.583
-233.953 187.027 1.572
-234.037 187.080 1.562
-234.121 187.132 1.551
-234.205 187.185 1.540
-234.289 187.238 1.530
-234.373 187.291 1.519
-234.458 187.344 1.508
-234.542 187.397 1.498
-234.626 187.450 1.487
-234.710 187.503 1.476
-234.794 187.556 1.466
-234.879 187.609 1.455
-234.963 187.662 1.445
-235.047 187.714 1.434
-235.131 187.767 1.424
-235.215 187.820 1.413
-235.299 187.873 1.402
-235.384 187.926 1.392
-235.468 187.979 1.381
-235.552 188.032 1.371
-235.636 188.085 1.360
-235.720 188.138 1.350
-235.805 188.191 1.339
-235.889 188.244 1.329
-235.973 188.297 1.318
-236.057 188.350 1.307
-236.141 188.403 1.297
-236.225 188.456 1.286
-236.310 188.508 1.276
-236.394 188.561 1.265
-236.478 188.614 1.254
-236.562 188.667 1.244
-236.646 188.720 1.233
-236.731 188.773 1.223
-236.815 188.826 1.212
-236.899 188.879 1.202
-236.983 188.932 1.191
-237.067 188.985 1.180
-237.151 189.038 1.170
-237.236 189.091 1.159
-237.320 189.144 1.149
-237.404 189.197 1.138
-237.488 189.249 1.127
-237.572 189.302 1.117
-237.657 189.355 1.106
-237.741 189.408 1.096
-237.825 189.461 1.085
-237.909 189.514 1.074
-237.993 189.567 1.064
-238.078 189.620 1.053
-238.162 189.673 1.043
-238.246 189.725 1.032
-238.330 189.778 1.021
-238.414 189.831 1.011
-238.499 189.884 1.000
-238.583 189.937 0.990
-238.667 189.990 0.979
-238.751 190.043 0.969
-238.836 190.096 0.958
-238.920 190.148 0.947
-239.004 190.201 0.937
-239.088 190.254 0.926
-239.172 190.307 0.916
-239.257 190.360 0.905
-239.341 190.413 0.895
-239.425 190.466 0.884
-239.509 190.519 0.873
-239.593 190.571 0.863
-239.678 190.624 0.852
-239.762 190.677 0.842
-239.846 190.730 0.831
-239.930 190.783 0.821
-240.014 190.836 0.810
-240.099 190.889 0.799
-240.183 190.942 0.789
-240.267 190.995 0.778
-240.351 191.048 0.768
-240.435 191.100 0.757
-240.520 191.153 0.747
-240.604 191.206 0.736
-240.688 191.259 0.725
-240.772 191.312 0.715
-240.856 191.365 0.704
-240.940 191.418 0.694
-241.025 191.471 0.683
-241.109 191.524 0.673
-241.193 191.577 0.662
-241.277 191.630 0.651
-241.361 191.683 0.641
-241.446 191.736 0.630
-241.530 191.789 0.620
-241.614 191.842 0.609
-241.698 191.895 0.599
-241.782 191.947 0.588
-241.866 192.000 0.577
-241.951 192.053 0.567
-242.035 192.106 0.556
-242.119 192.159 0.546
-242.203 192.212 0.535
-242.287 192.265 0.525
-242.371 192.318 0.514
-242.456 192.371 0.503
-242.540 192.424 0.493
-242.624 192.477 0.482
-242.708 192.530 0.472
-242.792 192.583 0.461
-242.876 192.636 0.450
-242.961 192.689 0.440
-243.045 192.741 0.429
-243.129 192.794 0.418
-243.213 192.847 0.408
-243.297 192.900 0.397
-243.381 192.953 0.386
-243.466 193.006 0.374
-243.550 193.059 0.363
-243.634 193.112 0.352
-243.718 193.164 0.341
-243.802 193.217 0.330
-243.886 193.270 0.319
-243.971 193.323 0.307
-244.055 193.376 0.296
-244.139 193.429 0.285
-244.223 193.482 0.274
-244.307 193.534 0.263
-244.391 193.587 0.252
-244.475 193.640 0.240
-244.560 193.693 0.229
-244.644 193.746 0.218
-244.728 193.799 0.207
-244.812 193.852 0.196
-244.896 193.904 0.185
-244.980 193.957 0.173
-245.065 194.010 0.162
-245.149 194.063 0.151
-245.233 194.116 0.140
-245.317 194.169 0.129
-245.401 194.221 0.117
-245.485 194.274 0.106
-245.569 194.327 0.095
-245.654 194.380 0.084
-245.738 194.433 0.073
-245.822 194.486 0.061
-245.906 194.539 0.050
-245.990 194.591 0.039
-246.074 194.644 0.028
-246.158 194.697 0.017
-246.243 194.750 0.006
-246.327 194.803 -0.006
-246.411 194.856 -0.017
-246.495 194.909 -0.028
-246.579 194.961 -0.039
-246.663 195.014 -0.050
-246.748 195.067 -0.062
-246.832 195.120 -0.073
-246.916 195.173 -0.084
-247.000 195.226 -0.095
-247.084 195.278 -0.106
-247.168 195.331 -0.118
-247.252 195.384 -0.129
-247.337 195.437 -0.140
-247.421 195.490 -0.151
-247.505 195.543 -0.162
-247.589 195.596 -0.174
-247.673 195.648 -0.185
-247.757 195.701 -0.196
-247.842 195.754 -0.207
-247.926 195.807 -0.218
-248.010 195.860 -0.230
-248.094 195.913 -0.241
-248.178 195.965 -0.252
-248.262 196.018 -0.263
-248.346 196.071 -0.274
-248.431 196.124 -0.286
-248.515 196.177 -0.297
-248.599 196.230 -0.308
-248.683 196.283 -0.319
-248.767 196.335 -0.330
-248.851 196.388 -0.342
-248.936 196.441 -0.353
-249.020 196.494 -0.364
-249.104 196.547 -0.375
-249.188 196.600 -0.387
-249.272 196.653 -0.398
-249.356 196.705 -0.409
-249.440 196.758 -0.420
-249.525 196.811 -0.431
-249.609 196.864 -0.443
-249.693 196.917 -0.454
-249.777 196.970 -0.465
-249.861 197.022 -0.476
-249.945 197.075 -0.488
-250.029 197.128 -0.499
-250.114 197.181 -0.510
-250.198 197.234 -0.521
-250.282 197.287 -0.532
-250.366 197.340 -0.544
-250.450 197.392 -0.555
-250.534 197.445 -0.566
-250.618 197.498 -0.577
-250.703 197.551 -0.589
-250.787 197.604 -0.600
-250.871 197.657 -0.611
-250.955 197.710 -0.622
-251.039 197.762 -0.633
-251.123 197.815 -0.645
-251.208 197.868 -0.656
-251.292 197.921 -0.667
-251.376 197.974 -0.678
-251.460 198.027 -0.690
-251.544 198.080 -0.701
-251.628 198.132 -0.712
-251.712 198.185 -0.723
-251.797 198.238 -0.735
-251.881 198.291 -0.746
-251.965 198.344 -0.757
-252.049 198.397 -0.768
-252.133 198.450 -0.779
-252.217 198.502 -0.791
-252.301 198.555 -0.802
-252.386 198.608 -0.813
-252.470 198.661 -0.824
-252.554 198.714 -0.836
-252.638 198.767 -0.847
-252.722 198.819 -0.858
-252.806 198.872 -0.869
-252.890 198.925 -0.881
-252.975 198.978 -0.892
-253.059 199.031 -0.903
-253.143 199.084 -0.914
-253.227 199.137 -0.926
-253.311 199.189 -0.937
-253.395 199.242 -0.948
-253.479 199.295 -0.959
-253.564 199.348 -0.970
-253.648 199.401 -0.982
-253.732 199.454 -0.993
-253.816 199.506 -1.004
-253.900 199.559 -1.015
-253.984 199.612 -1.027
-254.069 199.665 -1.038
-254.153 199.718 -1.049
-254.237 199.771 -1.060
-254.321 199.824 -1.072
-254.405 199.876 -1.083
-254.489 199.929 -1.094
-254.573 199.982 -1.105
-254.658 200.035 -1.117
-254.742 200.088 -1.128
-254.826 200.141 -1.139
-254.910 200.194 -1.150
-254.994 200.246 -1.162
-255.078 200.299 -1.173
-255.162 200.352 -1.184
-255.247 200.405 -1.195
-255.331 200.458 -1.206
-255.415 200.511 -1.218
-255.499 200.563 -1.229
-255.583 200.616 -1.240
-255.667 200.669 -1.251
-255.751 200.722 -1.263
-255.836 200.775 -1.274
-255.920 200.828 -1.285
-256.004 200.881 -1.296
-256.088 200.933 -1.308
-256.172 200.986 -1.319
-256.256 201.039 -1.330
-256.340 201.092 -1.341
-256.425 201.145 -1.353
-256.509 201.198 -1.364
-256.593 201.251 -1.375
-256.677 201.303 -1.386
-256.761 201.356 -1.398
-256.845 201.409 -1.409
-256.929 201.462 -1.420
-257.014 201.515 -1.431
-257.098 201.568 -1.443
-257.182 201.620 -1.454
-257.266 201.673 -1.465
-257.350 201.726 -1.476
-257.434 201.779 -1.488
-257.519 201.832 -1.499
-257.603 201.885 -1.510
-257.687 201.938 -1.521
-257.771 201.990 -1.533
-257.855 202.043 -1.544
-257.939 202.096 -1.555
-258.023 202.149 -1.566
-258.108 202.202 -1.577
-258.192 202.255 -1.589
-258.276 202.308 -1.600
-258.360 202.360 -1.611
-258.444 202.413 -1.622
-258.528 202.466 -1.634
-258.612 202.519 -1.645
-258.697 202.572 -1.656
-258.781 202.625 -1.667
-258.865 202.677 -1.679
-258.949 202.730 -1.690
-259.033 202.783 -1.701
-259.117 202.836 -1.712
-259.201 202.889 -1.724
-259.286 202.942 -1.735
-259.370 202.995 -1.746
-259.454 203.047 -1.757
-259.538 203.100 -1.769
-259.622 203.153 -1.780
-259.706 203.206 -1.791
-259.790 203.259 -1.802
-259.875 203.312 -1.814
-259.959 203.365 -1.825
-260.043 203.417 -1.836
-260.127 203.470 -1.847
-260.211 203.523 -1.859
-260.295 203.576 -1.870
-260.379 203.629 -1.881
-260.464 203.682 -1.892
-260.548 203.734 -1.904
-260.632 203.787 -1.915
-260.716 203.840 -1.926
-260.800 203.893 -1.937
-260.884 203.946 -1.949
-260.969 203.999 -1.960
-261.053 204.052 -1.971
-261.137 204.104 -1.982
-261.221 204.157 -1.993
-261.305 204.210 -2.005
-261.389 204.263 -2.016
-261.473 204.316 -2.027
-261.558 204.369 -2.038
-261.642 204.421 -2.050
-261.726 204.474 -2.061
-261.810 204.527 -2.072
-261.894 204.580 -2.083
-261.978 204.633 -2.095
-262.062 204.686 -2.106
-262.147 204.739 -2.117
-262.231 204.791 -2.128
-262.315 204.844 -2.140
-262.399 204.897 -2.151
-262.483 204.950 -2.162
-262.567 205.003 -2.173
-262.651 205.056 -2.185
-262.736 205.109 -2.196
-262.820 205.161 -2.207
-262.904 205.214 -2.218
-262.988 205.267 -2.230
-263.072 205.320 -2.241
-263.156 205.373 -2.252
-263.240 205.426 -2.263
-263.325 205.478 -2.275
-263.409 205.531 -2.286
-263.493 205.584 -2.297
-263.577 205.637 -2.308
-263.661 205.690 -2.320
-263.745 205.743 -2.331
-263.829 205.796 -2.342
-263.914 205.848 -2.353
-263.998 205.901 -2.365
-264.082 205.954 -2.376
-264.166 206.007 -2.387
-264.250 206.060 -2.398
-264.334 206.113 -2.410
-264.419 206.166 -2.421
-264.503 206.218 -2.432
-264.587 206.271 -2.443
-264.671 206.324 -2.455
-264.755 206.377 -2.466
-264.839 206.430 -2.477
-264.923 206.483 -2.488
-265.008 206.535 -2.499
-265.092 206.588 -2.511
-265.176 206.641 -2.522
-265.260 206.694 -2.533
-265.344 206.747 -2.544
-265.428 206.800 -2.556
-265.512 206.853 -2.567
-265.597 206.905 -2.578
-265.681 206.958 -2.589
-265.765 207.011 -2.601
-265.849 207.064 -2.612
-265.933 207.117 -2.623
-266.017 207.170 -2.634
-266.101 207.223 -2.646
-266.186 207.275 -2.657
-266.270 207.328 -2.668
-266.354 207.381 -2.679
-266.438 207.434 -2.691
-266.522 207.487 -2.702
-266.606 207.540 -2.713
-266.690 207.592 -2.724
-266.775 207.645 -2.736
-266.859 207.698 -2.747
-266.943 207.751 -2.758
-267.027 207.804 -2.769
-267.111 207.857 -2.781
-267.195 207.910 -2.792
-267.279 207.962 -2.803
-267.364 208.015 -2.814
-267.448 208.068 -2.826
-267.532 208.121 -2.837
-267.616 208.174 -2.848
-267.700 208.227 -2.859
-267.784 208.279 -2.871
-267.869 208.332 -2.882
-267.953 208.385 -2.893
-268.037 208.438 -2.904
-268.121 208.491 -2.916
-268.205 208.544 -2.927
-268.289 208.597 -2.938
-268.373 208.649 -2.949
-268.458 208.702 -2.960
-268.542 208.755 -2.972
-268.626 208.808 -2.983
-268.710 208.861 -2.994
