8.983 9.702 -2.900
8.990 9.696 -2.801
8.996 9.689 -2.701
9.002 9.683 -2.602
9.008 9.676 -2.502
9.015 9.670 -2.402
9.021 9.663 -2.303
9.027 9.657 -2.203
9.034 9.650 -2.104
9.040 9.644 -2.004
9.046 9.637 -1.905
9.053 9.631 -1.805
9.059 9.624 -1.705
9.065 9.618 -1.606
9.071 9.611 -1.506
9.078 9.605 -1.407
9.084 9.598 -1.307
9.090 9.592 -1.207
9.097 9.585 -1.108
9.103 9.579 -1.008
9.109 9.572 -0.909
9.115 9.565 -0.809
9.122 9.559 -0.709
9.128 9.552 -0.610
9.134 9.546 -0.510
9.141 9.539 -0.411
9.147 9.533 -0.311
9.153 9.526 -0.212
9.160 9.520 -0.112
9.166 9.513 -0.012
9.172 9.507 0.087
9.178 9.500 0.187
9.185 9.494 0.286
9.191 9.487 0.386
9.197 9.481 0.486
9.203 9.474 0.585
9.207 9.470 0.647
9.209 9.468 0.682
9.211 9.466 0.708
9.212 9.465 0.737
9.214 9.463 0.769
9.216 9.461 0.804
9.217 9.459 0.843
9.219 9.456 0.886
9.221 9.454 0.933
9.224 9.451 0.984
9.226 9.448 1.041
9.228 9.445 1.104
9.231 9.441 1.173
9.234 9.437 1.249
9.238 9.433 1.332
9.242 9.428 1.424
9.246 9.422 1.524
9.250 9.417 1.624
9.254 9.412 1.724
9.258 9.407 1.823
9.262 9.401 1.923
9.266 9.396 2.023
9.270 9.391 2.123
9.274 9.386 2.222
9.279 9.380 2.322
9.283 9.375 2.422
9.287 9.370 2.522
9.291 9.365 2.622
9.295 9.359 2.721
9.299 9.354 2.821
9.303 9.349 2.921
9.307 9.344 3.021
9.311 9.338 3.120
9.315 9.333 3.220
9.320 9.328 3.320
9.324 9.322 3.420
9.328 9.317 3.519
9.333 9.311 3.619
9.338 9.305 3.718
9.345 9.298 3.818
9.351 9.290 3.918
9.357 9.283 4.017
9.363 9.276 4.117
9.369 9.269 4.217
9.376 9.262 4.316
9.382 9.255 4.416
9.388 9.248 4.515
9.394 9.241 4.615
9.401 9.233 4.714
9.407 9.226 4.814
9.413 9.219 4.913
9.419 9.212 5.013
9.426 9.205 5.113
9.432 9.198 5.212
9.438 9.191 5.312
9.444 9.183 5.411
9.451 9.176 5.511
9.457 9.169 5.610
9.463 9.162 5.710
9.469 9.155 5.809
9.476 9.148 5.909
9.482 9.141 6.008
9.488 9.133 6.108
9.494 9.126 6.207
9.501 9.119 6.307
9.507 9.111 6.407
9.514 9.104 6.506
9.520 9.097 6.606
9.526 9.089 6.705
9.533 9.081 6.805
9.539 9.074 6.904
9.546 9.066 7.004
9.552 9.059 7.103
9.559 9.051 7.203
9.565 9.044 7.302
9.572 9.036 7.402
9.578 9.029 7.501
9.585 9.021 7.601
9.591 9.013 7.700
9.597 9.006 7.800
9.604 8.998 7.899
9.610 8.991 7.999
9.617 8.983 8.098
9.623 8.976 8.198
9.630 8.968 8.297
9.636 8.960 8.397
9.643 8.953 8.496
9.649 8.945 8.596
9.656 8.938 8.695
9.662 8.930 8.795
9.669 8.923 8.894
9.675 8.915 8.994
9.682 8.907 9.093
9.688 8.900 9.193
9.695 8.892 9.292
9.701 8.884 9.392
9.708 8.877 9.491
9.714 8.869 9.591
9.721 8.861 9.690
9.727 8.854 9.790
9.734 8.846 9.889
9.740 8.838 9.989
9.747 8.830 10.088
9.754 8.823 10.188
9.760 8.815 10.287
9.767 8.807 10.387
9.773 8.800 10.486
9.780 8.792 10.585
9.786 8.784 10.685
9.793 8.776 10.784
9.800 8.769 10.884
9.806 8.761 10.983
9.813 8.753 11.083
9.819 8.745 11.182
9.826 8.738 11.282
9.833 8.730 11.381
9.839 8.722 11.481
9.846 8.715 11.580
9.852 8.707 11.680
9.859 8.699 11.779
9.865 8.691 11.879
9.872 8.684 11.978
9.879 8.676 12.078
9.885 8.668 12.177
9.892 8.660 12.277
9.898 8.653 12.376
9.905 8.645 12.476
9.912 8.637 12.575
9.918 8.629 12.675
9.925 8.622 12.774
9.931 8.614 12.874
9.938 8.606 12.973
9.945 8.598 13.072
9.951 8.591 13.172
9.958 8.583 13.271
9.965 8.575 13.371
9.971 8.567 13.470
9.978 8.559 13.570
9.984 8.552 13.669
9.991 8.544 13.769
9.998 8.536 13.868
10.004 8.528 13.968
10.011 8.521 14.067
10.017 8.513 14.167
10.024 8.505 14.266
10.031 8.497 14.366
10.037 8.490 14.465
10.044 8.482 14.565
10.050 8.474 14.664
10.057 8.466 14.764
10.064 8.459 14.863
10.070 8.451 14.963
10.077 8.443 15.062
10.083 8.435 15.162
10.090 8.427 15.261
10.097 8.420 15.360
10.103 8.412 15.460
10.110 8.404 15.559
10.117 8.396 15.659
10.123 8.389 15.758
10.130 8.381 15.858
10.136 8.373 15.957
10.143 8.365 16.057
10.150 8.358 16.156
10.156 8.350 16.256
10.163 8.342 16.355
10.169 8.334 16.455
10.176 8.327 16.554
10.182 8.319 16.654
10.189 8.311 16.753
10.196 8.303 16.853
10.202 8.296 16.952
10.209 8.288 17.052
10.215 8.280 17.151
10.222 8.273 17.251
10.228 8.265 17.350
10.235 8.257 17.450
10.241 8.250 17.549
10.248 8.242 17.649
10.254 8.234 17.748
10.261 8.227 17.848
10.267 8.219 17.947
10.274 8.211 18.047
10.281 8.204 18.146
10.287 8.196 18.246
10.294 8.188 18.345
10.300 8.181 18.444
10.307 8.173 18.544
10.313 8.165 18.643
10.320 8.157 18.743
10.326 8.150 18.842
10.333 8.142 18.942
10.339 8.134 19.041
10.346 8.127 19.141
10.352 8.119 19.240
10.359 8.111 19.340
10.365 8.104 19.439
10.371 8.096 19.539
10.378 8.089 19.638
10.384 8.081 19.738
10.391 8.073 19.837
10.397 8.066 19.937
10.403 8.058 20.036
10.410 8.051 20.136
10.416 8.043 20.235
10.422 8.036 20.335
10.428 8.028 20.435
10.435 8.020 20.534
10.441 8.013 20.634
10.447 8.005 20.733
10.454 7.998 20.833
10.460 7.990 20.932
10.466 7.983 21.032
10.473 7.975 21.131
10.479 7.967 21.231
10.485 7.960 21.330
10.492 7.952 21.430
10.498 7.945 21.529
10.504 7.937 21.629
10.511 7.930 21.728
10.517 7.922 21.828
10.523 7.914 21.927
10.529 7.907 22.027
10.536 7.899 22.126
10.541 7.892 22.225
10.547 7.885 22.325
10.552 7.878 22.425
10.556 7.871 22.525
10.561 7.864 22.624
10.566 7.857 22.724
10.570 7.850 22.824
10.575 7.843 22.923
10.580 7.836 23.023
10.584 7.829 23.123
10.589 7.822 23.222
10.594 7.815 23.322
10.598 7.808 23.421
10.603 7.801 23.521
10.608 7.794 23.621
10.612 7.787 23.720
10.617 7.780 23.820
10.622 7.774 23.920
10.626 7.767 24.019
10.631 7.760 24.119
10.635 7.753 24.219
10.640 7.746 24.318
10.645 7.739 24.418
10.649 7.732 24.518
10.654 7.725 24.617
10.659 7.718 24.717
10.663 7.711 24.817
10.668 7.704 24.916
10.672 7.697 25.016
10.677 7.690 25.115
10.681 7.682 25.215
10.685 7.674 25.315
10.690 7.666 25.414
10.694 7.658 25.514
10.698 7.650 25.613
10.702 7.642 25.713
10.706 7.634 25.813
10.710 7.626 25.912
10.714 7.619 26.012
10.718 7.611 26.111
10.722 7.603 26.211
10.726 7.595 26.311
10.730 7.587 26.410
10.734 7.579 26.510
10.738 7.571 26.609
10.743 7.563 26.709
10.747 7.555 26.809
10.751 7.547 26.908
10.755 7.539 27.008
10.759 7.531 27.107
10.763 7.523 27.207
10.767 7.515 27.307
10.771 7.507 27.406
10.775 7.499 27.506
10.779 7.491 27.605
10.783 7.483 27.705
10.787 7.475 27.805
10.792 7.467 27.904
10.796 7.459 28.004
10.800 7.451 28.103
10.804 7.443 28.203
10.808 7.435 28.303
10.812 7.426 28.402
10.816 7.418 28.502
10.820 7.410 28.601
10.824 7.402 28.701
10.828 7.394 28.800
10.832 7.386 28.900
10.836 7.377 29.000
10.841 7.369 29.099
10.845 7.361 29.199
10.849 7.353 29.298
10.853 7.345 29.398
10.857 7.337 29.498
10.861 7.328 29.597
10.865 7.320 29.697
10.869 7.312 29.796
10.873 7.304 29.896
10.877 7.296 29.995
10.881 7.287 30.095
10.886 7.279 30.195
10.890 7.271 30.294
10.894 7.263 30.394
10.898 7.255 30.493
10.902 7.246 30.593
10.906 7.238 30.692
10.910 7.230 30.792
10.914 7.222 30.892
10.918 7.213 30.991
10.923 7.205 31.091
10.927 7.197 31.190
10.931 7.189 31.290
10.935 7.180 31.389
10.939 7.172 31.489
10.943 7.164 31.589
10.947 7.156 31.688
10.951 7.147 31.788
10.955 7.139 31.887
10.960 7.131 31.987
10.964 7.122 32.086
10.968 7.114 32.186
10.972 7.106 32.286
10.976 7.098 32.385
10.980 7.089 32.485
10.984 7.081 32.584
10.988 7.073 32.684
10.993 7.064 32.783
10.997 7.056 32.883
11.001 7.048 32.983
11.005 7.040 33.082
11.009 7.031 33.182
11.013 7.023 33.281
11.017 7.015 33.381
11.021 7.007 33.480
11.025 6.998 33.580
11.030 6.990 33.680
11.034 6.982 33.779
11.038 6.973 33.879
11.042 6.965 33.978
11.046 6.957 34.078
11.050 6.948 34.177
11.054 6.940 34.277
11.058 6.932 34.377
11.063 6.923 34.476
11.067 6.915 34.576
11.071 6.907 34.675
11.075 6.899 34.775
11.079 6.890 34.874
11.083 6.882 34.974
11.087 6.874 35.074
11.091 6.865 35.173
11.096 6.857 35.273
11.100 6.849 35.372
11.104 6.840 35.472
11.108 6.832 35.571
11.112 6.824 35.671
11.116 6.815 35.771
11.120 6.807 35.870
11.124 6.799 35.970
11.128 6.791 36.069
11.133 6.782 36.169
11.137 6.774 36.268
11.141 6.766 36.368
11.145 6.757 36.467
11.149 6.749 36.567
11.153 6.741 36.667
11.157 6.732 36.766
11.161 6.724 36.866
11.166 6.716 36.965
11.170 6.707 37.065
11.174 6.699 37.164
11.178 6.691 37.264
11.182 6.682 37.364
11.186 6.674 37.463
11.190 6.666 37.563
11.194 6.657 37.662
11.198 6.649 37.762
11.203 6.641 37.861
11.207 6.632 37.961
11.211 6.624 38.061
11.215 6.616 38.160
11.219 6.607 38.260
11.223 6.599 38.359
11.227 6.591 38.459
11.231 6.583 38.558
11.235 6.574 38.658
11.239 6.566 38.758
11.243 6.558 38.857
11.248 6.549 38.957
11.252 6.541 39.056
11.256 6.533 39.156
11.260 6.524 39.255
11.264 6.516 39.355
11.268 6.508 39.455
11.272 6.499 39.554
11.276 6.491 39.654
11.280 6.483 39.753
11.284 6.474 39.853
11.288 6.466 39.952
11.293 6.458 40.052
11.297 6.449 40.151
11.301 6.441 40.251
11.305 6.433 40.351
11.309 6.425 40.450
11.313 6.416 40.550
11.317 6.408 40.649
11.321 6.400 40.749
11.325 6.391 40.848
11.329 6.383 40.948
11.333 6.375 41.048
11.337 6.366 41.147
11.342 6.358 41.247
11.346 6.350 41.346
11.350 6.341 41.446
11.354 6.333 41.545
11.358 6.325 41.645
11.362 6.316 41.745
11.366 6.308 41.844
11.370 6.300 41.944
11.374 6.292 42.043
11.378 6.283 42.143
11.382 6.275 42.242
11.386 6.267 42.342
11.390 6.258 42.442
11.394 6.250 42.541
11.398 6.242 42.641
11.402 6.233 42.740
11.406 6.225 42.840
11.411 6.217 42.939
11.415 6.208 43.039
11.419 6.200 43.139
11.423 6.192 43.238
11.427 6.183 43.338
11.431 6.175 43.437
11.435 6.167 43.537
11.439 6.159 43.636
11.443 6.150 43.736
11.447 6.142 43.836
11.451 6.134 43.935
11.455 6.125 44.035
11.459 6.117 44.134
11.463 6.109 44.234
11.467 6.100 44.333
11.471 6.092 44.433
11.475 6.084 44.533
11.479 6.075 44.632
11.483 6.067 44.732
11.487 6.059 44.831
11.491 6.050 44.931
11.495 6.042 45.030
11.499 6.034 45.130
11.503 6.025 45.230
11.507 6.017 45.329
11.511 6.009 45.429
11.515 6.000 45.528
11.519 5.992 45.628
11.523 5.984 45.727
11.527 5.975 45.827
11.531 5.967 45.927
11.535 5.959 46.026
11.539 5.950 46.126
11.543 5.942 46.225
11.547 5.934 46.325
11.551 5.925 46.424
11.555 5.917 46.524
11.559 5.909 46.624
11.563 5.900 46.723
11.567 5.892 46.823
11.571 5.883 46.922
11.575 5.875 47.022
11.579 5.867 47.121
11.583 5.858 47.221
11.587 5.850 47.321
11.591 5.842 47.420
11.595 5.833 47.520
11.599 5.825 47.619
11.603 5.817 47.719
11.607 5.808 47.818
11.611 5.800 47.918
11.615 5.792 48.018
11.619 5.783 48.117
11.623 5.775 48.217
11.627 5.767 48.316
11.631 5.758 48.416
11.635 5.750 48.515
11.639 5.741 48.615
11.643 5.733 48.715
11.647 5.725 48.814
11.651 5.716 48.914
11.655 5.708 49.013
11.659 5.700 49.113
11.663 5.691 49.212
11.667 5.683 49.312
11.671 5.675 49.411
11.675 5.666 49.511
11.679 5.658 49.611
11.683 5.650 49.710
11.687 5.641 49.810
11.691 5.633 49.909
11.695 5.624 50.009
11.698 5.616 50.108
11.702 5.608 50.208
11.706 5.599 50.308
11.710 5.591 50.407
11.714 5.583 50.507
11.718 5.574 50.606
11.722 5.566 50.706
11.726 5.558 50.805
11.730 5.549 50.905
11.734 5.541 51.005
11.738 5.532 51.104
11.742 5.524 51.204
11.746 5.516 51.303
11.750 5.507 51.403
11.754 5.499 51.502
11.758 5.491 51.602
11.762 5.482 51.702
11.766 5.474 51.801
11.770 5.466 51.901
11.774 5.457 52.000
11.778 5.449 52.100
11.782 5.440 52.199
11.786 5.432 52.299
11.790 5.424 52.399
11.794 5.415 52.498
11.798 5.407 52.598
11.802 5.399 52.697
11.806 5.390 52.797
11.810 5.382 52.896
11.814 5.373 52.996
11.818 5.365 53.096
11.822 5.357 53.195
11.826 5.348 53.295
11.830 5.340 53.394
11.834 5.332 53.494
11.838 5.323 53.593
11.842 5.315 53.693
11.846 5.306 53.792
11.850 5.298 53.892
11.854 5.290 53.992
11.858 5.281 54.091
11.862 5.273 54.191
11.866 5.265 54.290
11.870 5.256 54.390
11.874 5.248 54.489
11.878 5.239 54.589
11.882 5.231 54.689
11.886 5.223 54.788
11.890 5.214 54.888
11.894 5.206 54.987
11.898 5.198 55.087
11.902 5.189 55.186
11.906 5.181 55.286
11.910 5.173 55.386
11.914 5.164 55.485
11.918 5.156 55.585
11.922 5.147 55.684
11.926 5.139 55.784
11.930 5.131 55.883
11.934 5.122 55.983
11.938 5.114 56.083
11.942 5.106 56.182
11.946 5.097 56.282
11.950 5.089 56.381
11.954 5.080 56.481
11.958 5.072 56.580
11.962 5.064 56.680
11.966 5.055 56.780
11.970 5.047 56.879
11.974 5.039 56.979
11.978 5.030 57.078
11.982 5.022 57.178
11.986 5.013 57.277
11.990 5.005 57.377
11.994 4.997 57.476
11.998 4.988 57.576
12.002 4.980 57.676
12.006 4.972 57.775
12.010 4.963 57.875
12.014 4.955 57.974
12.018 4.946 58.074
12.022 4.938 58.173
12.026 4.930 58.273
12.030 4.921 58.373
12.034 4.913 58.472
12.038 4.905 58.572
12.042 4.896 58.671
12.046 4.888 58.771
12.050 4.879 58.870
12.054 4.871 58.970
12.058 4.863 59.070
12.062 4.854 59.169
12.066 4.846 59.269
12.070 4.838 59.368
12.074 4.829 59.468
12.078 4.821 59.567
12.082 4.812 59.667
12.086 4.804 59.767
12.090 4.796 59.866
12.095 4.787 59.966
12.099 4.779 60.065
12.103 4.771 60.165
12.107 4.762 60.264
12.111 4.754 60.364
12.115 4.745 60.463
12.119 4.737 60.563
12.123 4.729 60.663
12.127 4.720 60.762
12.131 4.712 60.862
12.135 4.704 60.961
12.139 4.695 61.061
12.143 4.687 61.160
12.147 4.678 61.260
12.151 4.670 61.360
12.155 4.662 61.459
12.159 4.653 61.559
12.163 4.645 61.658
12.167 4.637 61.758
12.171 4.628 61.857
12.175 4.620 61.957
12.179 4.612 62.057
12.183 4.603 62.156
12.187 4.595 62.256
12.191 4.587 62.355
12.195 4.578 62.455
12.199 4.570 62.554
12.203 4.562 62.654
12.207 4.553 62.754
12.211 4.545 62.853
12.215 4.536 62.953
12.219 4.528 63.052
12.223 4.520 63.152
12.227 4.511 63.251
12.231 4.503 63.351
12.235 4.495 63.450
12.239 4.486 63.550
12.243 4.478 63.650
12.247 4.470 63.749
12.251 4.461 63.849
12.255 4.453 63.948
12.259 4.445 64.048
12.263 4.436 64.147
12.267 4.428 64.247
12.272 4.420 64.347
12.276 4.411 64.446
12.280 4.403 64.546
12.284 4.395 64.645
12.288 4.386 64.745
12.292 4.378 64.844
12.296 4.370 64.944
12.300 4.361 65.044
12.304 4.353 65.143
12.308 4.345 65.243
12.312 4.337 65.342
12.316 4.328 65.442
12.320 4.320 65.541
12.324 4.312 65.641
12.328 4.303 65.741
12.332 4.295 65.840
12.336 4.287 65.940
12.340 4.278 66.039
12.344 4.270 66.139
12.348 4.262 66.238
12.352 4.253 66.338
12.356 4.245 66.438
12.360 4.237 66.537
12.364 4.229 66.637
12.368 4.220 66.736
12.372 4.212 66.836
12.376 4.204 66.935
12.380 4.196 67.035
12.384 4.187 67.135
12.388 4.179 67.234
12.392 4.171 67.334
12.396 4.163 67.433
12.400 4.154 67.533
12.405 4.146 67.633
12.409 4.138 67.732
12.413 4.130 67.832
12.417 4.122 67.931
12.421 4.113 68.031
12.425 4.105 68.130
12.429 4.097 68.230
12.433 4.089 68.330
12.437 4.081 68.429
12.441 4.072 68.529
12.445 4.064 68.628
12.449 4.056 68.728
12.453 4.048 68.827
12.457 4.040 68.927
12.461 4.031 69.027
12.465 4.023 69.126
12.469 4.015 69.226
12.474 4.007 69.325
12.478 3.999 69.425
12.482 3.991 69.525
12.486 3.982 69.624
12.490 3.974 69.724
12.494 3.966 69.823
12.498 3.958 69.923
12.502 3.950 70.022
12.507 3.942 70.122
12.511 3.934 70.222
12.515 3.926 70.321
12.519 3.918 70.421
12.523 3.910 70.520
12.527 3.902 70.620
12.531 3.894 70.720
12.536 3.885 70.819
12.540 3.877 70.919
12.544 3.869 71.018
12.548 3.861 71.118
12.552 3.853 71.218
12.556 3.845 71.317
12.561 3.837 71.417
12.565 3.829 71.516
12.569 3.821 71.616
12.573 3.813 71.715
12.577 3.805 71.815
12.581 3.797 71.915
12.586 3.789 72.014
12.590 3.781 72.114
12.594 3.773 72.213
12.598 3.765 72.313
12.603 3.757 72.412
12.607 3.749 72.512
12.611 3.741 72.612
12.616 3.733 72.711
12.620 3.725 72.811
12.625 3.717 72.910
12.629 3.709 73.010
12.634 3.701 73.110
12.638 3.693 73.209
12.643 3.685 73.309
12.647 3.677 73.408
12.652 3.669 73.508
12.656 3.661 73.608
12.660 3.653 73.707
12.665 3.645 73.807
12.669 3.637 73.906
12.674 3.629 74.006
12.678 3.621 74.105
12.683 3.613 74.205
12.687 3.605 74.305
12.692 3.597 74.404
12.696 3.589 74.504
12.701 3.581 74.603
12.705 3.574 74.703
12.710 3.566 74.802
12.714 3.558 74.902
12.719 3.550 75.002
12.723 3.542 75.101
12.728 3.534 75.201
12.732 3.526 75.300
12.737 3.518 75.400
12.742 3.510 75.499
12.746 3.502 75.599
12.751 3.494 75.699
12.756 3.486 75.798
12.761 3.478 75.898
12.765 3.470 75.997
12.770 3.462 76.097
12.775 3.454 76.196
12.779 3.446 76.296
12.784 3.438 76.396
12.789 3.430 76.495
12.794 3.422 76.595
12.798 3.414 76.694
12.803 3.406 76.794
12.808 3.398 76.893
12.813 3.390 76.993
12.817 3.382 77.093
12.822 3.374 77.192
12.827 3.366 77.292
12.832 3.358 77.391
12.836 3.350 77.491
12.841 3.342 77.590
12.846 3.334 77.690
12.851 3.326 77.790
12.855 3.318 77.889
12.860 3.310 77.989
12.865 3.302 78.088
12.870 3.294 78.188
12.874 3.286 78.287
12.879 3.278 78.387
12.884 3.270 78.487
12.889 3.262 78.586
12.894 3.254 78.686
12.898 3.246 78.785
12.903 3.238 78.885
12.908 3.230 78.984
12.913 3.222 79.084
12.918 3.214 79.183
12.923 3.206 79.283
12.927 3.198 79.383
12.932 3.190 79.482
12.937 3.182 79.582
12.942 3.174 79.681
12.947 3.166 79.781
12.951 3.158 79.880
12.956 3.150 79.980
12.961 3.142 80.079
12.966 3.134 80.179
12.971 3.126 80.279
12.976 3.118 80.378
12.980 3.110 80.478
12.985 3.102 80.577
12.990 3.094 80.677
12.995 3.086 80.776
13.000 3.078 80.876
13.005 3.070 80.976
13.009 3.062 81.075
13.014 3.054 81.175
13.019 3.046 81.274
13.024 3.038 81.374
13.029 3.030 81.473
13.034 3.022 81.573
13.038 3.014 81.672
13.043 3.006 81.772
13.048 2.998 81.872
13.053 2.990 81.971
13.058 2.982 82.071
13.063 2.974 82.170
13.067 2.966 82.270
13.072 2.958 82.369
13.077 2.950 82.469
13.082 2.942 82.569
13.087 2.934 82.668
13.092 2.926 82.768
13.096 2.918 82.867
13.101 2.910 82.967
13.106 2.902 83.066
13.111 2.894 83.166
13.116 2.886 83.265
13.121 2.878 83.365
13.125 2.870 83.465
13.130 2.862 83.564
13.135 2.854 83.664
13.140 2.846 83.763
13.145 2.838 83.863
13.149 2.830 83.962
13.154 2.822 84.062
13.159 2.814 84.162
13.164 2.806 84.261
13.169 2.799 84.361
13.174 2.791 84.460
13.178 2.783 84.560
13.183 2.775 84.659
13.188 2.767 84.759
13.193 2.759 84.858
13.198 2.751 84.958
13.203 2.743 85.058
13.207 2.735 85.157
13.212 2.727 85.257
13.217 2.719 85.356
13.222 2.711 85.456
13.227 2.703 85.555
13.232 2.695 85.655
13.236 2.687 85.755
13.241 2.679 85.854
13.246 2.671 85.954
13.251 2.663 86.053
13.256 2.655 86.153
13.260 2.647 86.252
13.265 2.639 86.352
13.270 2.631 86.451
13.275 2.623 86.551
13.280 2.615 86.651
13.284 2.607 86.750
13.289 2.599 86.850
13.294 2.591 86.949
13.299 2.584 87.049
13.304 2.576 87.148
13.308 2.568 87.248
13.313 2.560 87.348
13.318 2.552 87.447
13.323 2.544 87.547
13.327 2.536 87.646
13.332 2.528 87.746
13.337 2.520 87.845
13.342 2.512 87.945
13.347 2.504 88.045
13.351 2.496 88.144
13.356 2.488 88.244
13.361 2.481 88.343
13.366 2.473 88.443
13.370 2.465 88.542
13.375 2.457 88.642
13.380 2.449 88.742
13.385 2.441 88.841
13.389 2.434 88.941
13.394 2.426 89.040
13.399 2.418 89.140
13.403 2.410 89.240
13.408 2.402 89.339
13.413 2.395 89.439
13.417 2.387 89.538
13.422 2.379 89.638
13.427 2.371 89.737
13.431 2.363 89.837
13.436 2.356 89.937
13.441 2.348 90.036
13.445 2.340 90.136
13.450 2.332 90.235
13.455 2.324 90.335
13.459 2.317 90.435
13.464 2.309 90.534
13.469 2.301 90.634
13.474 2.293 90.733
13.478 2.285 90.833
13.483 2.278 90.932
13.487 2.270 91.032
13.492 2.263 91.131
13.496 2.256 91.231
13.499 2.250 91.331
13.503 2.244 91.431
13.506 2.238 91.531
13.510 2.232 91.630
13.513 2.226 91.730
13.517 2.220 91.830
13.520 2.214 91.930
13.524 2.208 92.029
13.527 2.202 92.129
13.531 2.196 92.229
13.534 2.190 92.329
13.538 2.184 92.428
13.541 2.178 92.528
13.545 2.172 92.628
13.548 2.166 92.728
13.552 2.160 92.828
13.555 2.154 92.927
13.559 2.148 93.027
13.562 2.142 93.127
13.565 2.136 93.227
13.569 2.130 93.326
13.572 2.124 93.426
13.576 2.118 93.526
13.579 2.112 93.626
13.583 2.106 93.725
13.586 2.100 93.825
13.590 2.094 93.925
13.593 2.088 94.024
13.596 2.081 94.124
13.599 2.073 94.224
13.602 2.065 94.324
13.605 2.058 94.423
13.608 2.050 94.523
13.611 2.042 94.623
13.614 2.034 94.722
13.617 2.026 94.822
13.620 2.019 94.921
13.623 2.011 95.021
13.626 2.003 95.121
13.629 1.995 95.220
13.632 1.987 95.320
13.636 1.979 95.420
13.639 1.972 95.519
13.642 1.964 95.619
13.645 1.956 95.719
13.648 1.948 95.818
13.651 1.940 95.918
13.654 1.933 96.018
13.657 1.925 96.117
13.660 1.917 96.217
13.663 1.909 96.317
13.666 1.901 96.416
13.669 1.893 96.516
13.672 1.886 96.615
13.675 1.878 96.715
13.678 1.869 96.815
13.681 1.861 96.914
13.684 1.852 97.014
13.687 1.844 97.113
13.691 1.835 97.213
13.694 1.826 97.313
13.697 1.818 97.412
13.700 1.809 97.512
13.704 1.800 97.611
13.707 1.791 97.711
13.710 1.783 97.810
13.713 1.774 97.910
13.716 1.765 98.010
13.720 1.757 98.109
13.723 1.748 98.209
13.726 1.739 98.308
13.729 1.730 98.408
13.733 1.722 98.507
13.736 1.713 98.607
13.739 1.704 98.707
13.742 1.695 98.806
13.745 1.687 98.906
13.749 1.678 99.005
13.752 1.669 99.105
13.755 1.661 99.204
13.758 1.652 99.304
13.762 1.643 99.403
13.765 1.634 99.503
13.768 1.626 99.603
13.771 1.617 99.702
13.774 1.608 99.802
13.778 1.599 99.901
13.781 1.590 100.001
13.784 1.581 100.100
13.787 1.572 100.200
13.791 1.563 100.299
13.794 1.554 100.399
13.797 1.545 100.499
13.800 1.536 100.598
13.804 1.527 100.698
13.807 1.518 100.797
13.810 1.509 100.897
13.813 1.500 100.996
13.817 1.491 101.096
13.820 1.482 101.195
13.823 1.473 101.295
13.826 1.464 101.394
13.830 1.455 101.494
13.833 1.446 101.593
13.836 1.438 101.693
13.839 1.429 101.793
13.843 1.420 101.892
13.846 1.411 101.992
13.849 1.402 102.091
13.853 1.393 102.191
13.856 1.384 102.290
13.859 1.375 102.390
13.862 1.366 102.489
13.866 1.357 102.589
13.869 1.348 102.688
13.872 1.339 102.788
13.875 1.330 102.888
13.879 1.321 102.987
13.882 1.312 103.087
13.885 1.302 103.186
13.888 1.293 103.286
13.892 1.284 103.385
13.895 1.275 103.485
13.898 1.266 103.584
13.901 1.257 103.684
13.905 1.248 103.783
13.908 1.239 103.883
13.911 1.230 103.982
13.914 1.221 104.082
13.918 1.212 104.181
13.921 1.203 104.281
13.924 1.194 104.381
13.927 1.185 104.480
13.931 1.176 104.580
13.934 1.167 104.679
13.937 1.158 104.779
13.940 1.149 104.878
13.944 1.140 104.978
13.947 1.131 105.077
13.950 1.122 105.177
13.954 1.113 105.276
13.957 1.104 105.376
13.960 1.095 105.475
13.963 1.086 105.575
13.967 1.077 105.675
13.970 1.068 105.774
13.973 1.059 105.874
13.976 1.049 105.973
13.980 1.040 106.073
13.983 1.031 106.172
13.986 1.022 106.272
13.989 1.013 106.371
13.993 1.004 106.471
13.996 0.995 106.570
13.999 0.986 106.670
14.002 0.977 106.769
14.006 0.968 106.869
14.009 0.959 106.968
14.012 0.950 107.068
14.015 0.941 107.168
14.019 0.932 107.267
14.022 0.923 107.367
14.025 0.914 107.466
14.028 0.905 107.566
14.032 0.896 107.665
14.035 0.886 107.765
14.038 0.877 107.864
14.041 0.868 107.964
14.045 0.859 108.063
14.048 0.850 108.163
14.051 0.841 108.262
14.054 0.832 108.362
14.058 0.823 108.462
14.061 0.814 108.561
14.064 0.805 108.661
14.067 0.796 108.760
14.071 0.787 108.860
14.074 0.778 108.959
14.077 0.769 109.059
14.080 0.760 109.158
14.084 0.751 109.258
14.087 0.742 109.357
14.090 0.732 109.457
14.093 0.723 109.556
14.096 0.714 109.656
14.100 0.705 109.755
14.103 0.696 109.855
14.106 0.687 109.955
14.109 0.678 110.054
14.113 0.669 110.154
14.116 0.660 110.253
14.119 0.651 110.353
14.122 0.642 110.452
14.125 0.633 110.552
14.129 0.624 110.651
14.132 0.615 110.751
14.135 0.606 110.850
14.138 0.597 110.950
14.141 0.588 111.049
14.145 0.578 111.149
14.148 0.569 111.248
14.151 0.560 111.348
14.154 0.551 111.448
14.157 0.542 111.547
14.161 0.533 111.647
14.164 0.524 111.746
14.167 0.515 111.846
14.170 0.506 111.945
14.174 0.497 112.045
14.177 0.488 112.144
14.180 0.479 112.244
14.183 0.470 112.343
14.186 0.461 112.443
14.190 0.452 112.542
14.193 0.443 112.642
14.196 0.433 112.742
14.199 0.424 112.841
14.202 0.415 112.941
14.205 0.406 113.040
14.209 0.397 113.140
14.212 0.388 113.239
14.215 0.379 113.339
14.218 0.370 113.438
14.221 0.361 113.538
14.225 0.352 113.637
14.228 0.343 113.737
14.231 0.334 113.836
14.234 0.325 113.936
14.237 0.316 114.035
14.240 0.307 114.135
14.244 0.297 114.235
14.247 0.288 114.334
14.250 0.279 114.434
14.253 0.270 114.533
14.256 0.261 114.633
14.259 0.252 114.732
14.263 0.243 114.832
14.266 0.234 114.931
14.269 0.225 115.031
14.272 0.216 115.130
14.275 0.207 115.230
14.279 0.198 115.329
14.282 0.189 115.429
14.285 0.180 115.529
14.288 0.171 115.628
14.291 0.162 115.728
14.294 0.152 115.827
14.297 0.143 115.927
14.301 0.134 116.026
14.304 0.125 116.126
14.307 0.116 116.225
14.310 0.107 116.325
14.313 0.098 116.424
14.316 0.089 116.524
14.320 0.080 116.623
14.323 0.071 116.723
14.326 0.062 116.823
14.329 0.053 116.922
14.332 0.044 117.022
14.335 0.035 117.121
14.338 0.025 117.221
14.342 0.016 117.320
14.345 0.007 117.420
14.348 -0.002 117.519
14.351 -0.011 117.619
14.354 -0.020 117.718
14.357 -0.029 117.818
14.361 -0.038 117.917
14.364 -0.047 118.017
14.367 -0.056 118.116
14.370 -0.065 118.216
14.373 -0.074 118.316
14.377 -0.083 118.415
14.380 -0.092 118.515
14.383 -0.101 118.614
14.386 -0.110 118.714
14.389 -0.119 118.813
14.392 -0.129 118.913
14.396 -0.138 119.012
14.399 -0.147 119.112
14.402 -0.156 119.211
14.405 -0.165 119.311
14.408 -0.174 119.410
14.411 -0.183 119.510
14.415 -0.192 119.610
14.418 -0.201 119.709
14.421 -0.210 119.809
14.424 -0.219 119.908
14.427 -0.228 120.008
14.430 -0.237 120.107
14.434 -0.246 120.207
14.437 -0.255 120.306
14.440 -0.264 120.406
14.443 -0.273 120.505
14.446 -0.282 120.605
14.450 -0.292 120.704
14.453 -0.301 120.804
14.456 -0.310 120.904
14.459 -0.319 121.003
14.462 -0.328 121.103
14.466 -0.337 121.202
14.469 -0.346 121.302
14.472 -0.355 121.401
14.475 -0.364 121.501
14.478 -0.373 121.600
14.481 -0.382 121.700
14.485 -0.391 121.799
14.488 -0.400 121.899
14.491 -0.409 121.998
14.494 -0.418 122.098
14.497 -0.427 122.198
14.501 -0.436 122.297
14.504 -0.445 122.397
14.507 -0.455 122.496
14.510 -0.464 122.596
14.513 -0.473 122.695
14.517 -0.482 122.795
14.520 -0.491 122.894
14.523 -0.500 122.994
14.526 -0.509 123.093
14.530 -0.518 123.193
14.533 -0.527 123.292
14.536 -0.536 123.392
14.539 -0.545 123.491
14.542 -0.554 123.591
14.546 -0.563 123.691
14.549 -0.572 123.790
14.552 -0.581 123.890
14.555 -0.590 123.989
14.559 -0.599 124.089
14.562 -0.608 124.188
14.565 -0.617 124.288
14.568 -0.627 124.387
14.572 -0.636 124.487
14.575 -0.645 124.586
14.578 -0.654 124.686
14.581 -0.663 124.785
14.584 -0.672 124.885
14.588 -0.681 124.985
14.591 -0.690 125.084
14.594 -0.699 125.184
14.597 -0.708 125.283
14.601 -0.717 125.383
14.604 -0.726 125.482
14.607 -0.735 125.582
14.610 -0.744 125.681
14.614 -0.753 125.781
14.617 -0.762 125.880
14.620 -0.771 125.980
14.623 -0.780 126.079
14.627 -0.789 126.179
14.630 -0.799 126.278
14.633 -0.808 126.378
14.637 -0.817 126.478
14.640 -0.826 126.577
14.643 -0.835 126.677
14.646 -0.844 126.776
14.650 -0.853 126.876
14.653 -0.862 126.975
14.656 -0.871 127.075
14.659 -0.880 127.174
14.663 -0.889 127.274
14.666 -0.898 127.373
14.669 -0.907 127.473
14.673 -0.916 127.572
14.676 -0.925 127.672
14.679 -0.934 127.771
14.682 -0.943 127.871
14.686 -0.952 127.971
14.689 -0.961 128.070
14.692 -0.970 128.170
14.695 -0.979 128.269
14.699 -0.989 128.369
14.702 -0.998 128.468
14.705 -1.007 128.568
14.709 -1.016 128.667
14.712 -1.025 128.767
14.715 -1.034 128.866
14.719 -1.043 128.966
14.722 -1.052 129.065
14.725 -1.061 129.165
14.728 -1.070 129.264
14.732 -1.079 129.364
14.735 -1.088 129.464
14.738 -1.097 129.563
14.742 -1.106 129.663
14.745 -1.115 129.762
14.748 -1.124 129.862
14.751 -1.133 129.961
14.755 -1.142 130.061
14.758 -1.151 130.160
14.761 -1.160 130.260
14.765 -1.169 130.359
14.768 -1.178 130.459
14.771 -1.188 130.558
14.774 -1.197 130.658
14.778 -1.206 130.758
14.781 -1.215 130.857
14.784 -1.224 130.957
14.788 -1.233 131.056
14.791 -1.242 131.156
14.794 -1.251 131.255
14.798 -1.260 131.355
14.801 -1.269 131.454
14.804 -1.278 131.554
14.807 -1.287 131.653
14.811 -1.296 131.753
14.814 -1.305 131.852
14.817 -1.314 131.952
14.821 -1.323 132.051
14.824 -1.332 132.151
14.827 -1.341 132.251
14.830 -1.350 132.350
14.834 -1.359 132.450
14.837 -1.368 132.549
14.840 -1.377 132.649
14.844 -1.386 132.748
14.847 -1.395 132.848
14.850 -1.404 132.947
14.854 -1.413 133.047
14.857 -1.422 133.146
14.860 -1.431 133.246
14.863 -1.440 133.345
14.867 -1.449 133.445
14.870 -1.458 133.545
14.873 -1.467 133.644
14.877 -1.476 133.744
14.880 -1.485 133.843
14.883 -1.494 133.943
14.886 -1.503 134.042
14.890 -1.512 134.142
14.893 -1.521 134.241
14.896 -1.530 134.341
14.900 -1.539 134.440
14.903 -1.548 134.540
14.906 -1.557 134.639
14.909 -1.566 134.739
14.913 -1.575 134.839
14.916 -1.584 134.938
14.919 -1.593 135.038
14.923 -1.602 135.137
14.926 -1.611 135.237
14.929 -1.620 135.336
14.932 -1.629 135.436
14.936 -1.638 135.535
14.939 -1.647 135.635
14.942 -1.656 135.734
14.946 -1.665 135.834
14.949 -1.674 135.933
14.952 -1.683 136.033
14.955 -1.692 136.133
14.959 -1.700 136.232
14.962 -1.709 136.332
14.965 -1.718 136.431
14.968 -1.727 136.531
14.972 -1.736 136.630
14.975 -1.745 136.730
14.978 -1.753 136.829
14.982 -1.762 136.929
14.985 -1.771 137.029
14.988 -1.780 137.128
14.991 -1.789 137.228
14.995 -1.798 137.327
14.998 -1.807 137.427
15.001 -1.815 137.526
15.004 -1.824 137.626
15.008 -1.833 137.725
15.011 -1.842 137.825
15.014 -1.851 137.925
15.017 -1.860 138.024
15.021 -1.868 138.124
15.024 -1.877 138.223
15.027 -1.886 138.323
15.031 -1.895 138.422
15.034 -1.903 138.522
15.037 -1.911 138.621
15.041 -1.919 138.721
15.044 -1.927 138.821
15.047 -1.935 138.920
15.051 -1.943 139.020
15.054 -1.951 139.120
15.057 -1.959 139.219
15.061 -1.967 139.319
15.064 -1.975 139.419
15.068 -1.983 139.518
15.071 -1.991 139.618
15.074 -1.999 139.717
15.078 -2.007 139.817
15.081 -2.015 139.917
15.084 -2.023 140.016
15.088 -2.031 140.116
15.091 -2.039 140.216
15.095 -2.047 140.315
15.098 -2.055 140.415
15.101 -2.063 140.514
15.105 -2.071 140.614
15.108 -2.079 140.714
15.111 -2.087 140.813
15.115 -2.095 140.913
15.118 -2.103 141.012
15.122 -2.110 141.112
15.125 -2.118 141.211
15.128 -2.126 141.308
15.128 -2.126 141.310
15.128 -2.126 141.311
15.128 -2.126 141.312
15.128 -2.126 141.313
15.128 -2.126 141.314
15.128 -2.126 141.315
15.128 -2.126 141.315
15.127 -2.126 141.316
15.127 -2.126 141.316
15.127 -2.125 141.316
15.126 -2.125 141.317
15.126 -2.124 141.316
15.126 -2.124 141.316
15.125 -2.123 141.316
15.125 -2.123 141.316
15.124 -2.122 141.315
15.123 -2.122 141.315
15.123 -2.121 141.314
15.122 -2.120 141.313
15.121 -2.119 141.312
15.119 -2.118 141.311
15.118 -2.116 141.310
15.117 -2.115 141.309
15.115 -2.113 141.307
15.113 -2.111 141.305
15.111 -2.109 141.303
15.108 -2.106 141.301
15.106 -2.103 141.298
15.103 -2.100 141.295
15.099 -2.097 141.292
15.096 -2.093 141.288
15.092 -2.088 141.284
15.087 -2.084 141.280
15.082 -2.078 141.275
15.076 -2.073 141.270
15.070 -2.066 141.264
15.063 -2.059 141.257
15.056 -2.051 141.250
15.048 -2.043 141.242
15.039 -2.033 141.233
15.029 -2.023 141.223
15.017 -2.011 141.212
15.005 -1.998 141.200
14.992 -1.984 141.187
14.977 -1.969 141.173
14.961 -1.952 141.157
14.943 -1.933 141.139
14.923 -1.912 141.120
14.901 -1.890 141.099
14.878 -1.865 141.075
14.851 -1.837 141.050
14.822 -1.807 141.021
14.790 -1.774 140.990
14.755 -1.737 140.956
14.717 -1.697 140.918
14.675 -1.653 140.877
14.628 -1.604 140.831
14.577 -1.550 140.781
14.520 -1.491 140.726
14.463 -1.431 140.670
14.406 -1.372 140.614
14.348 -1.312 140.558
14.291 -1.252 140.502
14.234 -1.192 140.446
14.177 -1.132 140.390
14.119 -1.072 140.334
14.062 -1.012 140.278
14.005 -0.952 140.223
13.948 -0.893 140.167
13.890 -0.833 140.111
13.833 -0.773 140.055
13.776 -0.713 139.999
13.720 -0.652 139.945
13.693 -0.622 139.921
13.664 -0.588 139.895
13.632 -0.550 139.867
13.597 -0.508 139.835
13.557 -0.462 139.801
13.514 -0.410 139.763
13.467 -0.354 139.721
13.414 -0.291 139.675
13.358 -0.225 139.625
13.302 -0.158 139.576
13.246 -0.092 139.527
13.190 -0.025 139.477
13.134 0.042 139.428
13.078 0.108 139.379
13.022 0.175 139.329
12.966 0.241 139.280
12.910 0.308 139.231
12.854 0.374 139.181
12.798 0.441 139.132
12.742 0.508 139.083
12.686 0.574 139.034
12.630 0.641 138.984
12.574 0.707 138.935
12.518 0.774 138.886
12.462 0.841 138.836
12.406 0.907 138.787
12.350 0.974 138.738
12.294 1.041 138.689
12.238 1.107 138.640
12.182 1.174 138.591
12.126 1.241 138.542
12.070 1.308 138.493
12.015 1.375 138.444
11.959 1.442 138.395
11.903 1.509 138.346
11.847 1.576 138.297
11.791 1.643 138.249
11.735 1.710 138.200
11.679 1.777 138.151
11.623 1.844 138.102
11.567 1.911 138.053
11.511 1.978 138.004
11.455 2.045 137.955
11.399 2.112 137.907
11.343 2.178 137.858
11.287 2.245 137.809
11.231 2.312 137.760
11.175 2.379 137.711
11.119 2.446 137.662
11.063 2.513 137.614
11.008 2.580 137.565
10.952 2.647 137.516
10.896 2.714 137.467
10.840 2.781 137.418
10.784 2.848 137.370
10.728 2.915 137.321
10.672 2.982 137.272
10.616 3.049 137.223
10.560 3.116 137.174
10.504 3.184 137.126
10.448 3.251 137.077
10.392 3.318 137.028
10.336 3.385 136.979
10.281 3.452 136.931
10.225 3.519 136.882
10.169 3.586 136.833
10.113 3.653 136.784
10.057 3.720 136.736
10.001 3.787 136.687
9.945 3.854 136.638
9.889 3.921 136.589
9.833 3.988 136.541
9.777 4.055 136.492
9.721 4.122 136.443
9.665 4.189 136.394
9.610 4.256 136.345
9.554 4.323 136.297
9.498 4.390 136.248
9.442 4.457 136.199
9.386 4.524 136.150
9.330 4.592 136.102
9.274 4.659 136.053
9.218 4.726 136.004
9.162 4.793 135.955
9.106 4.860 135.907
9.050 4.927 135.858
8.995 4.994 135.809
8.939 5.061 135.760
8.883 5.128 135.712
8.827 5.195 135.663
8.771 5.262 135.614
8.715 5.329 135.566
8.659 5.396 135.517
8.603 5.463 135.468
8.547 5.530 135.419
8.491 5.597 135.371
8.435 5.664 135.322
8.379 5.732 135.273
8.324 5.799 135.224
8.268 5.866 135.176
8.212 5.933 135.127
8.156 6.000 135.078
8.100 6.067 135.029
8.044 6.134 134.981
7.988 6.201 134.932
7.932 6.268 134.883
7.876 6.335 134.834
7.820 6.402 134.786
7.764 6.469 134.737
7.708 6.536 134.688
7.652 6.603 134.639
7.597 6.670 134.591
7.541 6.737 134.542
7.485 6.804 134.493
7.429 6.871 134.444
7.373 6.938 134.396
7.317 7.005 134.347
7.261 7.073 134.298
7.205 7.140 134.249
7.149 7.207 134.201
7.093 7.274 134.152
7.037 7.341 134.103
6.981 7.408 134.054
6.925 7.475 134.006
6.869 7.542 133.957
6.813 7.609 133.908
6.758 7.676 133.859
6.702 7.743 133.811
6.646 7.810 133.762
6.590 7.877 133.713
6.534 7.944 133.664
6.478 8.011 133.616
6.422 8.078 133.567
6.366 8.145 133.518
6.310 8.212 133.469
6.254 8.279 133.421
6.198 8.346 133.372
6.142 8.413 133.323
6.086 8.480 133.274
6.030 8.547 133.226
5.974 8.614 133.177
5.918 8.681 133.128
5.862 8.748 133.080
5.806 8.815 133.031
5.750 8.882 132.982
5.694 8.949 132.933
5.638 9.016 132.885
5.582 9.083 132.836
5.526 9.150 132.787
5.470 9.217 132.738
5.414 9.284 132.690
5.358 9.351 132.641
5.302 9.418 132.592
5.246 9.485 132.543
5.190 9.552 132.495
5.134 9.619 132.446
5.078 9.686 132.397
5.022 9.753 132.349
4.966 9.820 132.300
4.910 9.887 132.251
4.854 9.954 132.202
4.798 10.021 132.154
4.742 10.088 132.105
4.686 10.155 132.056
4.630 10.222 132.007
4.574 10.289 131.959
4.518 10.356 131.910
4.462 10.423 131.861
4.406 10.490 131.813
4.350 10.557 131.764
4.294 10.624 131.715
4.238 10.691 131.667
4.182 10.758 131.618
4.126 10.825 131.569
4.070 10.892 131.521
4.014 10.959 131.472
3.957 11.026 131.423
3.901 11.093 131.375
3.845 11.160 131.326
3.789 11.227 131.277
3.733 11.294 131.229
3.677 11.361 131.180
3.621 11.428 131.131
3.565 11.495 131.083
3.509 11.562 131.034
3.453 11.629 130.985
3.397 11.696 130.937
3.340 11.763 130.888
3.284 11.830 130.839
3.228 11.897 130.791
3.172 11.964 130.742
3.116 12.031 130.693
3.060 12.098 130.645
3.004 12.164 130.596
2.948 12.231 130.547
2.892 12.298 130.499
2.836 12.365 130.450
2.779 12.432 130.401
2.723 12.499 130.353
2.667 12.566 130.304
2.611 12.633 130.255
2.555 12.700 130.207
2.499 12.767 130.158
2.443 12.834 130.110
2.387 12.901 130.061
2.330 12.968 130.012
2.274 13.035 129.964
2.218 13.102 129.915
2.162 13.169 129.866
2.106 13.236 129.818
2.050 13.303 129.769
1.994 13.370 129.721
1.937 13.437 129.672
1.881 13.504 129.623
1.825 13.571 129.575
1.769 13.638 129.526
1.713 13.705 129.477
1.657 13.772 129.429
1.601 13.839 129.380
1.545 13.906 129.332
1.488 13.973 129.283
1.432 14.040 129.234
1.376 14.107 129.186
1.320 14.174 129.137
1.264 14.240 129.089
1.208 14.307 129.040
1.152 14.374 128.991
1.095 14.441 128.943
1.039 14.508 128.894
0.983 14.575 128.845
0.927 14.642 128.797
0.871 14.709 128.748
0.815 14.776 128.700
0.759 14.843 128.651
0.702 14.910 128.602
0.646 14.977 128.554
0.590 15.044 128.505
0.534 15.111 128.456
0.478 15.178 128.408
0.422 15.245 128.359
0.366 15.312 128.311
0.309 15.379 128.262
0.253 15.446 128.213
0.197 15.513 128.165
0.141 15.580 128.116
0.085 15.647 128.067
0.029 15.714 128.019
-0.027 15.781 127.970
-0.083 15.847 127.921
-0.140 15.914 127.873
-0.196 15.981 127.824
-0.252 16.048 127.776
-0.308 16.115 127.727
-0.364 16.182 127.678
-0.420 16.249 127.630
-0.476 16.316 127.581
-0.532 16.383 127.532
-0.589 16.450 127.483
-0.645 16.517 127.435
-0.701 16.584 127.386
-0.757 16.651 127.337
-0.813 16.718 127.289
-0.869 16.785 127.240
-0.925 16.852 127.191
-0.981 16.918 127.143
-1.037 16.985 127.094
-1.094 17.052 127.045
-1.150 17.119 126.996
-1.206 17.186 126.948
-1.262 17.253 126.899
-1.318 17.320 126.850
-1.374 17.387 126.802
-1.430 17.454 126.753
-1.486 17.521 126.704
-1.542 17.588 126.656
-1.598 17.655 126.607
-1.655 17.722 126.558
-1.711 17.789 126.509
-1.767 17.855 126.461
-1.823 17.922 126.412
-1.879 17.989 126.363
-1.935 18.056 126.314
-1.991 18.123 126.265
-2.047 18.190 126.216
-2.103 18.257 126.168
-2.159 18.324 126.119
-2.215 18.391 126.070
-2.271 18.458 126.021
-2.327 18.525 125.972
-2.383 18.592 125.923
-2.439 18.659 125.875
-2.495 18.725 125.826
-2.551 18.792 125.777
-2.607 18.859 125.728
-2.663 18.926 125.679
-2.719 18.993 125.630
-2.775 19.060 125.581
-2.831 19.127 125.533
-2.887 19.194 125.484
-2.943 19.261 125.435
-2.998 19.328 125.386
-3.054 19.395 125.337
-3.110 19.462 125.288
-3.166 19.529 125.239
-3.222 19.596 125.190
-3.278 19.663 125.141
-3.333 19.730 125.092
-3.389 19.797 125.043
-3.445 19.864 124.994
-3.500 19.931 124.945
-3.556 19.998 124.896
-3.612 20.065 124.847
-3.667 20.132 124.798
-3.723 20.199 124.748
-3.779 20.266 124.699
-3.834 20.333 124.650
-3.890 20.400 124.601
-3.946 20.467 124.552
-4.001 20.534 124.503
-4.057 20.601 124.454
-4.113 20.668 124.405
-4.168 20.735 124.356
-4.224 20.802 124.307
-4.280 20.869 124.258
-4.335 20.936 124.209
-4.391 21.003 124.159
-4.447 21.070 124.110
-4.502 21.137 124.061
-4.558 21.204 124.012
-4.613 21.271 123.963
-4.669 21.338 123.914
-4.725 21.405 123.865
-4.780 21.473 123.816
-4.836 21.540 123.767
-4.891 21.607 123.717
-4.947 21.674 123.668
-5.002 21.741 123.619
-5.058 21.808 123.570
-5.113 21.875 123.521
-5.169 21.942 123.472
-5.224 22.009 123.423
-5.280 22.077 123.374
-5.335 22.144 123.325
-5.391 22.211 123.276
-5.446 22.278 123.226
-5.502 22.345 123.177
-5.558 22.412 123.128
-5.613 22.479 123.079
-5.669 22.546 123.030
-5.724 22.613 122.981
-5.780 22.681 122.932
-5.835 22.748 122.883
-5.891 22.815 122.834
-5.946 22.882 122.784
-6.002 22.949 122.735
-6.057 23.016 122.686
-6.113 23.084 122.637
-6.168 23.151 122.588
-6.223 23.218 122.539
-6.279 23.285 122.490
-6.334 23.352 122.441
-6.390 23.420 122.392
-6.445 23.487 122.343
-6.501 23.554 122.294
-6.556 23.621 122.245
-6.612 23.688 122.195
-6.667 23.756 122.146
-6.723 23.823 122.097
-6.778 23.890 122.048
-6.833 23.957 121.999
-6.889 24.024 121.950
-6.944 24.092 121.901
-7.000 24.159 121.852
-7.055 24.226 121.803
-7.111 24.293 121.754
-7.166 24.360 121.705
-7.222 24.428 121.656
-7.277 24.495 121.607
-7.332 24.562 121.557
-7.388 24.629 121.508
-7.443 24.696 121.459
-7.499 24.764 121.410
-7.554 24.831 121.361
-7.610 24.898 121.312
-7.665 24.965 121.263
-7.721 25.033 121.214
-7.776 25.100 121.165
-7.831 25.167 121.116
-7.887 25.234 121.067
-7.942 25.301 121.018
-7.998 25.369 120.969
-8.053 25.436 120.920
-8.109 25.503 120.871
-8.164 25.570 120.821
-8.219 25.638 120.772
-8.275 25.705 120.723
-8.330 25.772 120.674
-8.386 25.839 120.625
-8.441 25.906 120.576
-8.497 25.974 120.527
-8.552 26.041 120.478
-8.607 26.108 120.429
-8.663 26.175 120.380
-8.718 26.242 120.331
-8.774 26.310 120.282
-8.829 26.377 120.233
-8.885 26.444 120.184
-8.940 26.511 120.134
-8.996 26.579 120.085
-9.051 26.646 120.036
-9.106 26.713 119.987
-9.162 26.780 119.938
-9.217 26.847 119.889
-9.273 26.915 119.840
-9.328 26.982 119.791
-9.384 27.049 119.742
-9.439 27.116 119.693
-9.494 27.184 119.644
-9.550 27.251 119.595
-9.605 27.318 119.546
-9.661 27.385 119.496
-9.716 27.452 119.447
-9.772 27.519 119.398
-9.827 27.587 119.349
-9.883 27.654 119.300
-9.938 27.721 119.251
-9.994 27.788 119.202
-10.049 27.855 119.153
-10.105 27.922 119.104
-10.160 27.990 119.054
-10.216 28.057 119.005
-10.271 28.124 118.956
-10.326 28.191 118.907
-10.382 28.258 118.858
-10.437 28.325 118.809
-10.493 28.392 118.760
-10.548 28.460 118.711
-10.604 28.527 118.661
-10.659 28.594 118.612
-10.715 28.661 118.563
-10.770 28.728 118.514
-10.826 28.795 118.465
-10.881 28.862 118.416
-10.937 28.929 118.367
-10.992 28.997 118.318
-11.048 29.064 118.268
-11.104 29.131 118.219
-11.159 29.198 118.170
-11.215 29.265 118.121
-11.270 29.332 118.072
-11.326 29.398 118.022
-11.382 29.465 117.973
-11.437 29.532 117.924
-11.493 29.599 117.875
-11.549 29.666 117.826
-11.604 29.733 117.776
-11.660 29.800 117.727
-11.716 29.867 117.678
-11.771 29.934 117.629
-11.827 30.001 117.579
-11.883 30.068 117.530
-11.938 30.135 117.481
-11.994 30.202 117.432
-12.050 30.269 117.383
-12.105 30.336 117.333
-12.161 30.402 117.284
-12.217 30.469 117.235
-12.272 30.536 117.186
-12.328 30.603 117.137
-12.384 30.670 117.088
-12.441 30.736 117.039
-12.498 30.803 116.991
-12.556 30.869 116.943
-12.613 30.935 116.895
-12.671 31.001 116.847
-12.728 31.067 116.799
-12.786 31.134 116.751
-12.843 31.200 116.702
-12.901 31.266 116.654
-12.958 31.332 116.606
-13.016 31.398 116.558
-13.074 31.464 116.510
-13.131 31.531 116.462
-13.189 31.597 116.414
-13.246 31.663 116.366
-13.304 31.729 116.318
-13.361 31.795 116.270
-13.419 31.861 116.222
-13.477 31.928 116.174
-13.534 31.994 116.126
-13.592 32.060 116.078
-13.649 32.126 116.030
-13.707 32.192 115.982
-13.764 32.258 115.934
-13.822 32.325 115.886
-13.880 32.391 115.838
-13.938 32.457 115.791
-13.995 32.523 115.743
-14.053 32.590 115.695
-14.111 32.656 115.648
-14.169 32.722 115.600
-14.227 32.789 115.553
-14.285 32.855 115.506
-14.343 32.921 115.458
-14.401 32.987 115.411
-14.459 33.054 115.363
-14.516 33.120 115.316
-14.574 33.186 115.268
-14.632 33.253 115.221
-14.690 33.319 115.174
-14.748 33.385 115.126
-14.806 33.452 115.079
-14.864 33.518 115.031
-14.922 33.584 114.984
-14.980 33.651 114.937
-15.038 33.717 114.889
-15.096 33.783 114.842
-15.154 33.850 114.795
-15.211 33.916 114.747
-15.269 33.982 114.700
-15.327 34.049 114.653
-15.385 34.115 114.605
-15.443 34.181 114.558
-15.501 34.248 114.511
-15.559 34.314 114.463
-15.617 34.381 114.416
-15.675 34.447 114.369
-15.733 34.513 114.321
-15.791 34.580 114.274
-15.849 34.646 114.227
-15.907 34.712 114.180
-15.965 34.779 114.132
-16.023 34.845 114.085
-16.081 34.912 114.038
-16.139 34.978 113.991
-16.197 35.044 113.943
-16.254 35.111 113.896
-16.312 35.177 113.849
-16.370 35.244 113.801
-16.428 35.310 113.754
-16.486 35.376 113.707
-16.544 35.443 113.660
-16.602 35.509 113.612
-16.660 35.575 113.565
-16.718 35.642 113.518
-16.776 35.708 113.471
-16.834 35.775 113.423
-16.892 35.841 113.376
-16.950 35.907 113.329
-17.008 35.974 113.282
-17.066 36.040 113.234
-17.124 36.107 113.187
-17.182 36.173 113.140
-17.240 36.240 113.093
-17.298 36.306 113.045
-17.356 36.372 112.998
-17.413 36.439 112.951
-17.471 36.505 112.904
-17.529 36.572 112.857
-17.587 36.638 112.809
-17.645 36.704 112.762
-17.703 36.771 112.715
-17.761 36.837 112.668
-17.819 36.904 112.620
-17.877 36.970 112.573
-17.935 37.036 112.526
-17.993 37.103 112.479
-18.051 37.169 112.431
-18.109 37.236 112.384
-18.167 37.302 112.337
-18.225 37.368 112.290
-18.283 37.435 112.242
-18.341 37.501 112.195
-18.399 37.568 112.148
-18.457 37.634 112.101
-18.514 37.700 112.053
-18.572 37.767 112.006
-18.630 37.833 111.959
-18.688 37.900 111.912
-18.746 37.966 111.864
-18.804 38.033 111.817
-18.862 38.099 111.770
-18.920 38.165 111.723
-18.978 38.232 111.675
-19.036 38.298 111.628
-19.094 38.365 111.581
-19.152 38.431 111.534
-19.210 38.497 111.486
-19.268 38.564 111.439
-19.325 38.630 111.392
-19.383 38.697 111.344
-19.441 38.763 111.297
-19.499 38.829 111.250
-19.557 38.896 111.203
-19.615 38.962 111.155
-19.673 39.029 111.108
-19.731 39.095 111.061
-19.789 39.162 111.014
-19.847 39.228 110.966
-19.905 39.294 110.919
-19.963 39.361 110.872
-20.020 39.427 110.824
-20.078 39.494 110.777
-20.136 39.560 110.730
-20.194 39.626 110.683
-20.252 39.693 110.635
-20.310 39.759 110.588
-20.368 39.826 110.541
-20.426 39.892 110.493
-20.483 39.959 110.446
-20.541 40.025 110.399
-20.599 40.091 110.351
-20.657 40.158 110.304
-20.715 40.224 110.257
-20.773 40.291 110.209
-20.830 40.357 110.162
-20.888 40.424 110.115
-20.946 40.490 110.067
-21.004 40.556 110.020
-21.062 40.623 109.973
-21.120 40.689 109.925
-21.177 40.756 109.878
-21.235 40.822 109.831
-21.293 40.889 109.783
-21.351 40.955 109.736
-21.409 41.021 109.689
-21.467 41.088 109.641
-21.524 41.154 109.594
-21.582 41.221 109.546
-21.640 41.287 109.499
-21.698 41.354 109.452
-21.756 41.420 109.404
-21.813 41.487 109.357
-21.871 41.553 109.310
-21.929 41.620 109.262
-21.986 41.686 109.215
-22.044 41.753 109.168
-22.102 41.819 109.120
-22.160 41.886 109.073
-22.217 41.952 109.025
-22.275 42.019 108.978
-22.333 42.085 108.931
-22.391 42.152 108.883
-22.448 42.218 108.836
-22.506 42.285 108.788
-22.564 42.351 108.741
-22.621 42.418 108.694
-22.679 42.484 108.646
-22.737 42.551 108.599
-22.795 42.617 108.552
-22.852 42.684 108.504
-22.910 42.750 108.457
-22.968 42.817 108.409
-23.025 42.883 108.362
-23.083 42.950 108.315
-23.141 43.016 108.267
-23.198 43.083 108.220
-23.256 43.150 108.173
-23.314 43.216 108.125
-23.371 43.283 108.078
-23.429 43.349 108.030
-23.487 43.416 107.983
-23.544 43.482 107.936
-23.602 43.549 107.888
-23.660 43.616 107.841
-23.717 43.682 107.793
-23.775 43.749 107.746
-23.832 43.815 107.699
-23.890 43.882 107.651
-23.948 43.948 107.604
-24.005 44.015 107.557
-24.063 44.082 107.509
-24.121 44.148 107.462
-24.178 44.215 107.414
-24.236 44.281 107.367
-24.294 44.348 107.320
-24.351 44.414 107.272
-24.409 44.481 107.225
-24.466 44.548 107.177
-24.524 44.614 107.130
-24.582 44.681 107.083
-24.639 44.747 107.035
-24.697 44.814 106.988
-24.755 44.881 106.941
-24.812 44.947 106.893
-24.870 45.014 106.846
-24.927 45.080 106.798
-24.985 45.147 106.751
-25.043 45.214 106.704
-25.100 45.280 106.656
-25.158 45.347 106.609
-25.215 45.413 106.561
-25.273 45.480 106.514
-25.331 45.547 106.467
-25.388 45.613 106.419
-25.446 45.680 106.372
-25.504 45.746 106.325
-25.561 45.813 106.277
-25.619 45.879 106.230
-25.676 45.946 106.182
-25.734 46.013 106.135
-25.792 46.079 106.088
-25.849 46.146 106.040
-25.907 46.212 105.993
-25.965 46.279 105.945
-26.022 46.346 105.898
-26.080 46.412 105.851
-26.137 46.479 105.803
-26.195 46.545 105.756
-26.253 46.612 105.708
-26.310 46.678 105.661
-26.368 46.745 105.614
-26.426 46.812 105.566
-26.483 46.878 105.519
-26.541 46.945 105.471
-26.598 47.011 105.424
-26.656 47.078 105.377
-26.714 47.144 105.329
-26.771 47.211 105.282
-26.829 47.278 105.234
-26.887 47.344 105.187
-26.944 47.411 105.140
-27.002 47.477 105.092
-27.059 47.544 105.045
-27.117 47.610 104.997
-27.175 47.677 104.950
-27.232 47.743 104.903
-27.290 47.810 104.855
-27.348 47.876 104.808
-27.405 47.943 104.760
-27.463 48.010 104.713
-27.521 48.076 104.665
-27.578 48.143 104.618
-27.636 48.209 104.571
-27.694 48.276 104.523
-27.751 48.342 104.476
-27.809 48.409 104.428
-27.867 48.475 104.381
-27.924 48.542 104.333
-27.982 48.608 104.286
-28.040 48.675 104.239
-28.097 48.741 104.191
-28.155 48.808 104.144
-28.213 48.874 104.096
-28.270 48.941 104.049
-28.328 49.007 104.001
-28.386 49.074 103.954
-28.444 49.140 103.907
-28.501 49.207 103.859
-28.559 49.273 103.812
-28.617 49.340 103.764
-28.675 49.406 103.717
-28.732 49.472 103.669
-28.790 49.539 103.622
-28.848 49.605 103.575
-28.906 49.671 103.527
-28.964 49.738 103.480
-29.022 49.804 103.432
-29.079 49.871 103.385
-29.137 49.937 103.337
-29.195 50.003 103.290
-29.253 50.070 103.242
-29.311 50.136 103.195
-29.369 50.202 103.148
-29.426 50.269 103.100
-29.484 50.335 103.053
-29.542 50.402 103.005
-29.600 50.468 102.958
-29.658 50.534 102.910
-29.716 50.601 102.863
-29.774 50.667 102.816
-29.832 50.733 102.768
-29.890 50.799 102.721
-29.948 50.866 102.674
-30.006 50.932 102.626
-30.064 50.998 102.579
-30.122 51.064 102.532
-30.180 51.130 102.484
-30.239 51.197 102.437
-30.297 51.263 102.390
-30.355 51.329 102.343
-30.413 51.395 102.295
-30.471 51.461 102.248
-30.529 51.527 102.201
-30.588 51.594 102.154
-30.646 51.660 102.106
-30.704 51.726 102.059
-30.762 51.792 102.012
-30.820 51.858 101.964
-30.879 51.924 101.917
-30.937 51.991 101.870
-30.995 52.057 101.823
-31.053 52.123 101.775
-31.111 52.189 101.728
-31.170 52.255 101.681
-31.228 52.321 101.634
-31.286 52.388 101.587
-31.344 52.454 101.539
-31.403 52.520 101.492
-31.461 52.586 101.445
-31.519 52.652 101.398
-31.578 52.718 101.351
-31.636 52.785 101.304
-31.694 52.851 101.257
-31.753 52.917 101.209
-31.811 52.983 101.162
-31.870 53.049 101.115
-31.928 53.115 101.068
-31.986 53.181 101.021
-32.045 53.248 100.974
-32.103 53.314 100.927
-32.161 53.380 100.880
-32.220 53.446 100.833
-32.278 53.512 100.786
-32.336 53.578 100.738
-32.395 53.644 100.691
-32.453 53.711 100.644
-32.512 53.777 100.597
-32.570 53.843 100.550
-32.628 53.909 100.503
-32.687 53.975 100.456
-32.745 54.041 100.409
-32.803 54.107 100.362
-32.862 54.174 100.315
-32.920 54.240 100.268
-32.979 54.306 100.221
-33.037 54.372 100.174
-33.095 54.438 100.127
-33.154 54.504 100.080
-33.212 54.571 100.033
-33.271 54.637 99.986
-33.329 54.703 99.938
-33.387 54.769 99.891
-33.446 54.835 99.844
-33.504 54.901 99.797
-33.563 54.967 99.750
-33.621 55.034 99.703
-33.679 55.100 99.656
-33.738 55.166 99.609
-33.796 55.232 99.562
-33.855 55.298 99.515
-33.913 55.364 99.468
-33.972 55.431 99.421
-34.030 55.497 99.374
-34.088 55.563 99.327
-34.147 55.629 99.280
-34.205 55.695 99.233
-34.264 55.761 99.186
-34.322 55.827 99.139
-34.380 55.894 99.092
-34.439 55.960 99.045
-34.497 56.026 98.998
-34.556 56.092 98.951
-34.614 56.158 98.904
-34.672 56.224 98.857
-34.731 56.291 98.810
-34.789 56.357 98.763
-34.848 56.423 98.716
-34.906 56.489 98.669
-34.964 56.555 98.622
-35.023 56.621 98.575
-35.081 56.687 98.528
-35.140 56.754 98.480
-35.198 56.820 98.433
-35.256 56.886 98.386
-35.315 56.952 98.339
-35.373 57.018 98.292
-35.432 57.084 98.245
-35.490 57.150 98.198
-35.548 57.217 98.151
-35.607 57.283 98.104
-35.665 57.349 98.057
-35.724 57.415 98.010
-35.782 57.481 97.963
-35.840 57.547 97.916
-35.899 57.614 97.869
-35.957 57.680 97.822
-36.015 57.746 97.775
-36.074 57.812 97.728
-36.132 57.878 97.680
-36.191 57.944 97.633
-36.249 58.010 97.586
-36.307 58.076 97.539
-36.366 58.143 97.492
-36.424 58.209 97.445
-36.482 58.275 97.398
-36.541 58.341 97.350
-36.599 58.407 97.303
-36.657 58.473 97.256
-36.716 58.539 97.209
-36.774 58.606 97.162
-36.832 58.672 97.115
-36.891 58.738 97.067
-36.949 58.804 97.020
-37.007 58.870 96.973
-37.065 58.936 96.926
-37.124 59.002 96.879
-37.182 59.068 96.832
-37.240 59.135 96.784
-37.299 59.201 96.737
-37.357 59.267 96.690
-37.415 59.333 96.643
-37.474 59.399 96.596
-37.532 59.465 96.548
-37.590 59.531 96.501
-37.648 59.597 96.454
-37.706 59.664 96.406
-37.765 59.730 96.359
-37.823 59.796 96.312
-37.881 59.862 96.264
-37.939 59.928 96.217
-37.997 59.994 96.169
-38.055 60.060 96.122
-38.113 60.127 96.074
-38.171 60.193 96.026
-38.229 60.259 95.979
-38.287 60.325 95.931
-38.345 60.391 95.884
-38.403 60.457 95.836
-38.461 60.523 95.789
-38.519 60.589 95.741
-38.577 60.656 95.694
-38.635 60.722 95.646
-38.693 60.788 95.599
-38.751 60.854 95.551
-38.809 60.920 95.504
-38.867 60.986 95.456
-38.925 61.052 95.409
-38.983 61.118 95.361
-39.041 61.185 95.314
-39.099 61.251 95.266
-39.157 61.317 95.218
-39.214 61.383 95.170
-39.272 61.450 95.122
-39.329 61.516 95.075
-39.387 61.583 95.027
-39.444 61.649 94.979
-39.502 61.715 94.931
-39.559 61.782 94.883
-39.617 61.848 94.835
-39.674 61.914 94.787
-39.731 61.981 94.739
-39.789 62.047 94.691
-39.846 62.114 94.643
-39.904 62.180 94.595
-39.961 62.246 94.547
-40.018 62.313 94.500
-40.076 62.379 94.452
-40.133 62.446 94.404
-40.191 62.512 94.356
-40.248 62.578 94.308
-40.305 62.645 94.260
-40.363 62.711 94.212
-40.420 62.778 94.164
-40.477 62.844 94.116
-40.535 62.911 94.068
-40.592 62.977 94.021
-40.649 63.044 93.973
-40.706 63.111 93.925
-40.764 63.177 93.877
-40.821 63.244 93.829
-40.878 63.310 93.781
-40.935 63.377 93.734
-40.992 63.444 93.686
-41.050 63.510 93.638
-41.107 63.577 93.590
-41.164 63.644 93.542
-41.221 63.710 93.494
-41.278 63.777 93.447
-41.336 63.844 93.399
-41.393 63.910 93.351
-41.450 63.977 93.303
-41.507 64.043 93.255
-41.564 64.110 93.207
-41.621 64.177 93.160
-41.679 64.243 93.112
-41.736 64.310 93.064
-41.793 64.377 93.016
-41.850 64.443 92.968
-41.907 64.510 92.920
-41.965 64.577 92.873
-42.022 64.643 92.825
-42.079 64.710 92.777
-42.136 64.777 92.729
-42.193 64.843 92.681
-42.250 64.910 92.634
-42.308 64.977 92.586
-42.365 65.043 92.538
-42.422 65.110 92.490
-42.479 65.177 92.442
-42.536 65.244 92.395
-42.593 65.310 92.347
-42.650 65.377 92.299
-42.708 65.444 92.251
-42.765 65.510 92.203
-42.822 65.577 92.156
-42.879 65.644 92.108
-42.936 65.710 92.060
-42.993 65.777 92.012
-43.051 65.844 91.964
-43.108 65.910 91.917
-43.165 65.977 91.869
-43.222 66.044 91.821
-43.279 66.110 91.773
-43.336 66.177 91.725
-43.393 66.244 91.677
-43.451 66.311 91.630
-43.508 66.377 91.582
-43.565 66.444 91.534
-43.622 66.511 91.486
-43.679 66.577 91.438
-43.736 66.644 91.391
-43.794 66.711 91.343
-43.851 66.777 91.295
-43.908 66.844 91.247
-43.965 66.911 91.199
-44.022 66.977 91.152
-44.079 67.044 91.104
-44.136 67.111 91.056
-44.194 67.178 91.008
-44.251 67.244 90.960
-44.308 67.311 90.913
-44.365 67.378 90.865
-44.422 67.444 90.817
-44.479 67.511 90.769
-44.537 67.578 90.721
-44.594 67.644 90.674
-44.651 67.711 90.626
-44.708 67.778 90.578
-44.765 67.844 90.530
-44.823 67.911 90.482
-44.880 67.978 90.435
-44.937 68.044 90.387
-44.994 68.111 90.339
-45.051 68.178 90.291
-45.108 68.244 90.243
-45.166 68.311 90.196
-45.223 68.378 90.148
-45.280 68.444 90.100
-45.337 68.511 90.052
-45.394 68.578 90.004
-45.452 68.644 89.957
-45.509 68.711 89.909
-45.566 68.778 89.861
-45.623 68.844 89.813
-45.680 68.911 89.765
-45.737 68.978 89.718
-45.795 69.044 89.670
-45.852 69.111 89.622
-45.909 69.178 89.574
-45.966 69.244 89.526
-46.024 69.311 89.478
-46.081 69.377 89.431
-46.138 69.444 89.383
-46.195 69.511 89.335
-46.252 69.577 89.287
-46.310 69.644 89.239
-46.367 69.710 89.192
-46.424 69.777 89.144
-46.481 69.844 89.096
-46.539 69.910 89.048
-46.596 69.977 89.000
-46.653 70.044 88.952
-46.710 70.110 88.905
-46.768 70.177 88.857
-46.825 70.243 88.809
-46.882 70.310 88.761
-46.939 70.377 88.713
-46.997 70.443 88.666
-47.054 70.510 88.618
-47.111 70.576 88.570
-47.168 70.643 88.522
-47.226 70.709 88.474
-47.283 70.776 88.427
-47.340 70.843 88.379
-47.398 70.909 88.331
-47.455 70.976 88.283
-47.512 71.042 88.235
-47.570 71.109 88.188
-47.627 71.175 88.140
-47.684 71.242 88.092
-47.742 71.308 88.044
-47.799 71.375 87.997
-47.857 71.441 87.949
-47.914 71.508 87.901
-47.971 71.574 87.853
-48.029 71.641 87.805
-48.086 71.708 87.758
-48.143 71.774 87.710
-48.201 71.841 87.662
-48.258 71.907 87.614
-48.316 71.974 87.567
-48.373 72.040 87.519
-48.430 72.107 87.471
-48.488 72.173 87.423
-48.545 72.240 87.376
-48.602 72.306 87.328
-48.660 72.373 87.280
-48.717 72.439 87.232
-48.775 72.506 87.185
-48.832 72.572 87.137
-48.890 72.639 87.089
-48.947 72.705 87.041
-49.004 72.772 86.994
-49.062 72.838 86.946
-49.119 72.905 86.898
-49.177 72.971 86.851
-49.234 73.038 86.803
-49.292 73.104 86.755
-49.349 73.171 86.707
-49.406 73.238 86.660
-49.464 73.304 86.612
-49.521 73.371 86.564
-49.579 73.437 86.517
-49.636 73.504 86.469
-49.694 73.570 86.421
-49.751 73.637 86.374
-49.809 73.703 86.326
-49.866 73.770 86.278
-49.923 73.836 86.230
-49.981 73.903 86.183
-50.038 73.969 86.135
-50.096 74.036 86.087
-50.153 74.102 86.040
-50.211 74.169 85.992
-50.268 74.235 85.944
-50.326 74.302 85.897
-50.383 74.368 85.849
-50.441 74.435 85.801
-50.498 74.501 85.754
-50.556 74.568 85.706
-50.613 74.634 85.658
-50.670 74.701 85.611
-50.728 74.767 85.563
-50.785 74.834 85.515
-50.843 74.900 85.468
-50.900 74.967 85.420
-50.958 75.034 85.372
-51.015 75.100 85.325
-51.073 75.167 85.277
-51.130 75.233 85.229
-51.188 75.300 85.182
-51.245 75.366 85.134
-51.303 75.433 85.086
-51.360 75.499 85.039
-51.418 75.566 84.991
-51.475 75.632 84.944
-51.533 75.699 84.896
-51.590 75.765 84.848
-51.648 75.832 84.801
-51.705 75.898 84.753
-51.762 75.965 84.705
-51.820 76.031 84.658
-51.877 76.098 84.610
-51.935 76.164 84.562
-51.992 76.231 84.515
-52.050 76.297 84.467
-52.107 76.364 84.419
-52.165 76.430 84.372
-52.222 76.497 84.324
-52.280 76.564 84.276
-52.337 76.630 84.229
-52.395 76.697 84.181
-52.452 76.763 84.133
-52.510 76.830 84.086
-52.567 76.896 84.038
-52.625 76.963 83.990
-52.682 77.029 83.943
-52.740 77.096 83.895
-52.797 77.162 83.847
-52.855 77.229 83.800
-52.912 77.295 83.752
-52.969 77.362 83.704
-53.027 77.428 83.657
-53.084 77.495 83.609
-53.142 77.561 83.561
-53.199 77.628 83.514
-53.257 77.694 83.466
-53.314 77.761 83.418
-53.372 77.827 83.371
-53.429 77.894 83.323
-53.487 77.960 83.275
-53.544 78.027 83.228
-53.602 78.093 83.180
-53.659 78.160 83.132
-53.717 78.226 83.084
-53.774 78.293 83.037
-53.831 78.359 82.989
-53.889 78.426 82.941
-53.946 78.492 82.893
-54.004 78.559 82.846
-54.061 78.625 82.798
-54.119 78.692 82.750
-54.176 78.758 82.702
-54.234 78.825 82.655
-54.291 78.891 82.607
-54.348 78.958 82.559
-54.406 79.024 82.511
-54.463 79.090 82.464
-54.521 79.157 82.416
-54.578 79.223 82.368
-54.636 79.290 82.320
-54.693 79.356 82.273
-54.751 79.423 82.225
-54.808 79.489 82.177
-54.865 79.556 82.129
-54.923 79.622 82.081
-54.980 79.689 82.034
-55.037 79.755 81.986
-55.095 79.822 81.938
-55.152 79.888 81.890
-55.209 79.955 81.842
-55.266 80.021 81.794
-55.324 80.088 81.746
-55.381 80.154 81.698
-55.438 80.221 81.650
-55.495 80.287 81.602
-55.553 80.354 81.554
-55.610 80.420 81.506
-55.667 80.487 81.458
-55.724 80.553 81.410
-55.781 80.620 81.362
-55.839 80.686 81.314
-55.896 80.753 81.266
-55.953 80.819 81.218
-56.010 80.886 81.170
-56.067 80.953 81.122
-56.125 81.019 81.074
-56.182 81.086 81.026
-56.239 81.152 80.978
-56.296 81.219 80.930
-56.352 81.286 80.882
-56.409 81.352 80.834
-56.466 81.419 80.786
-56.522 81.486 80.737
-56.579 81.553 80.689
-56.636 81.620 80.641
-56.692 81.687 80.592
-56.749 81.753 80.544
-56.805 81.820 80.496
-56.862 81.887 80.448
-56.918 81.954 80.399
-56.975 82.021 80.351
-57.031 82.088 80.303
-57.088 82.155 80.254
-57.145 82.221 80.206
-57.201 82.288 80.158
-57.258 82.355 80.110
-57.314 82.422 80.061
-57.371 82.489 80.013
-57.427 82.556 79.965
-57.484 82.623 79.916
-57.540 82.689 79.868
-57.597 82.756 79.820
-57.653 82.823 79.772
-57.710 82.890 79.723
-57.766 82.957 79.675
-57.823 83.024 79.627
-57.879 83.091 79.578
-57.936 83.158 79.530
-57.992 83.225 79.482
-58.048 83.292 79.434
-58.105 83.359 79.385
-58.161 83.426 79.337
-58.218 83.493 79.289
-58.274 83.560 79.240
-58.330 83.627 79.192
-58.387 83.694 79.144
-58.443 83.761 79.096
-58.500 83.828 79.047
-58.556 83.895 78.999
-58.612 83.962 78.951
-58.669 84.029 78.902
-58.725 84.096 78.854
-58.782 84.163 78.806
-58.838 84.230 78.758
-58.894 84.297 78.709
-58.951 84.364 78.661
-59.007 84.431 78.613
-59.064 84.498 78.565
-59.120 84.565 78.516
-59.176 84.632 78.468
-59.233 84.699 78.420
-59.289 84.766 78.372
-59.345 84.833 78.323
-59.402 84.900 78.275
-59.458 84.967 78.227
-59.514 85.034 78.179
-59.571 85.101 78.130
-59.627 85.168 78.082
-59.684 85.235 78.034
-59.740 85.303 77.986
-59.796 85.370 77.937
-59.853 85.437 77.889
-59.909 85.504 77.841
-59.965 85.571 77.793
-60.022 85.638 77.744
-60.078 85.705 77.696
-60.134 85.772 77.648
-60.191 85.839 77.600
-60.247 85.906 77.552
-60.303 85.973 77.503
-60.360 86.040 77.455
-60.416 86.107 77.407
-60.472 86.174 77.359
-60.529 86.241 77.310
-60.585 86.309 77.262
-60.641 86.376 77.214
-60.698 86.443 77.166
-60.754 86.510 77.118
-60.810 86.577 77.069
-60.867 86.644 77.021
-60.923 86.711 76.973
-60.979 86.778 76.925
-61.036 86.845 76.876
-61.092 86.912 76.828
-61.148 86.979 76.780
-61.205 87.046 76.732
-61.261 87.114 76.684
-61.318 87.181 76.635
-61.374 87.248 76.587
-61.430 87.315 76.539
-61.487 87.382 76.491
-61.543 87.449 76.442
-61.599 87.516 76.394
-61.656 87.583 76.346
-61.712 87.650 76.298
-61.768 87.717 76.249
-61.825 87.784 76.201
-61.881 87.851 76.153
-61.937 87.918 76.105
-61.994 87.985 76.057
-62.050 88.052 76.008
-62.107 88.119 75.960
-62.163 88.186 75.912
-62.219 88.254 75.864
-62.276 88.321 75.815
-62.332 88.388 75.767
-62.388 88.455 75.719
-62.445 88.522 75.671
-62.501 88.589 75.622
-62.557 88.656 75.574
-62.614 88.723 75.526
-62.670 88.790 75.478
-62.727 88.857 75.429
-62.783 88.924 75.381
-62.839 88.991 75.333
-62.896 89.058 75.285
-62.952 89.125 75.236
-63.009 89.192 75.188
-63.065 89.259 75.140
-63.122 89.326 75.092
-63.178 89.393 75.043
-63.234 89.460 74.995
-63.291 89.527 74.947
-63.347 89.594 74.899
-63.404 89.661 74.850
-63.460 89.728 74.802
-63.517 89.795 74.754
-63.573 89.862 74.705
-63.630 89.928 74.657
-63.686 89.995 74.609
-63.742 90.062 74.561
-63.799 90.129 74.512
-63.855 90.196 74.464
-63.912 90.263 74.416
-63.968 90.330 74.368
-64.025 90.397 74.319
-64.081 90.464 74.271
-64.138 90.531 74.223
-64.194 90.598 74.175
-64.251 90.665 74.126
-64.307 90.732 74.078
-64.364 90.799 74.030
-64.420 90.866 73.982
-64.477 90.932 73.933
-64.533 90.999 73.885
-64.590 91.066 73.837
-64.647 91.133 73.789
-64.703 91.200 73.740
-64.760 91.267 73.692
-64.817 91.333 73.644
-64.873 91.400 73.596
-64.930 91.467 73.547
-64.986 91.534 73.499
-65.043 91.601 73.451
-65.100 91.668 73.403
-65.156 91.734 73.354
-65.213 91.801 73.306
-65.270 91.868 73.258
-65.326 91.935 73.210
-65.383 92.002 73.162
-65.440 92.068 73.113
-65.496 92.135 73.065
-65.553 92.202 73.017
-65.610 92.269 72.969
-65.666 92.336 72.921
-65.723 92.402 72.872
-65.780 92.469 72.824
-65.837 92.536 72.776
-65.894 92.603 72.728
-65.951 92.669 72.680
-66.007 92.736 72.632
-66.064 92.803 72.584
-66.121 92.870 72.536
-66.178 92.936 72.488
-66.235 93.003 72.440
-66.292 93.070 72.392
-66.349 93.137 72.344
-66.406 93.203 72.296
-66.463 93.270 72.248
-66.520 93.337 72.200
-66.577 93.404 72.152
-66.633 93.470 72.104
-66.690 93.537 72.056
-66.747 93.604 72.008
-66.804 93.670 71.960
-66.861 93.737 71.911
-66.918 93.804 71.863
-66.975 93.871 71.815
-67.032 93.937 71.767
-67.089 94.004 71.719
-67.146 94.071 71.671
-67.203 94.138 71.623
-67.260 94.204 71.575
-67.317 94.271 71.527
-67.374 94.338 71.479
-67.431 94.404 71.431
-67.487 94.471 71.383
-67.544 94.538 71.335
-67.601 94.605 71.288
-67.658 94.671 71.240
-67.715 94.738 71.192
-67.772 94.805 71.144
-67.829 94.872 71.096
-67.886 94.938 71.048
-67.943 95.005 71.000
-68.000 95.072 70.952
-68.057 95.138 70.904
-68.114 95.205 70.856
-68.171 95.272 70.808
-68.228 95.339 70.760
-68.285 95.405 70.712
-68.342 95.472 70.664
-68.399 95.539 70.616
-68.456 95.605 70.568
-68.513 95.672 70.520
-68.570 95.739 70.472
-68.627 95.806 70.424
-68.684 95.872 70.376
-68.741 95.939 70.328
-68.798 96.006 70.280
-68.855 96.073 70.232
-68.912 96.139 70.184
-68.969 96.206 70.137
-69.026 96.273 70.089
-69.083 96.339 70.041
-69.140 96.406 69.993
-69.197 96.473 69.945
-69.254 96.540 69.897
-69.311 96.606 69.849
-69.368 96.673 69.801
-69.425 96.740 69.753
-69.482 96.807 69.705
-69.539 96.873 69.657
-69.596 96.940 69.609
-69.653 97.007 69.561
-69.710 97.073 69.513
-69.767 97.140 69.465
-69.824 97.207 69.417
-69.881 97.274 69.370
-69.938 97.340 69.322
-69.995 97.407 69.274
-70.052 97.474 69.226
-70.109 97.541 69.178
-70.166 97.607 69.130
-70.223 97.674 69.082
-70.280 97.741 69.034
-70.337 97.807 68.986
-70.394 97.874 68.938
-70.451 97.941 68.890
-70.508 98.008 68.842
-70.565 98.074 68.794
-70.622 98.141 68.746
-70.679 98.208 68.698
-70.736 98.275 68.650
-70.793 98.341 68.602
-70.850 98.408 68.554
-70.907 98.475 68.507
-70.964 98.541 68.459
-71.021 98.608 68.411
-71.078 98.675 68.363
-71.135 98.742 68.315
-71.192 98.808 68.267
-71.249 98.875 68.219
-71.306 98.942 68.171
-71.363 99.008 68.123
-71.420 99.075 68.075
-71.477 99.142 68.027
-71.534 99.209 67.979
-71.591 99.275 67.931
-71.648 99.342 67.883
-71.705 99.409 67.835
-71.762 99.476 67.787
-71.819 99.542 67.739
-71.876 99.609 67.691
-71.933 99.676 67.643
-71.990 99.742 67.595
-72.047 99.809 67.547
-72.103 99.876 67.499
-72.160 99.943 67.451
-72.217 100.009 67.403
-72.274 100.076 67.355
-72.331 100.143 67.307
-72.388 100.209 67.259
-72.445 100.276 67.211
-72.502 100.343 67.163
-72.559 100.410 67.115
-72.616 100.476 67.067
-72.673 100.543 67.018
-72.730 100.610 66.970
-72.787 100.676 66.922
-72.843 100.743 66.874
-72.900 100.810 66.826
-72.957 100.877 66.778
-73.014 100.943 66.730
-73.071 101.010 66.682
-73.128 101.077 66.634
-73.185 101.143 66.586
-73.242 101.210 66.538
-73.299 101.277 66.490
-73.356 101.344 66.442
-73.412 101.410 66.394
-73.469 101.477 66.346
-73.526 101.544 66.297
-73.583 101.611 66.249
-73.640 101.677 66.201
-73.696 101.744 66.153
-73.753 101.811 66.105
-73.810 101.878 66.057
-73.867 101.945 66.009
-73.923 102.011 65.960
-73.980 102.078 65.912
-74.037 102.145 65.864
-74.094 102.212 65.816
-74.150 102.279 65.768
-74.207 102.345 65.720
-74.264 102.412 65.672
-74.321 102.479 65.623
-74.377 102.546 65.575
-74.434 102.612 65.527
-74.491 102.679 65.479
-74.548 102.746 65.431
-74.604 102.813 65.383
-74.661 102.880 65.335
-74.718 102.946 65.286
-74.775 103.013 65.238
-74.831 103.080 65.190
-74.888 103.147 65.142
-74.945 103.214 65.094
-75.001 103.281 65.046
-75.058 103.348 64.998
-75.115 103.414 64.949
-75.171 103.481 64.901
-75.228 103.548 64.853
-75.284 103.615 64.805
-75.341 103.682 64.757
-75.398 103.749 64.709
-75.454 103.816 64.660
-75.511 103.883 64.612
-75.567 103.950 64.564
-75.624 104.016 64.516
-75.681 104.083 64.468
-75.737 104.150 64.420
-75.794 104.217 64.371
-75.851 104.284 64.323
-75.907 104.351 64.275
-75.964 104.418 64.227
-76.020 104.485 64.179
-76.077 104.552 64.131
-76.134 104.619 64.082
-76.190 104.686 64.034
-76.247 104.752 63.986
-76.303 104.819 63.938
-76.360 104.886 63.890
-76.416 104.953 63.842
-76.473 105.020 63.794
-76.530 105.087 63.745
-76.586 105.154 63.697
-76.643 105.221 63.649
-76.699 105.288 63.601
-76.756 105.355 63.553
-76.812 105.422 63.505
-76.869 105.489 63.456
-76.925 105.556 63.408
-76.982 105.623 63.360
-77.039 105.690 63.312
-77.095 105.757 63.264
-77.152 105.824 63.216
-77.208 105.891 63.168
-77.265 105.957 63.119
-77.321 106.024 63.071
-77.378 106.091 63.023
-77.434 106.158 62.975
-77.491 106.225 62.927
-77.548 106.292 62.879
-77.604 106.359 62.830
-77.661 106.426 62.782
-77.717 106.493 62.734
-77.774 106.560 62.686
-77.830 106.627 62.638
-77.887 106.694 62.590
-77.943 106.761 62.541
-78.000 106.828 62.493
-78.057 106.895 62.445
-78.113 106.962 62.397
-78.170 107.029 62.349
-78.226 107.095 62.301
-78.283 107.162 62.252
-78.339 107.229 62.204
-78.396 107.296 62.156
-78.452 107.363 62.108
-78.509 107.430 62.060
-78.566 107.497 62.012
-78.622 107.564 61.963
-78.679 107.631 61.915
-78.735 107.698 61.867
-78.792 107.765 61.819
-78.848 107.832 61.771
-78.905 107.899 61.723
-78.962 107.965 61.674
-79.018 108.032 61.626
-79.075 108.099 61.578
-79.131 108.166 61.530
-79.188 108.233 61.482
-79.244 108.300 61.433
-79.301 108.367 61.385
-79.358 108.434 61.337
-79.414 108.501 61.289
-79.471 108.568 61.241
-79.527 108.635 61.192
-79.584 108.701 61.144
-79.641 108.768 61.096
-79.697 108.835 61.048
-79.754 108.902 61.000
-79.810 108.969 60.951
-79.867 109.036 60.903
-79.924 109.103 60.855
-79.980 109.170 60.807
-80.037 109.236 60.759
-80.093 109.303 60.710
-80.150 109.370 60.662
-80.207 109.437 60.614
-80.263 109.504 60.566
-80.320 109.570 60.517
-80.377 109.637 60.469
-80.433 109.704 60.421
-80.490 109.771 60.373
-80.547 109.837 60.324
-80.604 109.904 60.276
-80.660 109.971 60.228
-80.717 110.038 60.179
-80.774 110.104 60.131
-80.830 110.171 60.083
-80.887 110.238 60.035
-80.944 110.305 59.986
-81.000 110.371 59.938
-81.057 110.438 59.890
-81.114 110.505 59.842
-81.171 110.571 59.793
-81.227 110.638 59.745
-81.284 110.705 59.697
-81.341 110.772 59.648
-81.398 110.838 59.600
-81.454 110.905 59.552
-81.511 110.971 59.504
-81.568 111.038 59.455
-81.625 111.105 59.407
-81.682 111.171 59.359
-81.739 111.237 59.310
-81.796 111.304 59.262
-81.853 111.370 59.214
-81.910 111.437 59.166
-81.967 111.503 59.117
-82.025 111.570 59.069
-82.082 111.636 59.021
-82.139 111.702 58.972
-82.196 111.769 58.924
-82.253 111.835 58.876
-82.310 111.902 58.828
-82.367 111.968 58.779
-82.424 112.035 58.731
-82.481 112.101 58.683
-82.538 112.167 58.635
-82.595 112.234 58.586
-82.652 112.300 58.538
-82.709 112.367 58.490
-82.767 112.433 58.442
-82.824 112.499 58.393
-82.881 112.566 58.345
-82.938 112.632 58.297
-82.995 112.698 58.249
-83.053 112.765 58.201
-83.110 112.831 58.152
-83.168 112.897 58.104
-83.225 112.964 58.056
-83.282 113.030 58.008
-83.340 113.096 57.960
-83.397 113.162 57.912
-83.454 113.229 57.864
-83.512 113.295 57.816
-83.569 113.361 57.768
-83.627 113.428 57.720
-83.684 113.494 57.671
-83.741 113.560 57.623
-83.799 113.626 57.575
-83.856 113.693 57.527
-83.914 113.759 57.479
-83.971 113.825 57.431
-84.028 113.891 57.383
-84.086 113.958 57.335
-84.143 114.024 57.287
-84.201 114.090 57.239
-84.258 114.157 57.191
-84.315 114.223 57.143
-84.373 114.289 57.095
-84.430 114.356 57.047
-84.488 114.422 56.999
-84.545 114.488 56.951
-84.603 114.554 56.903
-84.660 114.621 56.855
-84.718 114.687 56.807
-84.775 114.753 56.759
-84.833 114.820 56.711
-84.890 114.886 56.664
-84.948 114.952 56.616
-85.005 115.019 56.568
-85.063 115.085 56.520
-85.120 115.151 56.472
-85.178 115.218 56.424
-85.235 115.284 56.376
-85.293 115.350 56.328
-85.351 115.417 56.281
-85.408 115.483 56.233
-85.466 115.549 56.185
-85.523 115.616 56.137
-85.581 115.682 56.089
-85.638 115.748 56.041
-85.696 115.815 55.993
-85.753 115.881 55.946
-85.811 115.947 55.898
-85.868 116.014 55.850
-85.926 116.080 55.802
-85.983 116.147 55.754
-86.041 116.213 55.707
-86.098 116.279 55.659
-86.156 116.346 55.611
-86.213 116.412 55.563
-86.271 116.478 55.515
-86.329 116.545 55.468
-86.386 116.611 55.420
-86.444 116.677 55.372
-86.501 116.744 55.324
-86.559 116.810 55.276
-86.616 116.876 55.229
-86.674 116.943 55.181
-86.731 117.009 55.133
-86.789 117.076 55.085
-86.846 117.142 55.037
-86.904 117.208 54.989
-86.961 117.275 54.942
-87.019 117.341 54.894
-87.077 117.407 54.846
-87.134 117.474 54.798
-87.192 117.540 54.750
-87.249 117.606 54.703
-87.307 117.673 54.655
-87.364 117.739 54.607
-87.422 117.805 54.559
-87.479 117.872 54.511
-87.537 117.938 54.464
-87.594 118.005 54.416
-87.652 118.071 54.368
-87.710 118.137 54.320
-87.767 118.204 54.272
-87.825 118.270 54.225
-87.882 118.336 54.177
-87.940 118.403 54.129
-87.997 118.469 54.081
-88.055 118.535 54.033
-88.112 118.602 53.986
-88.170 118.668 53.938
-88.227 118.735 53.890
-88.285 118.801 53.842
-88.342 118.867 53.794
-88.400 118.934 53.746
-88.457 119.000 53.699
-88.515 119.066 53.651
-88.572 119.133 53.603
-88.630 119.199 53.555
-88.687 119.265 53.507
-88.745 119.332 53.459
-88.802 119.398 53.412
-88.860 119.464 53.364
-88.917 119.531 53.316
-88.975 119.597 53.268
-89.032 119.664 53.220
-89.090 119.730 53.172
-89.147 119.796 53.124
-89.205 119.863 53.077
-89.262 119.929 53.029
-89.320 119.995 52.981
-89.377 120.062 52.933
-89.435 120.128 52.885
-89.492 120.194 52.837
-89.550 120.261 52.789
-89.607 120.327 52.741
-89.665 120.393 52.693
-89.722 120.460 52.646
-89.780 120.526 52.598
-89.837 120.593 52.550
-89.894 120.659 52.502
-89.952 120.725 52.454
-90.009 120.792 52.406
-90.067 120.858 52.358
-90.124 120.924 52.310
-90.182 120.991 52.262
-90.239 121.057 52.214
-90.297 121.123 52.167
-90.354 121.190 52.119
-90.412 121.256 52.071
-90.469 121.323 52.023
-90.526 121.389 51.975
-90.584 121.455 51.927
-90.641 121.522 51.879
-90.699 121.588 51.831
-90.756 121.654 51.783
-90.813 121.721 51.735
-90.871 121.787 51.687
-90.928 121.854 51.639
-90.985 121.920 51.591
-91.043 121.986 51.543
-91.100 122.053 51.495
-91.157 122.119 51.447
-91.215 122.186 51.399
-91.272 122.252 51.351
-91.330 122.318 51.303
-91.387 122.385 51.255
-91.444 122.451 51.207
-91.502 122.518 51.159
-91.559 122.584 51.111
-91.616 122.650 51.063
-91.674 122.717 51.015
-91.731 122.783 50.967
-91.788 122.850 50.919
-91.845 122.916 50.871
-91.903 122.982 50.823
-91.960 123.049 50.775
-92.017 123.115 50.727
-92.075 123.182 50.679
-92.132 123.248 50.631
-92.189 123.315 50.583
-92.246 123.381 50.535
-92.304 123.448 50.487
-92.361 123.514 50.439
-92.418 123.581 50.391
-92.475 123.647 50.343
-92.533 123.713 50.295
-92.590 123.780 50.247
-92.647 123.846 50.199
-92.704 123.913 50.151
-92.761 123.979 50.103
-92.819 124.046 50.055
-92.876 124.112 50.007
-92.933 124.179 49.959
-92.990 124.245 49.911
-93.048 124.312 49.863
-93.105 124.378 49.815
-93.162 124.445 49.767
-93.219 124.511 49.719
-93.277 124.577 49.671
-93.334 124.644 49.623
-93.391 124.710 49.575
-93.448 124.777 49.527
-93.505 124.843 49.479
-93.562 124.910 49.431
-93.620 124.976 49.383
-93.677 125.043 49.335
-93.734 125.109 49.287
-93.791 125.176 49.239
-93.848 125.243 49.191
-93.906 125.309 49.142
-93.963 125.376 49.094
-94.020 125.442 49.046
-94.077 125.509 48.998
-94.134 125.575 48.950
-94.191 125.642 48.902
-94.249 125.708 48.854
-94.306 125.775 48.806
-94.363 125.841 48.758
-94.420 125.908 48.710
-94.477 125.974 48.662
-94.534 126.041 48.614
-94.592 126.107 48.566
-94.649 126.174 48.518
-94.706 126.240 48.470
-94.763 126.307 48.422
-94.820 126.373 48.374
-94.877 126.440 48.326
-94.934 126.507 48.278
-94.992 126.573 48.230
-95.049 126.640 48.182
-95.106 126.706 48.134
-95.163 126.773 48.086
-95.220 126.839 48.038
-95.277 126.906 47.990
-95.334 126.972 47.942
-95.392 127.039 47.894
-95.449 127.105 47.846
-95.506 127.172 47.798
-95.563 127.239 47.750
-95.620 127.305 47.702
-95.677 127.372 47.654
-95.735 127.438 47.606
-95.792 127.505 47.558
-95.849 127.571 47.510
-95.906 127.638 47.462
-95.963 127.704 47.414
-96.020 127.771 47.366
-96.077 127.837 47.318
-96.135 127.904 47.270
-96.192 127.970 47.222
-96.249 128.037 47.174
-96.306 128.103 47.126
-96.363 128.170 47.078
-96.420 128.237 47.030
-96.478 128.303 46.982
-96.535 128.370 46.934
-96.592 128.436 46.885
-96.649 128.503 46.837
-96.706 128.569 46.789
-96.763 128.636 46.741
-96.821 128.702 46.693
-96.878 128.769 46.645
-96.935 128.835 46.597
-96.992 128.902 46.549
-97.049 128.968 46.501
-97.106 129.035 46.453
-97.163 129.101 46.405
-97.221 129.168 46.357
-97.278 129.234 46.309
-97.335 129.301 46.261
-97.392 129.367 46.213
-97.449 129.434 46.165
-97.507 129.500 46.117
-97.564 129.567 46.069
-97.621 129.633 46.021
-97.678 129.699 45.973
-97.736 129.766 45.925
-97.793 129.832 45.876
-97.850 129.899 45.828
-97.907 129.965 45.780
-97.964 130.032 45.732
-98.022 130.098 45.684
-98.079 130.165 45.636
-98.136 130.231 45.588
-98.193 130.297 45.540
-98.250 130.364 45.492
-98.308 130.430 45.444
-98.365 130.497 45.396
-98.422 130.563 45.348
-98.479 130.630 45.300
-98.537 130.696 45.251
-98.594 130.762 45.203
-98.651 130.829 45.155
-98.708 130.895 45.107
-98.766 130.962 45.059
-98.823 131.028 45.011
-98.880 131.094 44.963
-98.938 131.160 44.915
-98.995 131.227 44.867
-99.052 131.293 44.818
-99.110 131.359 44.770
-99.167 131.426 44.722
-99.225 131.492 44.674
-99.282 131.558 44.626
-99.339 131.624 44.578
-99.397 131.691 44.530
-99.454 131.757 44.481
-99.511 131.823 44.433
-99.569 131.889 44.385
-99.626 131.956 44.337
-99.683 132.022 44.289
-99.741 132.088 44.241
-99.798 132.154 44.193
-99.856 132.221 44.145
-99.913 132.287 44.096
-99.970 132.353 44.048
-100.028 132.419 44.000
-100.085 132.486 43.952
-100.143 132.552 43.904
-100.201 132.618 43.857
-100.258 132.684 43.809
-100.316 132.751 43.761
-100.374 132.817 43.714
-100.432 132.883 43.666
-100.490 132.949 43.618
-100.548 133.015 43.571
-100.606 133.082 43.523
-100.664 133.148 43.476
-100.722 133.214 43.428
-100.780 133.280 43.381
-100.838 133.346 43.333
-100.895 133.413 43.285
-100.953 133.479 43.238
-101.011 133.545 43.190
-101.069 133.611 43.143
-101.127 133.677 43.095
-101.185 133.744 43.048
-101.243 133.810 43.000
-101.301 133.876 42.953
-101.359 133.942 42.905
-101.417 134.008 42.858
-101.475 134.075 42.810
-101.533 134.141 42.763
-101.591 134.207 42.715
-101.649 134.273 42.668
-101.707 134.339 42.620
-101.765 134.405 42.573
-101.824 134.472 42.526
-101.882 134.538 42.479
-101.940 134.604 42.431
-101.998 134.670 42.384
-102.056 134.736 42.337
-102.114 134.803 42.290
-102.173 134.869 42.242
-102.231 134.935 42.195
-102.289 135.001 42.148
-102.347 135.067 42.100
-102.405 135.133 42.053
-102.464 135.200 42.006
-102.522 135.266 41.959
-102.580 135.332 41.911
-102.638 135.398 41.864
-102.696 135.464 41.817
-102.755 135.531 41.770
-102.813 135.597 41.723
-102.871 135.663 41.675
-102.929 135.729 41.628
-102.987 135.795 41.581
-103.046 135.861 41.534
-103.104 135.928 41.487
-103.162 135.994 41.439
-103.220 136.060 41.392
-103.279 136.126 41.345
-103.337 136.192 41.298
-103.395 136.259 41.251
-103.454 136.325 41.204
-103.512 136.391 41.157
-103.570 136.457 41.109
-103.628 136.523 41.062
-103.687 136.590 41.015
-103.745 136.656 40.968
-103.803 136.722 40.921
-103.861 136.788 40.874
-103.920 136.854 40.827
-103.978 136.921 40.779
-104.036 136.987 40.732
-104.095 137.053 40.685
-104.153 137.119 40.638
-104.211 137.185 40.591
-104.269 137.252 40.544
-104.328 137.318 40.497
-104.386 137.384 40.450
-104.444 137.450 40.402
-104.502 137.516 40.355
-104.561 137.583 40.308
-104.619 137.649 40.261
-104.677 137.715 40.214
-104.736 137.781 40.167
-104.794 137.847 40.120
-104.852 137.914 40.073
-104.910 137.980 40.025
-104.969 138.046 39.978
-105.027 138.112 39.931
-105.085 138.178 39.884
-105.144 138.245 39.837
-105.202 138.311 39.790
-105.260 138.377 39.743
-105.318 138.443 39.696
-105.377 138.509 39.648
-105.435 138.576 39.601
-105.493 138.642 39.554
-105.551 138.708 39.507
-105.610 138.774 39.460
-105.668 138.840 39.413
-105.726 138.907 39.366
-105.785 138.973 39.318
-105.843 139.039 39.271
-105.901 139.105 39.224
-105.959 139.171 39.177
-106.018 139.238 39.130
-106.076 139.304 39.083
-106.134 139.370 39.036
-106.192 139.436 38.989
-106.251 139.502 38.941
-106.309 139.569 38.894
-106.367 139.635 38.847
-106.426 139.701 38.800
-106.484 139.767 38.753
-106.542 139.833 38.706
-106.600 139.900 38.658
-106.659 139.966 38.611
-106.717 140.032 38.564
-106.775 140.098 38.517
-106.833 140.164 38.470
-106.891 140.231 38.423
-106.950 140.297 38.375
-107.008 140.363 38.328
-107.066 140.429 38.281
-107.124 140.495 38.234
-107.183 140.561 38.187
-107.241 140.628 38.139
-107.299 140.694 38.092
-107.357 140.760 38.045
-107.416 140.826 37.998
-107.474 140.892 37.951
-107.532 140.959 37.903
-107.590 141.025 37.856
-107.648 141.091 37.809
-107.707 141.157 37.762
-107.765 141.223 37.714
-107.823 141.290 37.667
-107.881 141.356 37.620
-107.939 141.422 37.573
-107.998 141.488 37.526
-108.056 141.554 37.478
-108.114 141.621 37.431
-108.172 141.687 37.384
-108.230 141.753 37.336
-108.288 141.819 37.289
-108.346 141.885 37.242
-108.405 141.952 37.194
-108.463 142.018 37.147
-108.521 142.084 37.100
-108.579 142.150 37.053
-108.637 142.216 37.005
-108.695 142.283 36.958
-108.753 142.349 36.911
-108.811 142.415 36.863
-108.870 142.481 36.816
-108.928 142.547 36.769
-108.986 142.614 36.721
-109.044 142.680 36.674
-109.102 142.746 36.627
-109.160 142.812 36.579
-109.218 142.879 36.532
-109.276 142.945 36.485
-109.334 143.011 36.437
-109.392 143.077 36.390
-109.450 143.144 36.343
-109.508 143.210 36.295
-109.566 143.277 36.248
-109.623 143.343 36.200
-109.681 143.409 36.153
-109.739 143.476 36.106
-109.797 143.542 36.058
-109.855 143.609 36.011
-109.913 143.675 35.963
-109.970 143.741 35.916
-110.028 143.808 35.869
-110.086 143.874 35.821
-110.144 143.941 35.774
-110.202 144.007 35.726
-110.260 144.073 35.679
-110.317 144.140 35.632
-110.375 144.206 35.584
-110.433 144.273 35.537
-110.491 144.339 35.489
-110.549 144.405 35.442
-110.606 144.472 35.395
-110.664 144.538 35.347
-110.722 144.605 35.300
-110.780 144.671 35.252
-110.837 144.738 35.205
-110.895 144.804 35.158
-110.953 144.871 35.110
-111.010 144.938 35.063
-111.068 145.004 35.016
-111.125 145.071 34.968
-111.183 145.138 34.921
-111.241 145.204 34.874
-111.298 145.271 34.826
-111.356 145.337 34.779
-111.413 145.404 34.732
-111.471 145.471 34.684
-111.528 145.537 34.637
-111.586 145.604 34.589
-111.644 145.671 34.542
-111.701 145.737 34.495
-111.759 145.804 34.447
-111.816 145.871 34.400
-111.874 145.937 34.353
-111.932 146.004 34.305
-111.989 146.071 34.258
-112.047 146.137 34.211
-112.104 146.204 34.163
-112.162 146.271 34.116
-112.219 146.337 34.069
-112.277 146.404 34.021
-112.335 146.471 33.974
-112.392 146.537 33.927
-112.450 146.604 33.879
-112.507 146.671 33.832
-112.565 146.737 33.785
-112.622 146.804 33.737
-112.680 146.871 33.690
-112.737 146.938 33.643
-112.795 147.004 33.595
-112.852 147.071 33.548
-112.910 147.138 33.501
-112.967 147.204 33.453
-113.025 147.271 33.406
-113.083 147.338 33.359
-113.140 147.404 33.312
-113.198 147.471 33.264
-113.255 147.538 33.217
-113.313 147.605 33.170
-113.370 147.671 33.122
-113.428 147.738 33.075
-113.485 147.805 33.028
-113.543 147.871 32.980
-113.600 147.938 32.933
-113.658 148.005 32.886
-113.716 148.071 32.838
-113.773 148.138 32.791
-113.831 148.205 32.744
-113.888 148.271 32.696
-113.946 148.338 32.649
-114.003 148.405 32.602
-114.061 148.472 32.554
-114.118 148.538 32.507
-114.176 148.605 32.460
-114.233 148.672 32.412
-114.291 148.738 32.365
-114.349 148.805 32.318
-114.406 148.872 32.270
-114.464 148.938 32.223
-114.521 149.005 32.176
-114.579 149.072 32.128
-114.636 149.139 32.081
-114.694 149.205 32.034
-114.751 149.272 31.986
-114.809 149.339 31.939
-114.867 149.405 31.892
-114.924 149.472 31.845
-114.982 149.539 31.797
-115.039 149.605 31.750
-115.097 149.672 31.703
-115.154 149.739 31.655
-115.212 149.805 31.608
-115.270 149.872 31.561
-115.327 149.939 31.513
-115.385 150.005 31.466
-115.442 150.072 31.419
-115.500 150.139 31.371
-115.557 150.205 31.324
-115.615 150.272 31.277
-115.672 150.339 31.229
-115.730 150.405 31.182
-115.788 150.472 31.135
-115.845 150.539 31.087
-115.903 150.605 31.040
-115.960 150.672 30.993
-116.018 150.739 30.945
-116.076 150.805 30.898
-116.133 150.872 30.851
-116.191 150.939 30.803
-116.248 151.005 30.756
-116.306 151.072 30.709
-116.364 151.139 30.661
-116.421 151.205 30.614
-116.479 151.272 30.567
-116.536 151.339 30.519
-116.594 151.405 30.472
-116.652 151.472 30.425
-116.709 151.538 30.377
-116.767 151.605 30.330
-116.825 151.672 30.283
-116.882 151.738 30.235
-116.940 151.805 30.188
-116.997 151.872 30.141
-117.055 151.938 30.093
-117.113 152.005 30.046
-117.170 152.071 29.999
-117.228 152.138 29.951
-117.286 152.205 29.904
-117.343 152.271 29.857
-117.401 152.338 29.810
-117.459 152.404 29.762
-117.516 152.471 29.715
-117.574 152.538 29.668
-117.632 152.604 29.620
-117.689 152.671 29.573
-117.747 152.737 29.526
-117.805 152.804 29.479
-117.863 152.871 29.431
-117.920 152.937 29.384
-117.978 153.004 29.337
-118.036 153.070 29.289
-118.094 153.137 29.242
-118.151 153.203 29.195
-118.209 153.270 29.148
-118.267 153.336 29.100
-118.325 153.403 29.053
-118.382 153.470 29.006
-118.440 153.536 28.959
-118.498 153.603 28.911
-118.556 153.669 28.864
-118.614 153.736 28.817
-118.671 153.802 28.770
-118.729 153.869 28.722
-118.787 153.935 28.675
-118.845 154.002 28.628
-118.902 154.069 28.581
-118.960 154.135 28.534
-119.018 154.202 28.486
-119.076 154.268 28.439
-119.134 154.335 28.392
-119.192 154.401 28.345
-119.249 154.468 28.298
-119.307 154.534 28.250
-119.365 154.601 28.203
-119.423 154.667 28.156
-119.481 154.734 28.109
-119.539 154.800 28.062
-119.597 154.867 28.014
-119.655 154.933 27.967
-119.712 155.000 27.920
-119.770 155.066 27.873
-119.828 155.133 27.826
-119.886 155.199 27.779
-119.944 155.266 27.731
-120.002 155.332 27.684
-120.060 155.399 27.637
-120.118 155.465 27.590
-120.175 155.532 27.543
-120.233 155.599 27.496
-120.291 155.665 27.448
-120.349 155.732 27.401
-120.407 155.798 27.354
-120.465 155.865 27.307
-120.523 155.931 27.260
-120.581 155.998 27.213
-120.639 156.064 27.166
-120.697 156.131 27.118
-120.754 156.197 27.071
-120.812 156.264 27.024
-120.870 156.330 26.977
-120.928 156.397 26.930
-120.986 156.463 26.883
-121.044 156.530 26.836
-121.102 156.596 26.788
-121.160 156.663 26.741
-121.218 156.729 26.694
-121.276 156.796 26.647
-121.334 156.862 26.600
-121.391 156.929 26.553
-121.449 156.995 26.506
-121.507 157.062 26.459
-121.565 157.128 26.411
-121.623 157.195 26.364
-121.681 157.262 26.317
-121.739 157.328 26.270
-121.797 157.395 26.223
-121.855 157.461 26.176
-121.913 157.528 26.129
-121.970 157.594 26.082
-122.028 157.661 26.034
-122.086 157.727 25.987
-122.144 157.794 25.940
-122.202 157.860 25.893
-122.260 157.927 25.846
-122.318 157.993 25.799
-122.376 158.060 25.752
-122.434 158.126 25.704
-122.492 158.193 25.657
-122.550 158.259 25.610
-122.607 158.326 25.563
-122.665 158.392 25.516
-122.723 158.459 25.469
-122.781 158.525 25.422
-122.839 158.592 25.374
-122.897 158.658 25.327
-122.955 158.725 25.280
-123.013 158.791 25.233
-123.071 158.858 25.186
-123.129 158.924 25.138
-123.187 158.991 25.091
-123.244 159.057 25.044
-123.302 159.124 24.997
-123.360 159.190 24.950
-123.418 159.257 24.903
-123.476 159.323 24.855
-123.534 159.390 24.808
-123.592 159.456 24.761
-123.650 159.523 24.714
-123.708 159.589 24.667
-123.766 159.656 24.619
-123.823 159.722 24.572
-123.881 159.788 24.525
-123.939 159.855 24.478
-123.997 159.921 24.430
-124.055 159.988 24.383
-124.113 160.054 24.335
-124.171 160.121 24.288
-124.228 160.187 24.241
-124.286 160.253 24.193
-124.344 160.320 24.146
-124.402 160.386 24.099
-124.460 160.453 24.051
-124.518 160.519 24.004
-124.575 160.585 23.956
-124.633 160.652 23.909
-124.691 160.718 23.862
-124.749 160.785 23.814
-124.807 160.851 23.767
-124.865 160.917 23.719
-124.922 160.984 23.672
-124.980 161.050 23.625
-125.038 161.116 23.577
-125.096 161.183 23.530
-125.154 161.249 23.482
-125.211 161.316 23.435
-125.269 161.382 23.387
-125.327 161.448 23.340
-125.384 161.515 23.292
-125.442 161.581 23.244
-125.499 161.648 23.196
-125.557 161.714 23.148
-125.614 161.780 23.100
-125.671 161.847 23.052
-125.728 161.913 23.004
-125.786 161.980 22.956
-125.843 162.046 22.908
-125.900 162.112 22.860
-125.958 162.179 22.812
-126.015 162.245 22.764
-126.072 162.311 22.716
-126.130 162.378 22.667
-126.187 162.444 22.619
-126.244 162.511 22.571
-126.301 162.577 22.523
-126.359 162.643 22.475
-126.416 162.710 22.427
-126.473 162.776 22.379
-126.530 162.842 22.331
-126.588 162.909 22.283
-126.645 162.975 22.235
-126.702 163.042 22.187
-126.758 163.109 22.138
-126.815 163.175 22.090
-126.872 163.242 22.042
-126.928 163.309 21.994
-126.985 163.376 21.945
-127.041 163.443 21.897
-127.098 163.510 21.849
-127.154 163.577 21.800
-127.211 163.644 21.752
-127.267 163.711 21.704
-127.324 163.777 21.656
-127.380 163.844 21.607
-127.437 163.911 21.559
-127.493 163.978 21.511
-127.550 164.045 21.462
-127.606 164.112 21.414
-127.663 164.179 21.366
-127.719 164.246 21.318
-127.776 164.313 21.269
-127.832 164.380 21.221
-127.889 164.447 21.173
-127.945 164.514 21.125
-128.002 164.581 21.076
-128.058 164.648 21.028
-128.114 164.715 20.980
-128.171 164.782 20.932
-128.227 164.849 20.883
-128.283 164.916 20.835
-128.340 164.983 20.787
-128.396 165.051 20.739
-128.452 165.118 20.691
-128.508 165.185 20.643
-128.565 165.252 20.595
-128.621 165.319 20.547
-128.677 165.387 20.498
-128.733 165.454 20.450
-128.790 165.521 20.402
-128.846 165.588 20.354
-128.902 165.656 20.306
-128.958 165.723 20.258
-129.015 165.790 20.210
-129.071 165.857 20.162
-129.127 165.925 20.114
-129.183 165.992 20.065
-129.240 166.059 20.017
-129.296 166.126 19.969
-129.352 166.194 19.921
-129.408 166.261 19.873
-129.464 166.328 19.825
-129.521 166.396 19.777
-129.577 166.463 19.729
-129.633 166.530 19.681
-129.689 166.597 19.633
-129.745 166.665 19.585
-129.802 166.732 19.537
-129.858 166.799 19.489
-129.914 166.867 19.441
-129.970 166.934 19.393
-130.026 167.001 19.344
-130.083 167.069 19.296
-130.139 167.136 19.248
-130.195 167.203 19.200
-130.251 167.271 19.152
-130.307 167.338 19.104
-130.364 167.405 19.056
-130.420 167.473 19.008
-130.476 167.540 18.960
-130.532 167.607 18.912
-130.588 167.675 18.864
-130.645 167.742 18.816
-130.701 167.809 18.768
-130.757 167.877 18.720
-130.813 167.944 18.672
-130.869 168.011 18.624
-130.926 168.079 18.576
-130.982 168.146 18.528
-131.038 168.213 18.480
-131.094 168.281 18.432
-131.151 168.348 18.383
-131.207 168.415 18.335
-131.263 168.482 18.287
-131.319 168.550 18.239
-131.375 168.617 18.191
-131.432 168.684 18.143
-131.488 168.752 18.095
-131.544 168.819 18.047
-131.600 168.886 17.999
-131.656 168.954 17.951
-131.713 169.021 17.903
-131.769 169.088 17.855
-131.825 169.156 17.807
-131.881 169.223 17.759
-131.937 169.290 17.711
-131.994 169.358 17.663
-132.050 169.425 17.615
-132.106 169.492 17.567
-132.162 169.559 17.519
-132.219 169.627 17.470
-132.275 169.694 17.422
-132.331 169.761 17.374
-132.387 169.829 17.326
-132.443 169.896 17.278
-132.500 169.963 17.230
-132.556 170.030 17.182
-132.612 170.098 17.134
-132.668 170.165 17.086
-132.725 170.232 17.038
-132.781 170.299 16.990
-132.837 170.367 16.942
-132.893 170.434 16.894
-132.950 170.501 16.846
-133.006 170.569 16.797
-133.062 170.636 16.749
-133.118 170.703 16.701
-133.175 170.770 16.653
-133.231 170.838 16.605
-133.287 170.905 16.557
-133.343 170.972 16.509
-133.400 171.039 16.461
-133.456 171.107 16.413
-133.512 171.174 16.365
-133.568 171.241 16.317
-133.625 171.308 16.269
-133.681 171.376 16.221
-133.737 171.443 16.173
-133.794 171.510 16.125
-133.850 171.577 16.076
-133.906 171.645 16.028
-133.963 171.712 15.980
-134.019 171.779 15.932
-134.075 171.846 15.884
-134.132 171.913 15.836
-134.188 171.981 15.788
-134.244 172.048 15.740
-134.300 172.115 15.692
-134.357 172.182 15.644
-134.413 172.249 15.596
-134.469 172.317 15.548
-134.526 172.384 15.500
-134.582 172.451 15.452
-134.639 172.518 15.404
-134.695 172.585 15.356
-134.751 172.653 15.308
-134.808 172.720 15.260
-134.864 172.787 15.212
-134.921 172.854 15.164
-134.978 172.921 15.116
-135.034 172.988 15.068
-135.091 173.055 15.020
-135.147 173.122 14.972
-135.204 173.189 14.924
-135.261 173.256 14.876
-135.317 173.323 14.828
-135.374 173.390 14.780
-135.430 173.457 14.732
-135.487 173.524 14.684
-135.544 173.591 14.636
-135.600 173.658 14.588
-135.657 173.725 14.540
-135.713 173.792 14.492
-135.770 173.859 14.444
-135.827 173.926 14.396
-135.883 173.993 14.348
-135.940 174.060 14.300
-135.997 174.128 14.252
-136.053 174.195 14.204
-136.110 174.262 14.156
-136.167 174.329 14.109
-136.223 174.396 14.061
-136.280 174.463 14.013
-136.337 174.530 13.965
-136.393 174.597 13.917
-136.450 174.664 13.869
-136.507 174.731 13.821
-136.563 174.798 13.773
-136.620 174.865 13.725
-136.677 174.932 13.678
-136.734 174.999 13.630
-136.790 175.066 13.582
-136.847 175.133 13.534
-136.904 175.200 13.486
-136.961 175.267 13.438
-137.017 175.334 13.390
-137.074 175.401 13.343
-137.131 175.468 13.295
-137.187 175.535 13.247
-137.244 175.602 13.199
-137.301 175.669 13.151
-137.358 175.736 13.103
-137.414 175.803 13.055
-137.471 175.870 13.008
-137.528 175.937 12.960
-137.585 176.004 12.912
-137.641 176.071 12.864
-137.698 176.138 12.816
-137.755 176.205 12.768
-137.812 176.272 12.721
-137.868 176.339 12.673
-137.925 176.406 12.625
-137.982 176.473 12.577
-138.039 176.540 12.529
-138.095 176.607 12.482
-138.152 176.674 12.434
-138.209 176.741 12.386
-138.266 176.808 12.338
-138.322 176.875 12.290
-138.379 176.942 12.243
-138.436 177.009 12.195
-138.493 177.076 12.147
-138.550 177.143 12.099
-138.606 177.210 12.051
-138.663 177.277 12.003
-138.720 177.344 11.956
-138.777 177.411 11.908
-138.833 177.478 11.860
-138.890 177.545 11.812
-138.947 177.612 11.764
-139.004 177.679 11.717
-139.060 177.746 11.669
-139.117 177.814 11.621
-139.174 177.881 11.573
-139.231 177.948 11.525
-139.287 178.015 11.478
-139.344 178.082 11.430
-139.401 178.149 11.382
-139.458 178.216 11.334
-139.515 178.283 11.286
-139.571 178.350 11.238
-139.628 178.417 11.191
-139.685 178.484 11.143
-139.742 178.551 11.095
-139.798 178.618 11.047
-139.855 178.685 10.999
-139.912 178.752 10.951
-139.969 178.819 10.904
-140.025 178.886 10.856
-140.082 178.953 10.808
-140.139 179.020 10.760
-140.196 179.087 10.712
-140.252 179.154 10.664
-140.309 179.221 10.617
-140.366 179.288 10.569
-140.423 179.355 10.521
-140.479 179.422 10.473
-140.536 179.489 10.425
-140.593 179.556 10.377
-140.650 179.623 10.330
-140.706 179.690 10.282
-140.763 179.757 10.234
-140.820 179.824 10.186
-140.877 179.891 10.138
-140.933 179.958 10.090
-140.990 180.025 10.042
-141.047 180.092 9.994
-141.103 180.159 9.947
-141.160 180.226 9.899
-141.217 180.293 9.851
-141.274 180.360 9.803
-141.330 180.427 9.755
-141.387 180.494 9.707
-141.444 180.561 9.659
-141.501 180.628 9.611
-141.557 180.695 9.563
-141.614 180.762 9.515
-141.671 180.829 9.468
-141.727 180.896 9.420
-141.784 180.963 9.372
-141.841 181.030 9.324
-141.897 181.097 9.276
-141.954 181.164 9.228
-142.011 181.231 9.180
-142.068 181.298 9.132
-142.124 181.365 9.084
-142.181 181.432 9.036
-142.237 181.499 8.988
-142.294 181.566 8.940
-142.351 181.633 8.892
-142.407 181.700 8.844
-142.464 181.767 8.796
-142.520 181.834 8.748
-142.576 181.901 8.700
-142.633 181.968 8.652
-142.689 182.035 8.604
-142.746 182.102 8.555
-142.802 182.170 8.507
-142.858 182.237 8.459
-142.915 182.304 8.411
-142.971 182.371 8.363
-143.027 182.438 8.315
-143.084 182.505 8.266
-143.140 182.572 8.218
-143.196 182.639 8.170
-143.253 182.706 8.122
-143.309 182.774 8.074
-143.366 182.841 8.026
-143.422 182.908 7.977
-143.478 182.975 7.929
-143.535 183.042 7.881
-143.591 183.109 7.833
-143.647 183.176 7.785
-143.703 183.243 7.737
-143.760 183.311 7.688
-143.816 183.378 7.640
-143.872 183.445 7.592
-143.928 183.513 7.544
-143.984 183.580 7.496
-144.040 183.647 7.447
-144.096 183.715 7.399
-144.152 183.782 7.351
-144.208 183.849 7.303
-144.264 183.917 7.254
-144.320 183.984 7.206
-144.376 184.052 7.158
-144.431 184.119 7.110
-144.487 184.186 7.061
-144.543 184.254 7.013
-144.599 184.321 6.965
-144.655 184.389 6.917
-144.711 184.456 6.868
-144.767 184.523 6.820
-144.823 184.591 6.772
-144.879 184.658 6.724
-144.935 184.726 6.675
-144.991 184.793 6.627
-145.047 184.861 6.579
-145.103 184.928 6.531
-145.159 184.995 6.483
-145.214 185.063 6.434
-145.270 185.130 6.386
-145.326 185.198 6.338
-145.382 185.265 6.290
-145.438 185.333 6.241
-145.494 185.400 6.193
-145.550 185.468 6.145
-145.605 185.535 6.097
-145.661 185.603 6.049
-145.717 185.670 6.000
-145.773 185.738 5.952
-145.829 185.805 5.904
-145.885 185.873 5.856
-145.940 185.940 5.807
-145.996 186.008 5.759
-146.052 186.075 5.711
-146.108 186.143 5.663
-146.164 186.210 5.615
-146.220 186.278 5.566
-146.275 186.345 5.518
-146.331 186.413 5.470
-146.387 186.480 5.422
-146.443 186.548 5.374
-146.499 186.615 5.325
-146.555 186.683 5.277
-146.610 186.751 5.229
-146.666 186.818 5.181
-146.722 186.886 5.132
-146.778 186.953 5.084
-146.834 187.021 5.036
-146.889 187.088 4.988
-146.945 187.156 4.940
-147.001 187.223 4.891
-147.057 187.291 4.843
-147.113 187.358 4.795
-147.169 187.426 4.747
-147.224 187.493 4.699
-147.280 187.561 4.650
-147.336 187.628 4.602
-147.392 187.696 4.554
-147.448 187.763 4.506
-147.503 187.831 4.457
-147.559 187.898 4.409
-147.615 187.966 4.361
-147.671 188.033 4.313
-147.727 188.101 4.265
-147.783 188.168 4.216
-147.838 188.236 4.168
-147.894 188.303 4.120
-147.950 188.371 4.072
-148.006 188.438 4.023
-148.062 188.506 3.975
-148.118 188.573 3.927
-148.173 188.641 3.879
-148.229 188.708 3.831
-148.285 188.776 3.782
-148.341 188.844 3.734
-148.397 188.911 3.686
-148.453 188.979 3.638
-148.508 189.046 3.589
-148.564 189.114 3.541
-148.620 189.181 3.493
-148.676 189.249 3.445
-148.732 189.316 3.396
-148.788 189.383 3.348
-148.843 189.451 3.300
-148.899 189.518 3.252
-148.955 189.586 3.204
-149.011 189.653 3.155
-149.067 189.721 3.107
-149.123 189.788 3.059
-149.179 189.856 3.010
-149.235 189.923 2.962
-149.290 189.990 2.914
-149.346 190.058 2.866
-149.402 190.125 2.817
-149.458 190.193 2.769
-149.514 190.260 2.721
-149.570 190.328 2.673
-149.626 190.395 2.624
-149.682 190.462 2.576
-149.738 190.530 2.528
-149.794 190.597 2.479
-149.849 190.665 2.431
-149.905 190.732 2.383
-149.961 190.799 2.335
-150.017 190.867 2.286
-150.073 190.934 2.238
-150.129 191.001 2.190
-150.185 191.069 2.141
-150.241 191.136 2.093
-150.297 191.203 2.045
-150.353 191.271 1.996
-150.409 191.338 1.948
-150.465 191.405 1.900
-150.521 191.472 1.851
-150.578 191.539 1.803
-150.634 191.606 1.755
-150.690 191.673 1.706
-150.746 191.740 1.658
-150.802 191.807 1.609
-150.859 191.875 1.561
-150.915 191.942 1.513
-150.971 192.009 1.464
-151.027 192.076 1.416
-151.083 192.143 1.367
-151.140 192.210 1.319
-151.196 192.277 1.271
-151.252 192.344 1.222
-151.308 192.411 1.174
-151.365 192.478 1.125
-151.421 192.545 1.077
-151.477 192.612 1.029
-151.533 192.679 0.980
-151.590 192.746 0.932
-151.646 192.813 0.884
-151.702 192.880 0.835
-151.759 192.947 0.787
-151.815 193.014 0.739
-151.872 193.081 0.691
-151.929 193.148 0.642
-151.985 193.215 0.594
-152.042 193.281 0.546
-152.099 193.348 0.498
-152.156 193.415 0.450
-152.212 193.482 0.402
-152.269 193.549 0.354
-152.326 193.615 0.305
-152.383 193.682 0.257
-152.440 193.749 0.209
-152.496 193.816 0.161
-152.553 193.882 0.113
-152.610 193.949 0.065
-152.667 194.016 0.017
-152.723 194.083 -0.031
-152.780 194.150 -0.079
-152.837 194.216 -0.128
-152.894 194.283 -0.176
-152.950 194.350 -0.224
-153.007 194.417 -0.272
-153.064 194.484 -0.320
-153.121 194.550 -0.368
-153.178 194.617 -0.416
-153.234 194.684 -0.464
-153.291 194.751 -0.513
-153.348 194.818 -0.561
-153.405 194.884 -0.609
-153.461 194.951 -0.657
-153.518 195.018 -0.705
-153.575 195.085 -0.753
-153.632 195.152 -0.801
-153.689 195.218 -0.849
-153.745 195.285 -0.898
-153.802 195.352 -0.946
-153.859 195.419 -0.994
-153.916 195.485 -1.042
-153.972 195.552 -1.090
-154.029 195.619 -1.138
-154.086 195.686 -1.186
-154.143 195.753 -1.234
-154.199 195.819 -1.283
-154.256 195.886 -1.331
-154.313 195.953 -1.379
-154.370 196.020 -1.427
-154.427 196.087 -1.475
-154.483 196.153 -1.523
-154.540 196.220 -1.571
-154.597 196.287 -1.619
-154.654 196.354 -1.668
-154.710 196.421 -1.716
-154.767 196.487 -1.764
-154.824 196.554 -1.812
-154.881 196.621 -1.860
-154.937 196.688 -1.908
-154.994 196.755 -1.956
-155.051 196.821 -2.004
-155.108 196.888 -2.053
-155.165 196.955 -2.101
-155.221 197.022 -2.149
-155.278 197.088 -2.197
-155.335 197.155 -2.245
-155.392 197.222 -2.293
-155.448 197.289 -2.341
-155.505 197.356 -2.389
-155.562 197.422 -2.438
-155.619 197.489 -2.486
-155.676 197.556 -2.534
-155.732 197.623 -2.582
-155.789 197.690 -2.630
-155.846 197.756 -2.678
-155.903 197.823 -2.726
-155.959 197.890 -2.774
-156.016 197.957 -2.823
-156.073 198.024 -2.871
-156.130 198.090 -2.919
-156.186 198.157 -2.967
