7.718 9.181 -2.900
7.721 9.188 -2.801
7.725 9.196 -2.701
7.729 9.204 -2.601
7.733 9.211 -2.502
7.736 9.219 -2.402
7.740 9.227 -2.303
7.744 9.234 -2.203
7.748 9.242 -2.103
7.751 9.250 -2.004
7.755 9.258 -1.904
7.759 9.265 -1.804
7.763 9.273 -1.705
7.766 9.281 -1.605
7.770 9.288 -1.505
7.774 9.296 -1.406
7.778 9.304 -1.306
7.781 9.311 -1.207
7.785 9.319 -1.107
7.789 9.327 -1.007
7.792 9.334 -0.908
7.796 9.342 -0.808
7.800 9.350 -0.708
7.804 9.357 -0.609
7.807 9.365 -0.509
7.811 9.373 -0.410
7.815 9.381 -0.310
7.819 9.388 -0.210
7.822 9.396 -0.111
7.826 9.404 -0.011
7.830 9.411 0.089
7.834 9.419 0.188
7.837 9.427 0.288
7.841 9.434 0.388
7.845 9.442 0.487
7.849 9.450 0.587
7.852 9.457 0.686
7.856 9.465 0.786
7.860 9.473 0.886
7.864 9.481 0.985
7.867 9.488 1.085
7.871 9.496 1.185
7.875 9.504 1.284
7.878 9.511 1.384
7.882 9.519 1.484
7.886 9.527 1.583
7.890 9.534 1.683
7.893 9.542 1.782
7.897 9.550 1.882
7.901 9.557 1.982
7.905 9.565 2.081
7.908 9.573 2.181
7.912 9.580 2.281
7.916 9.588 2.380
7.920 9.596 2.480
7.923 9.604 2.579
7.927 9.611 2.679
7.931 9.619 2.779
7.935 9.627 2.878
7.938 9.634 2.978
7.942 9.642 3.078
7.946 9.650 3.177
7.950 9.657 3.277
7.953 9.665 3.377
7.957 9.673 3.476
7.961 9.680 3.576
7.965 9.688 3.675
7.968 9.696 3.775
7.972 9.703 3.875
7.976 9.711 3.974
7.979 9.719 4.074
7.983 9.726 4.174
7.987 9.734 4.273
7.991 9.742 4.373
7.994 9.749 4.473
7.998 9.757 4.572
8.002 9.765 4.672
8.006 9.773 4.771
8.009 9.780 4.871
8.013 9.788 4.971
8.017 9.796 5.070
8.021 9.803 5.170
8.024 9.811 5.270
8.028 9.819 5.369
8.032 9.826 5.469
8.036 9.834 5.568
8.039 9.842 5.668
8.043 9.849 5.768
8.047 9.857 5.867
8.051 9.865 5.967
8.054 9.872 6.067
8.058 9.880 6.166
8.062 9.888 6.266
8.065 9.895 6.366
8.069 9.903 6.465
8.073 9.911 6.565
8.077 9.918 6.664
8.080 9.926 6.764
8.084 9.934 6.864
8.088 9.941 6.963
8.092 9.949 7.063
8.095 9.957 7.163
8.099 9.964 7.262
8.103 9.972 7.362
8.107 9.979 7.462
8.110 9.987 7.561
8.114 9.995 7.661
8.118 10.002 7.760
8.122 10.010 7.860
8.125 10.018 7.960
8.129 10.025 8.059
8.133 10.033 8.159
8.137 10.041 8.259
8.140 10.048 8.358
8.144 10.056 8.458
8.148 10.063 8.558
8.152 10.071 8.657
8.155 10.079 8.757
8.159 10.086 8.856
8.163 10.094 8.956
8.167 10.102 9.056
8.170 10.109 9.155
8.174 10.117 9.255
8.178 10.124 9.355
8.182 10.132 9.454
8.185 10.140 9.554
8.189 10.147 9.654
8.193 10.155 9.753
8.197 10.162 9.853
8.200 10.170 9.952
8.204 10.178 10.052
8.208 10.185 10.152
8.212 10.193 10.251
8.216 10.200 10.351
8.219 10.208 10.451
8.223 10.216 10.550
8.227 10.223 10.650
8.231 10.231 10.750
8.234 10.238 10.849
8.238 10.246 10.949
8.242 10.253 11.048
8.246 10.261 11.148
8.250 10.269 11.248
8.254 10.276 11.347
8.257 10.284 11.447
8.261 10.291 11.547
8.265 10.299 11.646
8.269 10.306 11.746
8.273 10.314 11.846
8.277 10.321 11.945
8.281 10.329 12.045
8.284 10.336 12.145
8.288 10.344 12.244
8.292 10.351 12.344
8.296 10.359 12.443
8.300 10.366 12.543
8.304 10.374 12.643
8.307 10.381 12.742
8.311 10.389 12.842
8.315 10.396 12.942
8.319 10.404 13.041
8.323 10.411 13.141
8.327 10.419 13.241
8.331 10.426 13.340
8.334 10.434 13.440
8.338 10.441 13.540
8.342 10.449 13.639
8.346 10.456 13.739
8.350 10.464 13.838
8.354 10.471 13.938
8.358 10.479 14.038
8.362 10.486 14.137
8.366 10.494 14.237
8.369 10.501 14.337
8.373 10.509 14.436
8.377 10.516 14.536
8.381 10.524 14.636
8.385 10.531 14.735
8.389 10.539 14.835
8.393 10.546 14.935
8.397 10.554 15.034
8.401 10.561 15.134
8.405 10.569 15.233
8.409 10.576 15.333
8.413 10.583 15.433
8.417 10.591 15.532
8.420 10.598 15.632
8.424 10.606 15.732
8.428 10.613 15.831
8.432 10.621 15.931
8.436 10.628 16.031
8.440 10.636 16.130
8.444 10.643 16.230
8.448 10.651 16.329
8.452 10.658 16.429
8.456 10.666 16.529
8.460 10.673 16.628
8.464 10.681 16.728
8.468 10.688 16.828
8.472 10.696 16.927
8.476 10.703 17.027
8.480 10.711 17.127
8.484 10.718 17.226
8.488 10.725 17.326
8.492 10.733 17.426
8.496 10.740 17.525
8.500 10.748 17.625
8.504 10.755 17.724
8.508 10.763 17.824
8.512 10.770 17.924
8.516 10.778 18.023
8.520 10.785 18.123
8.524 10.793 18.223
8.528 10.800 18.322
8.532 10.808 18.422
8.536 10.815 18.522
8.540 10.823 18.621
8.545 10.830 18.721
8.549 10.838 18.820
8.553 10.845 18.920
8.557 10.853 19.020
8.561 10.860 19.119
8.565 10.868 19.219
8.569 10.875 19.319
8.573 10.882 19.418
8.577 10.890 19.518
8.581 10.897 19.618
8.585 10.905 19.717
8.589 10.912 19.817
8.593 10.920 19.916
8.598 10.927 20.016
8.602 10.935 20.116
8.606 10.942 20.215
8.610 10.950 20.315
8.614 10.957 20.415
8.618 10.965 20.514
8.622 10.972 20.614
8.626 10.980 20.713
8.631 10.987 20.813
8.635 10.995 20.913
8.639 11.002 21.012
8.643 11.010 21.112
8.647 11.017 21.212
8.651 11.025 21.311
8.655 11.032 21.411
8.659 11.040 21.511
8.664 11.047 21.610
8.668 11.055 21.710
8.672 11.062 21.809
8.676 11.070 21.909
8.680 11.077 22.009
8.684 11.085 22.108
8.688 11.092 22.208
8.693 11.100 22.308
8.697 11.107 22.407
8.701 11.115 22.507
8.705 11.122 22.606
8.709 11.130 22.706
8.713 11.137 22.806
8.718 11.145 22.905
8.722 11.152 23.005
8.726 11.160 23.105
8.730 11.167 23.204
8.734 11.175 23.304
8.738 11.182 23.404
8.742 11.190 23.503
8.747 11.197 23.603
8.751 11.205 23.702
8.755 11.212 23.802
8.759 11.220 23.902
8.763 11.227 24.001
8.767 11.235 24.101
8.772 11.242 24.201
8.776 11.250 24.300
8.780 11.257 24.400
8.784 11.265 24.499
8.788 11.272 24.599
8.792 11.280 24.699
8.797 11.287 24.798
8.801 11.295 24.898
8.805 11.302 24.998
8.809 11.310 25.097
8.813 11.317 25.197
8.817 11.325 25.297
8.822 11.332 25.396
8.826 11.340 25.496
8.830 11.347 25.595
8.834 11.355 25.695
8.838 11.362 25.795
8.842 11.370 25.894
8.847 11.377 25.994
8.851 11.385 26.094
8.855 11.392 26.193
8.859 11.400 26.293
8.863 11.407 26.392
8.867 11.415 26.492
8.872 11.422 26.592
8.876 11.430 26.691
8.880 11.437 26.791
8.884 11.445 26.891
8.888 11.452 26.990
8.892 11.459 27.090
8.897 11.467 27.189
8.901 11.474 27.289
8.905 11.482 27.389
8.909 11.489 27.488
8.913 11.497 27.588
8.917 11.504 27.688
8.922 11.512 27.787
8.926 11.519 27.887
8.930 11.527 27.987
8.934 11.534 28.086
8.938 11.542 28.186
8.943 11.549 28.285
8.947 11.557 28.385
8.951 11.564 28.485
8.955 11.572 28.584
8.959 11.579 28.684
8.963 11.586 28.784
8.968 11.594 28.883
8.972 11.601 28.983
8.976 11.609 29.082
8.980 11.616 29.182
8.984 11.624 29.282
8.988 11.631 29.381
8.992 11.639 29.481
8.996 11.646 29.581
9.001 11.653 29.680
9.005 11.661 29.780
9.009 11.668 29.880
9.013 11.675 29.979
9.017 11.683 30.079
9.021 11.690 30.179
9.025 11.697 30.278
9.029 11.705 30.378
9.033 11.712 30.477
9.037 11.719 30.577
9.041 11.727 30.677
9.045 11.734 30.776
9.049 11.741 30.876
9.053 11.749 30.976
9.058 11.756 31.075
9.062 11.763 31.175
9.066 11.771 31.275
9.070 11.778 31.374
9.074 11.785 31.474
9.078 11.793 31.574
9.082 11.800 31.673
9.086 11.807 31.773
9.090 11.815 31.873
9.094 11.822 31.972
9.098 11.829 32.072
9.102 11.836 32.171
9.106 11.843 32.271
9.110 11.850 32.371
9.114 11.857 32.470
9.118 11.864 32.570
9.122 11.871 32.670
9.126 11.878 32.770
9.130 11.884 32.869
9.134 11.891 32.969
9.137 11.898 33.069
9.141 11.904 33.168
9.145 11.911 33.268
9.149 11.918 33.368
9.153 11.925 33.467
9.157 11.931 33.567
9.161 11.938 33.667
9.165 11.945 33.767
9.168 11.952 33.866
9.172 11.958 33.966
9.176 11.965 34.066
9.180 11.972 34.165
9.184 11.978 34.265
9.188 11.985 34.365
9.192 11.992 34.464
9.196 11.999 34.564
9.199 12.005 34.664
9.203 12.012 34.764
9.207 12.019 34.863
9.211 12.025 34.963
9.215 12.032 35.062
9.218 12.038 35.162
9.221 12.043 35.262
9.223 12.048 35.362
9.225 12.053 35.462
9.228 12.058 35.562
9.230 12.063 35.662
9.233 12.068 35.761
9.235 12.073 35.861
9.237 12.078 35.961
9.240 12.083 36.061
9.242 12.088 36.161
9.244 12.093 36.261
9.247 12.098 36.361
9.249 12.102 36.460
9.251 12.107 36.560
9.254 12.112 36.660
9.256 12.117 36.760
9.259 12.122 36.860
9.261 12.127 36.960
9.263 12.132 37.060
9.266 12.137 37.159
9.268 12.142 37.259
9.270 12.147 37.359
9.273 12.152 37.459
9.275 12.157 37.559
9.277 12.161 37.659
9.280 12.166 37.758
9.282 12.171 37.858
9.284 12.176 37.958
9.287 12.181 38.057
9.287 12.181 38.057
9.287 12.181 38.058
9.287 12.181 38.058
9.287 12.181 38.059
9.287 12.181 38.059
9.287 12.181 38.060
9.287 12.181 38.060
9.287 12.181 38.061
9.287 12.181 38.061
9.287 12.181 38.061
9.287 12.181 38.062
9.287 12.181 38.062
9.287 12.182 38.062
9.287 12.182 38.063
9.287 12.182 38.063
9.287 12.182 38.063
9.287 12.182 38.064
9.287 12.182 38.064
9.287 12.182 38.064
9.287 12.182 38.064
9.287 12.182 38.065
9.287 12.182 38.065
9.287 12.182 38.065
9.287 12.182 38.065
9.287 12.182 38.066
9.287 12.182 38.066
9.287 12.182 38.066
9.287 12.182 38.066
9.287 12.182 38.066
9.287 12.182 38.067
9.287 12.182 38.067
9.287 12.182 38.067
9.287 12.182 38.067
9.287 12.182 38.067
9.287 12.182 38.068
9.287 12.182 38.068
9.287 12.182 38.068
9.287 12.182 38.068
9.287 12.182 38.068
9.287 12.182 38.068
9.287 12.182 38.069
9.287 12.182 38.069
9.287 12.182 38.069
9.287 12.182 38.069
9.287 12.182 38.069
9.287 12.182 38.069
9.287 12.182 38.069
9.287 12.182 38.070
9.287 12.182 38.070
9.287 12.182 38.070
9.287 12.182 38.070
9.287 12.182 38.070
9.287 12.182 38.070
9.287 12.182 38.070
9.287 12.182 38.070
9.287 12.182 38.071
9.287 12.182 38.071
9.287 12.182 38.071
9.287 12.182 38.071
9.287 12.182 38.071
9.287 12.182 38.071
9.287 12.182 38.071
9.287 12.182 38.071
9.287 12.182 38.071
9.287 12.182 38.072
9.287 12.182 38.072
9.287 12.182 38.072
9.287 12.182 38.072
9.287 12.182 38.072
9.287 12.182 38.072
9.287 12.182 38.072
9.287 12.182 38.072
9.287 12.182 38.072
9.287 12.182 38.072
9.287 12.182 38.072
9.287 12.182 38.073
9.287 12.182 38.073
9.287 12.182 38.073
9.287 12.182 38.073
9.287 12.183 38.073
9.287 12.183 38.073
9.287 12.183 38.073
9.287 12.183 38.073
9.287 12.183 38.073
9.287 12.183 38.073
9.287 12.183 38.073
9.287 12.183 38.073
9.287 12.183 38.073
9.287 12.183 38.074
9.287 12.183 38.074
9.287 12.183 38.074
9.287 12.183 38.074
9.287 12.183 38.074
9.287 12.183 38.074
9.287 12.183 38.074
9.287 12.183 38.074
9.287 12.183 38.074
9.287 12.183 38.074
9.287 12.183 38.074
9.287 12.183 38.074
9.287 12.183 38.074
9.287 12.183 38.074
9.287 12.183 38.074
9.287 12.183 38.074
9.287 12.183 38.075
9.287 12.183 38.075
9.287 12.183 38.075
9.287 12.183 38.075
9.287 12.183 38.075
9.286 12.183 38.075
9.286 12.183 38.075
9.286 12.183 38.075
9.286 12.183 38.075
9.286 12.183 38.075
9.286 12.183 38.075
9.286 12.183 38.075
9.286 12.183 38.075
9.286 12.183 38.075
9.286 12.183 38.075
9.286 12.183 38.075
9.286 12.183 38.075
9.286 12.183 38.075
9.286 12.183 38.075
9.286 12.183 38.075
9.286 12.183 38.075
9.286 12.183 38.076
9.286 12.183 38.076
9.286 12.183 38.076
9.286 12.183 38.076
9.286 12.183 38.076
9.286 12.183 38.076
9.286 12.183 38.076
9.286 12.183 38.076
9.286 12.183 38.076
9.286 12.183 38.076
9.286 12.183 38.076
9.286 12.183 38.076
9.286 12.183 38.076
9.286 12.183 38.076
9.286 12.183 38.076
9.286 12.183 38.076
9.286 12.183 38.076
9.286 12.183 38.076
9.286 12.184 38.076
9.286 12.184 38.076
9.286 12.184 38.076
9.286 12.184 38.076
9.286 12.184 38.076
9.286 12.184 38.076
9.286 12.184 38.076
9.286 12.184 38.076
9.286 12.184 38.076
9.286 12.184 38.077
9.286 12.184 38.077
9.286 12.184 38.077
9.286 12.184 38.077
9.286 12.184 38.077
9.286 12.184 38.077
9.286 12.184 38.077
9.286 12.184 38.077
9.286 12.184 38.077
9.286 12.184 38.077
9.286 12.184 38.077
9.286 12.184 38.077
9.286 12.184 38.077
9.286 12.184 38.077
9.286 12.184 38.077
9.286 12.184 38.077
9.286 12.184 38.077
9.286 12.184 38.077
9.286 12.184 38.077
9.286 12.184 38.077
9.285 12.184 38.077
9.285 12.184 38.077
9.285 12.184 38.077
9.285 12.184 38.077
9.285 12.184 38.077
9.285 12.184 38.077
9.285 12.185 38.077
9.285 12.185 38.077
9.285 12.185 38.077
9.285 12.185 38.077
9.285 12.185 38.077
9.285 12.185 38.077
9.285 12.185 38.077
9.285 12.185 38.077
9.285 12.185 38.077
9.285 12.185 38.077
9.285 12.185 38.077
9.285 12.185 38.077
9.285 12.185 38.077
9.285 12.185 38.077
9.285 12.185 38.077
9.285 12.185 38.077
9.285 12.185 38.077
9.285 12.185 38.077
9.285 12.185 38.077
9.285 12.185 38.077
9.285 12.185 38.077
9.285 12.185 38.077
9.285 12.185 38.077
9.285 12.185 38.077
9.285 12.186 38.077
9.285 12.186 38.077
9.284 12.186 38.077
9.284 12.186 38.077
9.284 12.186 38.077
9.284 12.186 38.077
9.284 12.186 38.077
9.284 12.186 38.077
9.284 12.186 38.077
9.284 12.186 38.077
9.284 12.186 38.077
9.284 12.186 38.077
9.284 12.186 38.077
9.284 12.186 38.077
9.284 12.186 38.077
9.284 12.186 38.077
9.284 12.186 38.077
9.284 12.186 38.077
9.284 12.186 38.077
9.284 12.186 38.077
9.284 12.187 38.077
9.284 12.187 38.077
9.284 12.187 38.077
9.284 12.187 38.077
9.284 12.187 38.077
9.284 12.187 38.077
9.283 12.187 38.077
9.283 12.187 38.077
9.283 12.187 38.077
9.283 12.187 38.077
9.283 12.187 38.077
9.283 12.187 38.077
9.283 12.187 38.077
9.283 12.187 38.077
9.283 12.187 38.077
9.283 12.188 38.077
9.283 12.188 38.077
9.283 12.188 38.077
9.283 12.188 38.077
9.283 12.188 38.077
9.283 12.188 38.077
9.283 12.188 38.077
9.283 12.188 38.077
9.282 12.188 38.077
9.282 12.188 38.077
9.282 12.188 38.077
9.282 12.188 38.077
9.282 12.188 38.077
9.282 12.189 38.077
9.282 12.189 38.077
9.282 12.189 38.077
9.282 12.189 38.077
9.282 12.189 38.077
9.282 12.189 38.077
9.282 12.189 38.077
9.282 12.189 38.077
9.281 12.189 38.077
9.281 12.189 38.077
9.281 12.190 38.077
9.281 12.190 38.077
9.281 12.190 38.077
9.281 12.190 38.077
9.281 12.190 38.077
9.281 12.190 38.077
9.281 12.190 38.077
9.281 12.190 38.077
9.281 12.191 38.077
9.280 12.191 38.077
9.280 12.191 38.077
9.280 12.191 38.077
9.280 12.191 38.077
9.280 12.191 38.077
9.280 12.191 38.077
9.280 12.192 38.077
9.280 12.192 38.077
9.279 12.192 38.077
9.279 12.192 38.077
9.279 12.192 38.077
9.279 12.192 38.077
9.279 12.193 38.077
9.279 12.193 38.077
9.279 12.193 38.077
9.278 12.193 38.077
9.278 12.193 38.076
9.278 12.193 38.076
9.278 12.194 38.076
9.278 12.194 38.076
9.278 12.194 38.076
9.277 12.194 38.076
9.277 12.195 38.076
9.277 12.195 38.076
9.277 12.195 38.076
9.277 12.195 38.076
9.276 12.196 38.076
9.276 12.196 38.076
9.276 12.196 38.076
9.276 12.197 38.076
9.275 12.197 38.076
9.275 12.197 38.076
9.275 12.198 38.076
9.275 12.198 38.076
9.274 12.198 38.076
9.274 12.199 38.075
9.274 12.199 38.075
9.273 12.199 38.075
9.273 12.200 38.075
9.273 12.200 38.075
9.272 12.201 38.075
9.272 12.201 38.075
9.271 12.202 38.075
9.271 12.202 38.075
9.270 12.203 38.075
9.270 12.204 38.075
9.269 12.204 38.074
9.269 12.205 38.074
9.268 12.206 38.074
9.268 12.206 38.074
9.267 12.207 38.074
9.266 12.208 38.074
9.266 12.209 38.073
9.265 12.210 38.073
9.264 12.211 38.073
9.263 12.212 38.073
9.262 12.213 38.073
9.261 12.215 38.072
9.260 12.216 38.072
9.259 12.217 38.072
9.257 12.219 38.071
9.256 12.221 38.071
9.254 12.223 38.071
9.252 12.225 38.070
9.250 12.228 38.070
9.248 12.230 38.069
9.246 12.233 38.068
9.243 12.237 38.068
9.240 12.240 38.067
9.237 12.244 38.066
9.233 12.249 38.065
9.229 12.254 38.064
9.225 12.259 38.063
9.220 12.265 38.062
9.215 12.271 38.060
9.209 12.279 38.059
9.202 12.287 38.057
9.195 12.295 38.055
9.188 12.305 38.053
9.179 12.316 38.051
9.169 12.327 38.049
9.159 12.340 38.046
9.148 12.354 38.043
9.135 12.370 38.040
9.121 12.387 38.036
9.106 12.406 38.032
9.089 12.426 38.028
9.070 12.449 38.023
9.050 12.474 38.018
9.027 12.502 38.012
9.003 12.532 38.006
8.976 12.566 37.999
8.946 12.602 37.991
8.913 12.643 37.983
8.877 12.687 37.974
8.837 12.736 37.963
8.793 12.790 37.952
8.745 12.850 37.940
8.692 12.915 37.926
8.633 12.986 37.911
8.571 13.063 37.895
8.509 13.140 37.879
8.447 13.216 37.863
8.384 13.293 37.847
8.322 13.369 37.831
8.260 13.446 37.815
8.198 13.523 37.799
8.135 13.599 37.783
8.073 13.676 37.767
8.011 13.752 37.751
7.948 13.829 37.735
7.886 13.905 37.719
7.824 13.982 37.703
7.762 14.059 37.687
7.699 14.135 37.671
7.637 14.212 37.655
7.575 14.288 37.639
7.513 14.365 37.623
7.450 14.442 37.607
7.388 14.518 37.591
7.326 14.595 37.575
7.264 14.671 37.559
7.201 14.748 37.543
7.139 14.825 37.527
7.077 14.901 37.511
7.014 14.978 37.495
6.952 15.054 37.479
6.890 15.131 37.463
6.828 15.208 37.447
6.765 15.284 37.430
6.703 15.361 37.414
6.641 15.437 37.398
6.579 15.514 37.382
6.517 15.591 37.366
6.454 15.667 37.350
6.392 15.744 37.334
6.330 15.820 37.318
6.268 15.897 37.302
6.205 15.974 37.286
6.143 16.050 37.269
6.081 16.127 37.253
6.019 16.203 37.237
5.957 16.280 37.221
5.894 16.357 37.205
5.832 16.433 37.189
5.770 16.510 37.173
5.708 16.587 37.157
5.646 16.663 37.140
5.583 16.740 37.124
5.521 16.816 37.108
5.459 16.893 37.092
5.397 16.970 37.076
5.335 17.046 37.060
5.272 17.123 37.044
5.210 17.200 37.028
5.148 17.276 37.012
5.086 17.353 36.996
5.024 17.429 36.980
4.962 17.506 36.963
4.899 17.583 36.947
4.837 17.659 36.931
4.775 17.736 36.915
4.713 17.813 36.899
4.651 17.889 36.883
4.588 17.966 36.867
4.526 18.043 36.851
4.464 18.119 36.835
4.402 18.196 36.819
4.340 18.273 36.803
4.278 18.349 36.787
4.215 18.426 36.771
4.153 18.503 36.755
4.091 18.579 36.738
4.029 18.656 36.722
3.967 18.733 36.706
3.905 18.809 36.690
3.842 18.886 36.674
3.780 18.963 36.658
3.718 19.039 36.642
3.656 19.116 36.626
3.594 19.192 36.610
3.531 19.269 36.594
3.469 19.346 36.578
3.407 19.422 36.562
3.345 19.499 36.546
3.283 19.576 36.530
3.221 19.652 36.513
3.158 19.729 36.497
3.096 19.806 36.481
3.034 19.882 36.465
2.972 19.959 36.449
2.910 20.036 36.433
2.847 20.112 36.417
2.785 20.189 36.401
2.723 20.266 36.385
2.661 20.342 36.369
2.599 20.419 36.353
2.537 20.496 36.337
2.474 20.572 36.321
2.412 20.649 36.305
2.350 20.726 36.288
2.288 20.802 36.272
2.226 20.879 36.256
2.164 20.955 36.240
2.101 21.032 36.224
2.039 21.109 36.208
1.977 21.185 36.192
1.915 21.262 36.176
1.853 21.339 36.160
1.791 21.415 36.144
1.728 21.492 36.128
1.666 21.569 36.112
1.604 21.645 36.096
1.542 21.722 36.080
1.480 21.799 36.063
1.417 21.875 36.047
1.355 21.952 36.031
1.293 22.029 36.015
1.231 22.105 35.999
1.169 22.182 35.983
1.107 22.259 35.967
1.044 22.335 35.951
0.982 22.412 35.935
0.920 22.488 35.919
0.858 22.565 35.903
0.796 22.642 35.887
0.733 22.718 35.870
0.671 22.795 35.854
0.609 22.872 35.838
0.547 22.948 35.822
0.485 23.025 35.806
0.423 23.102 35.790
0.360 23.178 35.774
0.298 23.255 35.758
0.236 23.332 35.742
0.174 23.408 35.726
0.112 23.485 35.710
0.049 23.561 35.694
-0.013 23.638 35.678
-0.075 23.715 35.662
-0.137 23.791 35.646
-0.200 23.868 35.629
-0.262 23.945 35.613
-0.324 24.021 35.597
-0.386 24.098 35.581
-0.448 24.174 35.565
-0.511 24.251 35.549
-0.573 24.328 35.533
-0.635 24.404 35.517
-0.697 24.481 35.501
-0.759 24.558 35.485
-0.822 24.634 35.469
-0.884 24.711 35.453
-0.946 24.787 35.437
-1.008 24.864 35.421
-1.071 24.941 35.405
-1.133 25.017 35.389
-1.195 25.094 35.373
-1.257 25.171 35.357
-1.319 25.247 35.341
-1.382 25.324 35.325
-1.444 25.400 35.308
-1.506 25.477 35.292
-1.568 25.554 35.276
-1.631 25.630 35.260
-1.693 25.707 35.244
-1.755 25.783 35.228
-1.817 25.860 35.212
-1.879 25.937 35.196
-1.942 26.013 35.180
-2.004 26.090 35.164
-2.066 26.167 35.148
-2.128 26.243 35.132
-2.191 26.319 35.116
-2.253 26.396 35.100
-2.317 26.471 35.084
-2.382 26.545 35.068
-2.447 26.620 35.052
-2.512 26.694 35.036
-2.578 26.768 35.020
-2.643 26.842 35.004
-2.708 26.916 34.988
-2.774 26.990 34.972
-2.839 27.064 34.956
-2.904 27.138 34.940
-2.970 27.212 34.924
-3.035 27.286 34.908
-3.100 27.360 34.892
-3.166 27.434 34.876
-3.231 27.508 34.860
-3.296 27.582 34.844
-3.362 27.656 34.828
-3.427 27.730 34.812
-3.492 27.804 34.796
-3.558 27.878 34.780
-3.623 27.952 34.764
-3.688 28.026 34.748
-3.753 28.100 34.732
-3.819 28.174 34.716
-3.884 28.248 34.700
-3.949 28.322 34.684
-4.015 28.396 34.668
-4.080 28.470 34.652
-4.145 28.544 34.636
-4.211 28.618 34.620
-4.276 28.692 34.604
-4.341 28.766 34.588
-4.407 28.840 34.572
-4.472 28.914 34.556
-4.537 28.988 34.540
-4.603 29.062 34.524
-4.668 29.136 34.508
-4.733 29.210 34.492
-4.799 29.284 34.476
-4.864 29.358 34.460
-4.929 29.432 34.444
-4.995 29.506 34.428
-5.060 29.580 34.412
-5.125 29.654 34.396
-5.190 29.728 34.380
-5.256 29.802 34.364
-5.321 29.876 34.348
-5.386 29.950 34.331
-5.452 30.024 34.315
-5.517 30.098 34.299
-5.582 30.172 34.283
-5.648 30.246 34.267
-5.713 30.320 34.251
-5.778 30.394 34.235
-5.844 30.468 34.219
-5.909 30.542 34.203
-5.974 30.616 34.187
-6.039 30.690 34.171
-6.105 30.764 34.155
-6.170 30.838 34.139
-6.235 30.912 34.123
-6.301 30.986 34.107
-6.366 31.060 34.091
-6.431 31.135 34.075
-6.496 31.209 34.059
-6.561 31.283 34.043
-6.627 31.357 34.027
-6.692 31.431 34.012
-6.757 31.505 33.996
-6.822 31.580 33.980
-6.887 31.654 33.964
-6.952 31.728 33.948
-7.018 31.802 33.933
-7.083 31.876 33.917
-7.148 31.950 33.901
-7.213 32.025 33.885
-7.278 32.099 33.869
-7.344 32.173 33.853
-7.409 32.247 33.838
-7.474 32.321 33.822
-7.539 32.396 33.806
-7.604 32.470 33.790
-7.669 32.544 33.774
-7.735 32.618 33.759
-7.800 32.692 33.743
-7.865 32.766 33.727
-7.930 32.841 33.711
-7.995 32.915 33.695
-8.060 32.989 33.680
-8.126 33.063 33.664
-8.191 33.137 33.648
-8.256 33.211 33.632
-8.321 33.286 33.616
-8.386 33.360 33.600
-8.452 33.434 33.585
-8.517 33.508 33.569
-8.582 33.582 33.553
-8.647 33.656 33.537
-8.712 33.731 33.521
-8.777 33.805 33.506
-8.842 33.879 33.490
-8.908 33.953 33.474
-8.973 34.027 33.458
-9.038 34.102 33.442
-9.103 34.176 33.426
-9.168 34.250 33.410
-9.233 34.324 33.394
-9.298 34.399 33.379
-9.363 34.473 33.363
-9.428 34.547 33.347
-9.493 34.622 33.331
-9.558 34.696 33.315
-9.623 34.770 33.299
-9.688 34.844 33.283
-9.753 34.919 33.267
-9.818 34.993 33.251
-9.884 35.067 33.236
-9.949 35.141 33.220
-10.014 35.216 33.204
-10.079 35.290 33.188
-10.144 35.364 33.172
-10.209 35.438 33.156
-10.274 35.513 33.140
-10.339 35.587 33.124
-10.404 35.661 33.108
-10.469 35.736 33.093
-10.534 35.810 33.077
-10.599 35.884 33.061
-10.664 35.958 33.045
-10.729 36.033 33.029
-10.794 36.107 33.013
-10.859 36.181 32.997
-10.924 36.255 32.981
-10.989 36.330 32.966
-11.054 36.404 32.950
-11.119 36.478 32.934
-11.185 36.553 32.918
-11.250 36.627 32.902
-11.315 36.701 32.886
-11.380 36.775 32.870
-11.445 36.850 32.854
-11.510 36.924 32.839
-11.575 36.998 32.823
-11.640 37.072 32.807
-11.705 37.147 32.791
-11.770 37.221 32.775
-11.835 37.295 32.759
-11.900 37.370 32.743
-11.965 37.444 32.727
-12.030 37.518 32.711
-12.095 37.592 32.696
-12.160 37.667 32.680
-12.225 37.741 32.664
-12.290 37.815 32.648
-12.355 37.890 32.632
-12.420 37.964 32.616
-12.485 38.038 32.600
-12.550 38.112 32.584
-12.615 38.187 32.568
-12.680 38.261 32.553
-12.745 38.335 32.537
-12.810 38.409 32.521
-12.876 38.484 32.505
-12.941 38.558 32.489
-13.006 38.632 32.473
-13.071 38.707 32.457
-13.136 38.781 32.441
-13.201 38.855 32.425
-13.266 38.930 32.410
-13.331 39.004 32.394
-13.396 39.078 32.378
-13.461 39.152 32.362
-13.526 39.227 32.346
-13.591 39.301 32.330
-13.656 39.375 32.314
-13.721 39.450 32.298
-13.786 39.524 32.282
-13.851 39.598 32.267
-13.916 39.673 32.251
-13.981 39.747 32.235
-14.046 39.821 32.219
-14.111 39.896 32.203
-14.176 39.970 32.187
-14.241 40.044 32.171
-14.306 40.118 32.155
-14.371 40.193 32.140
-14.436 40.267 32.124
-14.501 40.341 32.108
-14.566 40.416 32.092
-14.631 40.490 32.076
-14.696 40.564 32.060
-14.761 40.639 32.044
-14.826 40.713 32.028
-14.891 40.787 32.012
-14.956 40.861 31.997
-15.021 40.936 31.981
-15.086 41.010 31.965
-15.151 41.084 31.949
-15.216 41.159 31.933
-15.281 41.233 31.917
-15.346 41.307 31.901
-15.411 41.381 31.885
-15.476 41.456 31.870
-15.541 41.530 31.854
-15.606 41.604 31.838
-15.671 41.679 31.822
-15.736 41.753 31.806
-15.801 41.827 31.790
-15.866 41.901 31.774
-15.931 41.976 31.758
-15.996 42.050 31.742
-16.061 42.124 31.727
-16.126 42.199 31.711
-16.192 42.273 31.695
-16.257 42.347 31.679
-16.322 42.421 31.663
-16.387 42.496 31.647
-16.452 42.570 31.631
-16.517 42.644 31.615
-16.582 42.719 31.600
-16.647 42.793 31.584
-16.712 42.867 31.568
-16.777 42.941 31.552
-16.842 43.016 31.536
-16.907 43.090 31.520
-16.972 43.164 31.504
-17.037 43.239 31.488
-17.102 43.313 31.473
-17.167 43.387 31.457
-17.232 43.461 31.441
-17.297 43.536 31.425
-17.362 43.610 31.409
-17.427 43.684 31.393
-17.492 43.759 31.377
-17.557 43.833 31.361
-17.622 43.907 31.345
-17.687 43.981 31.329
-17.752 44.056 31.314
-17.817 44.130 31.298
-17.882 44.204 31.282
-17.947 44.278 31.266
-18.012 44.353 31.250
-18.078 44.427 31.234
-18.143 44.501 31.218
-18.208 44.576 31.202
-18.273 44.650 31.186
-18.338 44.724 31.171
-18.403 44.798 31.155
-18.468 44.873 31.139
-18.533 44.947 31.123
-18.598 45.021 31.107
-18.663 45.095 31.091
-18.728 45.169 31.075
-18.793 45.244 31.059
-18.858 45.318 31.044
-18.924 45.392 31.028
-18.989 45.466 31.012
-19.054 45.541 30.996
-19.119 45.615 30.980
-19.184 45.689 30.964
-19.249 45.763 30.948
-19.314 45.837 30.932
-19.379 45.912 30.917
-19.444 45.986 30.901
-19.510 46.060 30.885
-19.575 46.134 30.869
-19.640 46.209 30.853
-19.705 46.283 30.837
-19.770 46.357 30.821
-19.835 46.431 30.805
-19.900 46.505 30.790
-19.965 46.580 30.774
-20.030 46.654 30.758
-20.095 46.728 30.742
-20.161 46.802 30.726
-20.226 46.877 30.710
-20.291 46.951 30.694
-20.356 47.025 30.678
-20.421 47.099 30.663
-20.486 47.173 30.647
-20.551 47.248 30.631
-20.616 47.322 30.615
-20.681 47.396 30.599
-20.747 47.470 30.583
-20.812 47.545 30.567
-20.877 47.619 30.551
-20.942 47.693 30.535
-21.007 47.767 30.520
-21.072 47.841 30.504
-21.137 47.915 30.488
-21.203 47.989 30.472
-21.268 48.064 30.456
-21.333 48.138 30.440
-21.398 48.212 30.424
-21.464 48.286 30.408
-21.529 48.360 30.392
-21.594 48.434 30.376
-21.659 48.508 30.360
-21.724 48.582 30.344
-21.790 48.656 30.328
-21.855 48.730 30.312
-21.920 48.804 30.295
-21.985 48.879 30.279
-22.051 48.953 30.263
-22.116 49.027 30.247
-22.181 49.101 30.231
-22.246 49.175 30.215
-22.311 49.249 30.199
-22.377 49.323 30.183
-22.442 49.397 30.167
-22.507 49.471 30.151
-22.572 49.545 30.135
-22.638 49.619 30.120
-22.703 49.693 30.104
-22.768 49.768 30.088
-22.833 49.842 30.072
-22.899 49.916 30.056
-22.964 49.990 30.040
-23.029 50.064 30.024
-23.094 50.138 30.008
-23.160 50.212 29.992
-23.225 50.286 29.976
-23.290 50.360 29.960
-23.355 50.434 29.944
-23.421 50.508 29.928
-23.486 50.582 29.912
-23.551 50.657 29.896
-23.616 50.731 29.880
-23.682 50.805 29.864
-23.747 50.879 29.848
-23.812 50.953 29.832
-23.877 51.027 29.816
-23.943 51.101 29.800
-24.008 51.175 29.784
-24.073 51.249 29.768
-24.138 51.323 29.752
-24.204 51.397 29.736
-24.269 51.471 29.720
-24.334 51.546 29.704
-24.399 51.620 29.688
-24.465 51.694 29.672
-24.530 51.768 29.656
-24.595 51.842 29.640
-24.660 51.916 29.624
-24.725 51.990 29.608
-24.791 52.064 29.593
-24.856 52.138 29.577
-24.921 52.212 29.561
-24.986 52.286 29.545
-25.046 52.355 29.533
-25.055 52.364 29.532
-25.064 52.375 29.530
-25.074 52.387 29.528
-25.086 52.400 29.526
-25.098 52.414 29.524
-25.112 52.430 29.521
-25.127 52.447 29.519
-25.143 52.466 29.516
-25.162 52.487 29.513
-25.182 52.510 29.509
-25.204 52.535 29.505
-25.228 52.563 29.501
-25.255 52.594 29.496
-25.285 52.628 29.491
-25.317 52.665 29.486
-25.353 52.706 29.480
-25.392 52.751 29.473
-25.435 52.801 29.465
-25.483 52.856 29.457
-25.535 52.916 29.448
-25.593 52.982 29.438
-25.656 53.054 29.427
-25.722 53.129 29.416
-25.787 53.204 29.405
-25.852 53.279 29.394
-25.917 53.354 29.382
-25.983 53.429 29.371
-26.048 53.504 29.360
-26.113 53.579 29.349
-26.179 53.654 29.337
-26.244 53.729 29.326
-26.309 53.803 29.315
-26.375 53.878 29.304
-26.440 53.953 29.293
-26.505 54.028 29.281
-26.570 54.103 29.270
-26.636 54.178 29.259
-26.701 54.253 29.248
-26.766 54.328 29.236
-26.832 54.403 29.225
-26.897 54.478 29.214
-26.962 54.552 29.203
-27.027 54.627 29.192
-27.093 54.702 29.180
-27.158 54.777 29.169
-27.223 54.852 29.158
-27.289 54.927 29.147
-27.354 55.002 29.135
-27.419 55.077 29.124
-27.484 55.152 29.113
-27.550 55.227 29.102
-27.615 55.302 29.090
-27.680 55.377 29.079
-27.745 55.452 29.068
-27.811 55.527 29.056
-27.876 55.602 29.045
-27.941 55.677 29.034
-28.006 55.752 29.022
-28.071 55.827 29.011
-28.136 55.902 28.999
-28.201 55.977 28.988
-28.266 56.052 28.976
-28.332 56.127 28.965
-28.397 56.202 28.954
-28.462 56.277 28.942
-28.527 56.352 28.931
-28.592 56.427 28.919
-28.657 56.502 28.908
-28.722 56.577 28.896
-28.787 56.652 28.885
-28.853 56.727 28.874
-28.918 56.802 28.862
-28.983 56.877 28.851
-29.048 56.952 28.839
-29.113 57.027 28.828
-29.178 57.102 28.816
-29.243 57.177 28.805
-29.308 57.252 28.794
-29.374 57.327 28.782
-29.439 57.402 28.771
-29.504 57.477 28.759
-29.569 57.552 28.748
-29.634 57.627 28.737
-29.699 57.702 28.725
-29.764 57.777 28.714
-29.829 57.852 28.702
-29.894 57.927 28.691
-29.960 58.002 28.679
-30.025 58.077 28.668
-30.090 58.152 28.657
-30.155 58.227 28.645
-30.220 58.302 28.634
-30.285 58.377 28.622
-30.350 58.452 28.611
-30.415 58.528 28.600
-30.480 58.603 28.588
-30.546 58.678 28.577
-30.611 58.753 28.565
-30.676 58.828 28.554
-30.741 58.903 28.542
-30.806 58.978 28.531
-30.871 59.053 28.520
-30.936 59.128 28.508
-31.001 59.203 28.497
-31.066 59.278 28.485
-31.131 59.353 28.474
-31.197 59.428 28.462
-31.262 59.503 28.451
-31.327 59.578 28.440
-31.392 59.653 28.428
-31.457 59.728 28.417
-31.522 59.803 28.405
-31.587 59.878 28.394
-31.652 59.953 28.383
-31.717 60.028 28.371
-31.782 60.103 28.360
-31.847 60.178 28.348
-31.912 60.254 28.337
-31.978 60.329 28.325
-32.043 60.404 28.314
-32.108 60.479 28.303
-32.173 60.554 28.291
-32.238 60.629 28.280
-32.303 60.704 28.268
-32.368 60.779 28.257
-32.433 60.854 28.246
-32.498 60.929 28.234
-32.563 61.004 28.223
-32.628 61.079 28.211
-32.693 61.155 28.200
-32.758 61.230 28.189
-32.823 61.305 28.177
-32.888 61.380 28.166
-32.953 61.455 28.155
-33.019 61.530 28.143
-33.084 61.605 28.132
-33.149 61.680 28.120
-33.214 61.755 28.109
-33.279 61.830 28.098
-33.344 61.905 28.086
-33.409 61.980 28.075
-33.474 62.055 28.063
-33.539 62.131 28.052
-33.604 62.206 28.041
-33.669 62.281 28.029
-33.734 62.356 28.018
-33.799 62.431 28.006
-33.864 62.506 27.995
-33.929 62.581 27.984
-33.994 62.656 27.972
-34.060 62.731 27.961
-34.125 62.806 27.949
-34.190 62.881 27.938
-34.255 62.956 27.927
-34.320 63.031 27.915
-34.385 63.107 27.904
-34.450 63.182 27.892
-34.515 63.257 27.881
-34.580 63.332 27.870
-34.645 63.407 27.858
-34.710 63.482 27.847
-34.775 63.557 27.835
-34.840 63.632 27.824
-34.905 63.707 27.813
-34.970 63.782 27.801
-35.035 63.857 27.790
-35.100 63.932 27.778
-35.165 64.008 27.767
-35.231 64.083 27.756
-35.296 64.158 27.744
-35.361 64.233 27.733
-35.426 64.308 27.721
-35.491 64.383 27.710
-35.556 64.458 27.699
-35.621 64.533 27.687
-35.686 64.608 27.676
-35.751 64.683 27.664
-35.816 64.758 27.653
-35.881 64.833 27.642
-35.946 64.909 27.630
-36.011 64.984 27.619
-36.076 65.059 27.607
-36.141 65.134 27.596
-36.206 65.209 27.584
-36.271 65.284 27.573
-36.337 65.359 27.562
-36.402 65.434 27.550
-36.467 65.509 27.539
-36.532 65.584 27.527
-36.597 65.659 27.516
-36.662 65.734 27.505
-36.727 65.809 27.493
-36.792 65.884 27.482
-36.857 65.959 27.470
-36.922 66.035 27.459
-36.987 66.110 27.447
-37.052 66.185 27.436
-37.117 66.260 27.425
-37.183 66.335 27.413
-37.248 66.410 27.402
-37.313 66.485 27.390
-37.378 66.560 27.379
-37.443 66.635 27.368
-37.508 66.710 27.356
-37.573 66.785 27.345
-37.638 66.860 27.333
-37.703 66.935 27.322
-37.768 67.010 27.311
-37.833 67.085 27.299
-37.898 67.161 27.288
-37.963 67.236 27.276
-38.029 67.311 27.265
-38.094 67.386 27.254
-38.159 67.461 27.242
-38.224 67.536 27.231
-38.289 67.611 27.219
-38.354 67.686 27.208
-38.419 67.761 27.197
-38.484 67.836 27.185
-38.549 67.911 27.174
-38.614 67.986 27.162
-38.679 68.061 27.151
-38.745 68.136 27.139
-38.810 68.211 27.128
-38.875 68.286 27.117
-38.940 68.361 27.105
-39.005 68.436 27.094
-39.070 68.511 27.082
-39.135 68.586 27.071
-39.200 68.661 27.059
-39.265 68.736 27.048
-39.331 68.811 27.036
-39.396 68.886 27.025
-39.461 68.961 27.013
-39.526 69.037 27.002
-39.591 69.112 26.991
-39.656 69.187 26.979
-39.721 69.262 26.968
-39.786 69.337 26.956
-39.852 69.412 26.945
-39.917 69.487 26.934
-39.982 69.561 26.922
-40.047 69.636 26.911
-40.112 69.711 26.900
-40.178 69.786 26.889
-40.243 69.861 26.877
-40.308 69.936 26.866
-40.374 70.011 26.855
-40.439 70.086 26.844
-40.504 70.161 26.833
-40.569 70.236 26.821
-40.635 70.311 26.810
-40.700 70.386 26.799
-40.765 70.461 26.788
-40.830 70.536 26.777
-40.896 70.611 26.765
-40.961 70.685 26.754
-41.026 70.760 26.743
-41.092 70.835 26.732
-41.157 70.910 26.721
-41.222 70.985 26.709
-41.287 71.060 26.698
-41.353 71.135 26.687
-41.418 71.210 26.676
-41.483 71.285 26.665
-41.548 71.360 26.653
-41.614 71.435 26.642
-41.679 71.510 26.631
-41.744 71.585 26.620
-41.809 71.659 26.609
-41.875 71.734 26.597
-41.940 71.809 26.586
-42.005 71.884 26.575
-42.071 71.959 26.564
-42.136 72.034 26.553
-42.201 72.109 26.541
-42.266 72.184 26.530
-42.332 72.259 26.519
-42.397 72.333 26.508
-42.463 72.407 26.496
-42.527 72.476 26.484
-42.595 72.548 26.471
-42.664 72.620 26.458
-42.732 72.692 26.446
-42.800 72.764 26.433
-42.868 72.836 26.420
-42.936 72.908 26.407
-43.005 72.980 26.394
-43.073 73.052 26.381
-43.141 73.124 26.368
-43.209 73.196 26.355
-43.277 73.268 26.343
-43.346 73.340 26.330
-43.414 73.412 26.317
-43.482 73.484 26.304
-43.550 73.556 26.291
-43.618 73.628 26.278
-43.687 73.700 26.265
-43.755 73.772 26.253
-43.823 73.844 26.240
-43.891 73.916 26.227
-43.960 73.988 26.214
-44.028 74.060 26.201
-44.096 74.132 26.188
-44.164 74.204 26.175
-44.232 74.276 26.162
-44.301 74.348 26.150
-44.369 74.420 26.137
-44.437 74.492 26.124
-44.505 74.564 26.111
-44.573 74.636 26.098
-44.642 74.708 26.085
-44.710 74.780 26.072
-44.778 74.852 26.060
-44.846 74.924 26.047
-44.915 74.996 26.034
-44.983 75.068 26.021
-45.051 75.140 26.008
-45.119 75.212 25.995
-45.187 75.284 25.982
-45.256 75.356 25.969
-45.324 75.428 25.956
-45.392 75.500 25.943
-45.460 75.572 25.930
-45.528 75.644 25.917
-45.596 75.716 25.904
-45.665 75.788 25.891
-45.733 75.860 25.878
-45.801 75.932 25.865
-45.869 76.004 25.852
-45.937 76.076 25.839
-46.005 76.148 25.825
-46.074 76.220 25.812
-46.142 76.292 25.799
-46.210 76.364 25.786
-46.278 76.436 25.773
-46.346 76.508 25.760
-46.414 76.580 25.747
-46.483 76.652 25.734
-46.551 76.724 25.721
-46.619 76.796 25.708
-46.687 76.868 25.695
-46.755 76.939 25.682
-46.823 77.011 25.669
-46.892 77.083 25.656
-46.960 77.155 25.643
-47.028 77.227 25.630
-47.096 77.299 25.617
-47.164 77.371 25.604
-47.232 77.443 25.591
-47.301 77.515 25.578
-47.369 77.587 25.565
-47.437 77.659 25.552
-47.505 77.731 25.539
-47.573 77.803 25.526
-47.641 77.875 25.513
-47.710 77.947 25.500
-47.778 78.019 25.487
-47.846 78.091 25.474
-47.914 78.163 25.461
-47.982 78.235 25.448
-48.051 78.307 25.435
-48.119 78.379 25.422
-48.187 78.451 25.409
-48.255 78.523 25.396
-48.323 78.595 25.383
-48.391 78.667 25.370
-48.460 78.739 25.357
-48.528 78.811 25.344
-48.596 78.883 25.331
-48.664 78.955 25.318
-48.732 79.027 25.305
-48.800 79.099 25.292
-48.869 79.171 25.279
-48.937 79.243 25.266
-49.005 79.315 25.253
-49.073 79.387 25.240
-49.141 79.459 25.227
-49.209 79.531 25.214
-49.277 79.604 25.202
-49.345 79.676 25.189
-49.413 79.749 25.177
-49.480 79.821 25.164
-49.548 79.894 25.152
-49.615 79.967 25.140
-49.682 80.040 25.128
-49.750 80.113 25.116
-49.817 80.186 25.103
-49.885 80.259 25.091
-49.952 80.331 25.079
-50.019 80.404 25.067
-50.087 80.477 25.055
-50.154 80.550 25.043
-50.222 80.623 25.031
-50.289 80.696 25.018
-50.356 80.769 25.006
-50.424 80.842 24.994
-50.491 80.914 24.982
-50.559 80.987 24.970
-50.626 81.060 24.958
-50.693 81.133 24.946
-50.761 81.206 24.933
-50.828 81.279 24.921
-50.896 81.352 24.909
-50.963 81.425 24.897
-51.030 81.498 24.885
-51.098 81.570 24.873
-51.165 81.643 24.861
-51.232 81.716 24.849
-51.300 81.789 24.836
-51.367 81.862 24.824
-51.435 81.935 24.812
-51.502 82.008 24.800
-51.569 82.081 24.788
-51.637 82.153 24.776
-51.704 82.226 24.764
-51.772 82.299 24.751
-51.839 82.372 24.739
-51.906 82.445 24.727
-51.974 82.518 24.715
-52.041 82.591 24.703
-52.108 82.664 24.691
-52.176 82.736 24.678
-52.243 82.809 24.666
-52.310 82.882 24.654
-52.378 82.955 24.642
-52.445 83.028 24.629
-52.512 83.101 24.617
-52.580 83.174 24.605
-52.647 83.247 24.593
-52.714 83.320 24.580
-52.781 83.393 24.568
-52.849 83.466 24.556
-52.916 83.539 24.543
-52.983 83.612 24.531
-53.051 83.685 24.519
-53.118 83.758 24.506
-53.185 83.831 24.494
-53.252 83.904 24.482
-53.320 83.977 24.469
-53.387 84.049 24.457
-53.454 84.122 24.445
-53.522 84.195 24.433
-53.589 84.268 24.420
-53.656 84.341 24.408
-53.723 84.414 24.396
-53.791 84.487 24.384
-53.858 84.560 24.371
-53.925 84.633 24.359
-53.992 84.706 24.347
-54.060 84.779 24.334
-54.127 84.852 24.322
-54.194 84.925 24.310
-54.261 84.998 24.298
-54.329 85.071 24.285
-54.396 85.144 24.273
-54.463 85.217 24.261
-54.530 85.290 24.249
-54.598 85.363 24.236
-54.665 85.436 24.224
-54.732 85.509 24.212
-54.799 85.582 24.200
-54.867 85.655 24.187
-54.934 85.728 24.175
-55.001 85.801 24.163
-55.068 85.874 24.151
-55.136 85.947 24.138
-55.203 86.020 24.126
-55.270 86.093 24.114
-55.337 86.166 24.101
-55.405 86.239 24.089
-55.472 86.312 24.077
-55.539 86.385 24.065
-55.606 86.458 24.052
-55.674 86.531 24.040
-55.741 86.604 24.028
-55.808 86.677 24.015
-55.875 86.750 24.003
-55.943 86.823 23.991
-56.010 86.896 23.979
-56.077 86.969 23.966
-56.144 87.042 23.954
-56.212 87.115 23.942
-56.279 87.188 23.930
-56.346 87.261 23.917
-56.413 87.334 23.905
-56.480 87.407 23.893
-56.547 87.480 23.881
-56.614 87.553 23.869
-56.682 87.626 23.856
-56.749 87.699 23.844
-56.816 87.773 23.832
-56.883 87.846 23.820
-56.950 87.919 23.808
-57.017 87.992 23.796
-57.084 88.065 23.784
-57.151 88.138 23.771
-57.218 88.212 23.759
-57.285 88.285 23.747
-57.352 88.358 23.735
-57.419 88.431 23.723
-57.487 88.504 23.711
-57.554 88.577 23.699
-57.621 88.651 23.686
-57.688 88.724 23.674
-57.755 88.797 23.662
-57.822 88.870 23.650
-57.889 88.943 23.638
-57.956 89.016 23.626
-58.023 89.090 23.613
-58.090 89.163 23.601
-58.157 89.236 23.589
-58.224 89.309 23.577
-58.292 89.382 23.565
-58.359 89.455 23.553
-58.426 89.528 23.541
-58.493 89.602 23.528
-58.560 89.675 23.516
-58.627 89.748 23.504
-58.694 89.821 23.492
-58.761 89.894 23.480
-58.828 89.967 23.468
-58.895 90.041 23.456
-58.962 90.114 23.443
-59.029 90.187 23.431
-59.096 90.260 23.419
-59.163 90.333 23.407
-59.230 90.407 23.395
-59.298 90.480 23.383
-59.365 90.553 23.370
-59.432 90.626 23.358
-59.499 90.699 23.346
-59.566 90.773 23.334
-59.633 90.846 23.322
-59.700 90.919 23.310
-59.767 90.992 23.297
-59.834 91.065 23.285
-59.901 91.139 23.273
-59.968 91.212 23.261
-60.035 91.285 23.249
-60.102 91.358 23.237
-60.169 91.431 23.224
-60.236 91.505 23.212
-60.303 91.578 23.200
-60.370 91.651 23.188
-60.437 91.724 23.176
-60.504 91.797 23.163
-60.571 91.871 23.151
-60.638 91.944 23.139
-60.705 92.017 23.127
-60.772 92.090 23.115
-60.839 92.164 23.103
-60.906 92.237 23.090
-60.973 92.310 23.078
-61.040 92.383 23.066
-61.107 92.456 23.054
-61.174 92.530 23.042
-61.241 92.603 23.030
-61.308 92.676 23.018
-61.375 92.749 23.005
-61.442 92.822 22.993
-61.509 92.896 22.981
-61.576 92.969 22.969
-61.643 93.042 22.957
-61.710 93.115 22.945
-61.777 93.189 22.932
-61.844 93.262 22.920
-61.911 93.335 22.908
-61.978 93.408 22.896
-62.045 93.481 22.884
-62.112 93.555 22.872
-62.179 93.628 22.859
-62.246 93.701 22.847
-62.313 93.774 22.835
-62.380 93.847 22.823
-62.447 93.921 22.811
-62.514 93.994 22.799
-62.581 94.067 22.786
-62.648 94.140 22.774
-62.715 94.214 22.762
-62.782 94.287 22.750
-62.849 94.360 22.738
-62.917 94.433 22.726
-62.984 94.506 22.713
-63.051 94.580 22.701
-63.118 94.653 22.689
-63.185 94.726 22.677
-63.252 94.799 22.665
-63.319 94.873 22.653
-63.386 94.946 22.640
-63.453 95.019 22.628
-63.520 95.092 22.616
-63.587 95.165 22.604
-63.654 95.239 22.592
-63.721 95.312 22.580
-63.788 95.385 22.567
-63.855 95.458 22.555
-63.922 95.532 22.543
-63.989 95.605 22.531
-64.056 95.678 22.519
-64.123 95.751 22.507
-64.190 95.824 22.494
-64.257 95.898 22.482
-64.324 95.971 22.470
-64.391 96.044 22.458
-64.458 96.117 22.446
-64.525 96.191 22.434
-64.592 96.264 22.421
-64.659 96.337 22.409
-64.726 96.410 22.397
-64.793 96.483 22.385
-64.860 96.557 22.373
-64.927 96.630 22.361
-64.994 96.703 22.349
-65.061 96.776 22.336
-65.128 96.849 22.324
-65.195 96.923 22.312
-65.262 96.996 22.300
-65.329 97.069 22.288
-65.396 97.142 22.276
-65.463 97.215 22.263
-65.530 97.289 22.251
-65.597 97.362 22.239
-65.664 97.435 22.227
-65.731 97.508 22.215
-65.798 97.581 22.203
-65.865 97.655 22.191
-65.932 97.728 22.178
-65.999 97.801 22.166
-66.066 97.874 22.154
-66.133 97.947 22.142
-66.200 98.021 22.130
-66.267 98.094 22.118
-66.334 98.167 22.105
-66.402 98.240 22.093
-66.469 98.314 22.081
-66.536 98.387 22.069
-66.603 98.460 22.057
-66.670 98.533 22.045
-66.737 98.606 22.033
-66.804 98.680 22.020
-66.871 98.753 22.008
-66.938 98.826 21.996
-67.005 98.899 21.984
-67.072 98.972 21.972
-67.139 99.046 21.960
-67.206 99.119 21.947
-67.273 99.192 21.935
-67.340 99.265 21.923
-67.407 99.338 21.911
-67.474 99.412 21.899
-67.541 99.485 21.887
-67.608 99.558 21.874
-67.675 99.631 21.862
-67.742 99.704 21.850
-67.809 99.777 21.838
-67.876 99.851 21.826
-67.944 99.924 21.813
-68.011 99.997 21.801
-68.078 100.070 21.789
-68.145 100.143 21.777
-68.212 100.216 21.765
-68.279 100.289 21.753
-68.346 100.363 21.740
-68.413 100.436 21.728
-68.480 100.509 21.716
-68.547 100.582 21.704
-68.614 100.655 21.692
-68.681 100.728 21.679
-68.749 100.802 21.667
-68.816 100.875 21.655
-68.883 100.948 21.643
-68.950 101.021 21.631
-69.017 101.094 21.619
-69.084 101.167 21.606
-69.151 101.240 21.594
-69.218 101.314 21.582
-69.285 101.387 21.570
-69.352 101.460 21.558
-69.419 101.533 21.546
-69.486 101.606 21.533
-69.554 101.679 21.521
-69.621 101.752 21.509
-69.688 101.826 21.497
-69.755 101.899 21.485
-69.822 101.972 21.473
-69.889 102.045 21.460
-69.956 102.118 21.448
-70.023 102.191 21.436
-70.090 102.264 21.424
-70.157 102.338 21.412
-70.224 102.411 21.399
-70.292 102.484 21.387
-70.359 102.557 21.375
-70.426 102.630 21.363
-70.493 102.703 21.351
-70.560 102.776 21.338
-70.627 102.850 21.326
-70.694 102.923 21.314
-70.761 102.996 21.302
-70.828 103.069 21.290
-70.896 103.142 21.277
-70.963 103.215 21.265
-71.030 103.288 21.253
-71.097 103.361 21.241
-71.164 103.435 21.229
-71.231 103.508 21.216
-71.298 103.581 21.204
-71.365 103.654 21.192
-71.432 103.727 21.180
-71.500 103.800 21.168
-71.567 103.873 21.156
-71.634 103.946 21.144
-71.701 104.019 21.131
-71.768 104.092 21.119
-71.836 104.165 21.107
-71.903 104.238 21.095
-71.970 104.312 21.083
-72.037 104.385 21.071
-72.104 104.458 21.059
-72.172 104.531 21.047
-72.239 104.604 21.035
-72.306 104.677 21.023
-72.373 104.750 21.010
-72.440 104.823 20.998
-72.508 104.896 20.986
-72.575 104.969 20.974
-72.642 105.042 20.962
-72.709 105.115 20.950
-72.776 105.188 20.938
-72.844 105.261 20.926
-72.911 105.334 20.914
-72.978 105.407 20.902
-73.045 105.480 20.890
-73.112 105.553 20.877
-73.180 105.627 20.865
-73.247 105.700 20.853
-73.314 105.773 20.841
-73.381 105.846 20.829
-73.448 105.919 20.817
-73.516 105.992 20.805
-73.583 106.065 20.793
-73.650 106.138 20.781
-73.717 106.211 20.769
-73.784 106.284 20.756
-73.852 106.357 20.744
-73.919 106.430 20.732
-73.986 106.503 20.720
-74.053 106.576 20.708
-74.121 106.649 20.696
-74.188 106.722 20.684
-74.256 106.795 20.672
-74.323 106.867 20.660
-74.391 106.940 20.647
-74.458 107.013 20.635
-74.526 107.085 20.623
-74.594 107.158 20.611
-74.661 107.231 20.599
-74.729 107.304 20.587
-74.796 107.376 20.575
-74.864 107.449 20.562
-74.931 107.522 20.550
-74.999 107.594 20.538
-75.067 107.667 20.526
-75.134 107.740 20.514
-75.202 107.812 20.502
-75.269 107.885 20.490
-75.337 107.958 20.478
-75.405 108.031 20.465
-75.472 108.103 20.453
-75.540 108.176 20.441
-75.607 108.249 20.429
-75.675 108.321 20.417
-75.742 108.394 20.405
-75.810 108.467 20.393
-75.878 108.539 20.380
-75.945 108.612 20.368
-76.013 108.685 20.356
-76.080 108.758 20.344
-76.148 108.830 20.332
-76.216 108.903 20.320
-76.283 108.976 20.308
-76.351 109.048 20.296
-76.418 109.121 20.283
-76.486 109.194 20.271
-76.553 109.266 20.259
-76.621 109.339 20.247
-76.689 109.412 20.235
-76.756 109.485 20.223
-76.824 109.557 20.211
-76.891 109.630 20.198
-76.959 109.703 20.186
-77.027 109.775 20.174
-77.094 109.848 20.162
-77.162 109.921 20.150
-77.229 109.993 20.137
-77.297 110.066 20.125
-77.365 110.139 20.113
-77.432 110.211 20.101
-77.500 110.284 20.088
-77.567 110.357 20.076
-77.635 110.429 20.064
-77.703 110.502 20.052
-77.770 110.575 20.039
-77.838 110.647 20.027
-77.905 110.720 20.015
-77.973 110.793 20.003
-78.041 110.865 19.990
-78.108 110.938 19.978
-78.176 111.011 19.966
-78.243 111.083 19.954
-78.311 111.156 19.942
-78.379 111.228 19.930
-78.446 111.301 19.918
-78.514 111.374 19.905
-78.582 111.446 19.893
-78.649 111.519 19.881
-78.717 111.592 19.869
-78.785 111.664 19.857
-78.852 111.737 19.845
-78.920 111.810 19.833
-78.987 111.882 19.821
-79.055 111.955 19.809
-79.123 112.028 19.797
-79.190 112.100 19.785
-79.258 112.173 19.773
-79.326 112.246 19.761
-79.393 112.318 19.749
-79.461 112.391 19.737
-79.529 112.464 19.725
-79.596 112.536 19.713
-79.664 112.609 19.701
-79.732 112.682 19.689
-79.799 112.754 19.677
-79.867 112.827 19.665
-79.935 112.900 19.653
-80.002 112.972 19.640
-80.070 113.045 19.628
-80.137 113.117 19.616
-80.205 113.190 19.604
-80.273 113.263 19.592
-80.340 113.335 19.580
-80.408 113.408 19.568
-80.476 113.481 19.556
-80.543 113.553 19.544
-80.611 113.626 19.532
-80.679 113.699 19.520
-80.746 113.771 19.508
-80.814 113.844 19.496
-80.881 113.917 19.484
-80.949 113.989 19.472
-81.016 114.062 19.460
-81.084 114.135 19.448
-81.150 114.208 19.436
-81.217 114.282 19.423
-81.283 114.356 19.411
-81.349 114.430 19.399
-81.416 114.504 19.387
-81.482 114.578 19.375
-81.548 114.652 19.363
-81.614 114.726 19.351
-81.680 114.800 19.339
-81.746 114.874 19.327
-81.813 114.949 19.315
-81.879 115.023 19.303
-81.945 115.097 19.291
-82.011 115.171 19.279
-82.077 115.245 19.267
-82.143 115.319 19.255
-82.209 115.393 19.243
-82.276 115.467 19.231
-82.342 115.541 19.219
-82.408 115.615 19.207
-82.474 115.689 19.195
-82.540 115.763 19.183
-82.606 115.837 19.171
-82.672 115.911 19.159
-82.739 115.985 19.147
-82.805 116.059 19.135
-82.871 116.133 19.123
-82.937 116.207 19.110
-83.003 116.281 19.098
-83.069 116.355 19.086
-83.136 116.429 19.074
-83.202 116.503 19.062
-83.268 116.577 19.050
-83.334 116.651 19.038
-83.400 116.725 19.026
-83.466 116.799 19.014
-83.532 116.873 19.002
-83.598 116.947 18.990
-83.665 117.021 18.978
-83.731 117.095 18.966
-83.797 117.169 18.953
-83.863 117.243 18.941
-83.929 117.317 18.929
-83.995 117.391 18.917
-84.061 117.466 18.904
-84.127 117.540 18.892
-84.193 117.614 18.880
-84.259 117.688 18.868
-84.325 117.762 18.855
-84.391 117.836 18.843
-84.457 117.910 18.831
-84.523 117.984 18.818
-84.589 118.058 18.806
-84.655 118.132 18.794
-84.721 118.206 18.781
-84.787 118.281 18.769
-84.853 118.355 18.757
-84.919 118.429 18.745
-84.985 118.503 18.732
-85.051 118.577 18.720
-85.117 118.651 18.708
-85.183 118.725 18.695
-85.249 118.799 18.683
-85.315 118.873 18.671
-85.381 118.947 18.659
-85.447 119.022 18.646
-85.513 119.096 18.634
-85.579 119.170 18.622
-85.645 119.244 18.610
-85.711 119.318 18.597
-85.777 119.392 18.585
-85.843 119.466 18.573
-85.909 119.540 18.561
-85.975 119.614 18.548
-86.041 119.689 18.536
-86.107 119.763 18.524
-86.173 119.837 18.512
-86.239 119.911 18.499
-86.305 119.985 18.487
-86.371 120.059 18.475
-86.437 120.133 18.462
-86.503 120.207 18.450
-86.569 120.282 18.438
-86.635 120.356 18.426
-86.701 120.430 18.413
-86.767 120.504 18.401
-86.833 120.578 18.389
-86.899 120.652 18.377
-86.965 120.726 18.364
-87.031 120.800 18.352
-87.097 120.875 18.340
-87.163 120.949 18.327
-87.229 121.023 18.315
-87.295 121.097 18.303
-87.361 121.171 18.291
-87.427 121.245 18.278
-87.493 121.319 18.266
-87.559 121.393 18.254
-87.625 121.468 18.242
-87.691 121.542 18.229
-87.757 121.616 18.217
-87.823 121.690 18.205
-87.889 121.764 18.193
-87.955 121.838 18.180
-88.021 121.913 18.168
-88.087 121.987 18.156
-88.153 122.061 18.144
-88.218 122.135 18.132
-88.284 122.209 18.119
-88.350 122.284 18.107
-88.416 122.358 18.095
-88.482 122.432 18.083
-88.548 122.506 18.070
-88.614 122.581 18.058
-88.680 122.655 18.046
-88.746 122.729 18.034
-88.812 122.803 18.022
-88.878 122.877 18.009
-88.943 122.952 17.997
-89.009 123.026 17.985
-89.075 123.100 17.973
-89.141 123.174 17.961
-89.207 123.248 17.948
-89.273 123.323 17.936
-89.339 123.397 17.924
-89.405 123.471 17.912
-89.471 123.545 17.900
-89.537 123.619 17.887
-89.602 123.694 17.875
-89.668 123.768 17.863
-89.734 123.842 17.851
-89.800 123.916 17.839
-89.866 123.991 17.826
-89.932 124.065 17.814
-89.998 124.139 17.802
-90.064 124.213 17.790
-90.130 124.287 17.778
-90.196 124.362 17.765
-90.262 124.436 17.753
-90.327 124.510 17.741
-90.393 124.584 17.729
-90.459 124.658 17.716
-90.525 124.733 17.704
-90.591 124.807 17.692
-90.657 124.881 17.680
-90.723 124.955 17.668
-90.789 125.030 17.655
-90.854 125.104 17.643
-90.920 125.178 17.631
-90.986 125.252 17.619
-91.052 125.327 17.606
-91.118 125.401 17.594
-91.184 125.475 17.582
-91.249 125.549 17.570
-91.315 125.624 17.557
-91.381 125.698 17.545
-91.447 125.772 17.533
-91.513 125.846 17.521
-91.579 125.921 17.508
-91.645 125.995 17.496
-91.710 126.069 17.484
-91.776 126.143 17.472
-91.842 126.218 17.460
-91.908 126.292 17.447
-91.974 126.366 17.435
-92.040 126.440 17.423
-92.106 126.515 17.411
-92.171 126.589 17.398
-92.237 126.663 17.386
-92.303 126.737 17.374
-92.369 126.812 17.362
-92.435 126.886 17.349
-92.501 126.960 17.337
-92.567 127.034 17.325
-92.632 127.109 17.313
-92.698 127.183 17.300
-92.764 127.257 17.288
-92.830 127.331 17.276
-92.896 127.406 17.264
-92.962 127.480 17.251
-93.028 127.554 17.239
-93.093 127.628 17.227
-93.159 127.703 17.215
-93.225 127.777 17.202
-93.291 127.851 17.190
-93.357 127.925 17.178
-93.423 128.000 17.166
-93.489 128.074 17.154
-93.554 128.148 17.141
-93.620 128.222 17.129
-93.686 128.297 17.117
-93.752 128.371 17.105
-93.818 128.445 17.092
-93.884 128.519 17.080
-93.950 128.594 17.068
-94.015 128.668 17.056
-94.081 128.742 17.043
-94.147 128.816 17.031
-94.213 128.891 17.019
-94.279 128.965 17.007
-94.345 129.039 16.994
-94.411 129.113 16.982
-94.476 129.188 16.970
-94.542 129.262 16.958
-94.608 129.336 16.946
-94.674 129.410 16.933
-94.740 129.485 16.921
-94.806 129.559 16.909
-94.872 129.633 16.897
-94.937 129.707 16.884
-95.003 129.782 16.872
-95.069 129.856 16.860
-95.135 129.930 16.848
-95.201 130.004 16.835
-95.267 130.079 16.823
-95.333 130.153 16.811
-95.399 130.227 16.799
-95.464 130.301 16.786
-95.530 130.375 16.774
-95.596 130.450 16.762
-95.662 130.524 16.750
-95.728 130.598 16.737
-95.794 130.672 16.725
-95.860 130.747 16.713
-95.926 130.821 16.701
-95.991 130.895 16.689
-96.057 130.969 16.676
-96.123 131.043 16.664
-96.189 131.118 16.652
-96.255 131.192 16.640
-96.321 131.266 16.628
-96.387 131.340 16.615
-96.453 131.414 16.603
-96.519 131.489 16.591
-96.585 131.563 16.579
-96.651 131.637 16.566
-96.717 131.711 16.554
-96.783 131.785 16.542
-96.849 131.859 16.530
-96.915 131.934 16.518
-96.980 132.008 16.505
-97.046 132.082 16.493
-97.112 132.156 16.481
-97.178 132.230 16.469
-97.244 132.305 16.457
-97.310 132.379 16.444
-97.376 132.453 16.432
-97.442 132.527 16.420
-97.508 132.601 16.408
-97.574 132.675 16.396
-97.640 132.750 16.383
-97.706 132.824 16.371
-97.772 132.898 16.359
-97.838 132.972 16.347
-97.904 133.046 16.335
-97.970 133.121 16.322
-98.036 133.195 16.310
-98.101 133.269 16.298
-98.167 133.343 16.286
-98.233 133.417 16.274
-98.299 133.491 16.261
-98.365 133.566 16.249
-98.431 133.640 16.237
-98.497 133.714 16.225
-98.563 133.788 16.213
-98.629 133.862 16.200
-98.695 133.936 16.188
-98.761 134.010 16.176
-98.827 134.084 16.164
-98.894 134.158 16.151
-98.960 134.232 16.139
-99.026 134.306 16.127
-99.092 134.380 16.114
-99.158 134.454 16.102
-99.224 134.528 16.090
-99.290 134.602 16.078
-99.357 134.676 16.065
-99.423 134.750 16.053
-99.489 134.824 16.041
-99.555 134.898 16.028
-99.621 134.972 16.016
-99.687 135.046 16.004
-99.753 135.120 15.992
-99.820 135.194 15.979
-99.886 135.268 15.967
-99.952 135.342 15.955
-100.018 135.416 15.942
-100.084 135.490 15.930
-100.150 135.564 15.918
-100.217 135.638 15.906
-100.283 135.712 15.893
-100.349 135.786 15.881
-100.415 135.860 15.869
-100.481 135.934 15.857
-100.547 136.008 15.844
-100.613 136.082 15.832
-100.680 136.156 15.820
-100.746 136.230 15.807
-100.812 136.304 15.795
-100.878 136.378 15.783
-100.944 136.452 15.771
-101.010 136.526 15.758
-101.077 136.600 15.746
-101.143 136.673 15.734
-101.209 136.747 15.722
-101.275 136.821 15.709
-101.341 136.895 15.697
-101.407 136.969 15.685
-101.474 137.043 15.672
-101.540 137.117 15.660
-101.606 137.191 15.648
-101.672 137.265 15.636
-101.738 137.339 15.623
-101.804 137.413 15.611
-101.871 137.487 15.599
-101.937 137.561 15.586
-102.003 137.635 15.574
-102.069 137.709 15.562
-102.135 137.783 15.550
-102.201 137.857 15.537
-102.267 137.931 15.525
-102.334 138.005 15.513
-102.400 138.079 15.500
-102.466 138.153 15.488
-102.532 138.227 15.476
-102.598 138.301 15.464
-102.665 138.375 15.452
-102.731 138.449 15.440
-102.797 138.523 15.428
-102.863 138.597 15.416
-102.930 138.671 15.404
-102.996 138.745 15.393
-103.062 138.819 15.381
-103.128 138.893 15.369
-103.195 138.966 15.357
-103.261 139.040 15.345
-103.327 139.114 15.334
-103.393 139.188 15.322
-103.460 139.262 15.310
-103.526 139.336 15.298
-103.592 139.410 15.287
-103.658 139.484 15.275
-103.725 139.558 15.263
-103.791 139.632 15.251
-103.857 139.706 15.239
-103.923 139.780 15.228
-103.990 139.854 15.216
-104.056 139.928 15.204
-104.122 140.002 15.192
-104.188 140.076 15.181
-104.255 140.150 15.169
-104.321 140.224 15.157
-104.387 140.298 15.145
-104.453 140.372 15.133
-104.520 140.446 15.122
-104.586 140.520 15.110
-104.652 140.594 15.098
-104.718 140.668 15.086
-104.785 140.742 15.075
-104.851 140.816 15.063
-104.917 140.890 15.051
-104.984 140.964 15.039
-105.050 141.037 15.027
-105.116 141.111 15.016
-105.182 141.185 15.004
-105.248 141.259 14.992
-105.315 141.333 14.980
-105.380 141.407 14.968
-105.446 141.482 14.956
-105.511 141.557 14.944
-105.576 141.632 14.931
-105.641 141.707 14.918
-105.706 141.782 14.905
-105.771 141.857 14.893
-105.835 141.932 14.880
-105.900 142.008 14.867
-105.965 142.083 14.854
-106.030 142.158 14.841
-106.094 142.233 14.829
-106.159 142.308 14.816
-106.224 142.383 14.803
-106.288 142.458 14.790
-106.353 142.534 14.777
-106.418 142.609 14.765
-106.483 142.684 14.752
-106.547 142.759 14.739
-106.612 142.834 14.726
-106.677 142.909 14.713
-106.741 142.984 14.701
-106.806 143.060 14.688
-106.871 143.135 14.675
-106.936 143.210 14.662
-107.000 143.285 14.650
-107.065 143.360 14.637
-107.130 143.435 14.624
-107.195 143.511 14.611
-107.259 143.586 14.599
-107.324 143.661 14.586
-107.389 143.736 14.573
-107.453 143.811 14.560
-107.518 143.886 14.547
-107.583 143.961 14.535
-107.648 144.037 14.522
-107.712 144.112 14.509
-107.777 144.187 14.496
-107.842 144.262 14.484
-107.906 144.337 14.471
-107.971 144.412 14.458
-108.036 144.488 14.445
-108.100 144.563 14.432
-108.165 144.638 14.420
-108.230 144.713 14.407
-108.294 144.788 14.394
-108.359 144.864 14.381
-108.424 144.939 14.368
-108.488 145.014 14.355
-108.553 145.089 14.342
-108.618 145.164 14.330
-108.682 145.239 14.317
-108.747 145.315 14.304
-108.812 145.390 14.291
-108.876 145.465 14.278
-108.941 145.540 14.265
-109.006 145.615 14.252
-109.070 145.691 14.239
-109.135 145.766 14.227
-109.200 145.841 14.214
-109.264 145.916 14.201
-109.329 145.991 14.188
-109.394 146.067 14.175
-109.458 146.142 14.162
-109.523 146.217 14.150
-109.588 146.292 14.137
-109.652 146.367 14.124
-109.717 146.443 14.111
-109.782 146.518 14.098
-109.846 146.593 14.085
-109.911 146.668 14.073
-109.975 146.743 14.060
-110.040 146.819 14.047
-110.105 146.894 14.034
-110.169 146.969 14.021
-110.234 147.044 14.009
-110.299 147.120 13.996
-110.363 147.195 13.983
-110.428 147.270 13.970
-110.492 147.345 13.957
-110.557 147.420 13.944
-110.622 147.496 13.932
-110.686 147.571 13.919
-110.751 147.646 13.906
-110.816 147.721 13.893
-110.880 147.797 13.880
-110.945 147.872 13.868
-111.010 147.947 13.855
-111.074 148.022 13.842
-111.139 148.097 13.829
-111.203 148.173 13.816
-111.268 148.248 13.804
-111.333 148.323 13.791
-111.397 148.398 13.778
-111.462 148.474 13.765
-111.527 148.549 13.752
-111.591 148.624 13.739
-111.656 148.699 13.727
-111.720 148.774 13.714
-111.785 148.850 13.701
-111.850 148.925 13.688
-111.914 149.000 13.675
-111.979 149.075 13.663
-112.044 149.151 13.650
-112.108 149.226 13.637
-112.173 149.301 13.624
-112.237 149.376 13.611
-112.302 149.452 13.598
-112.367 149.527 13.586
-112.431 149.602 13.573
-112.496 149.677 13.560
-112.560 149.753 13.547
-112.625 149.828 13.534
-112.690 149.903 13.522
-112.754 149.978 13.509
-112.819 150.054 13.496
-112.883 150.129 13.483
-112.948 150.204 13.470
-113.013 150.279 13.458
-113.077 150.355 13.445
-113.142 150.430 13.432
-113.206 150.505 13.419
-113.271 150.580 13.406
-113.336 150.656 13.393
-113.400 150.731 13.381
-113.465 150.806 13.368
-113.529 150.881 13.355
-113.594 150.957 13.342
-113.659 151.032 13.329
-113.723 151.107 13.317
-113.788 151.182 13.304
-113.852 151.257 13.291
-113.917 151.333 13.278
-113.982 151.408 13.265
-114.046 151.483 13.252
-114.111 151.558 13.240
-114.176 151.634 13.227
-114.240 151.709 13.214
-114.305 151.784 13.201
-114.369 151.859 13.188
-114.434 151.935 13.175
-114.499 152.010 13.163
-114.563 152.085 13.150
-114.628 152.160 13.137
-114.692 152.235 13.124
-114.757 152.311 13.111
-114.822 152.386 13.099
-114.886 152.461 13.086
-114.951 152.536 13.073
-115.016 152.612 13.060
-115.080 152.687 13.047
-115.145 152.762 13.034
-115.209 152.837 13.022
-115.274 152.913 13.009
-115.339 152.988 12.996
-115.403 153.063 12.983
-115.468 153.138 12.970
-115.532 153.214 12.958
-115.597 153.289 12.945
-115.662 153.364 12.932
-115.726 153.439 12.919
-115.791 153.514 12.906
-115.856 153.590 12.893
-115.920 153.665 12.881
-115.985 153.740 12.868
-116.049 153.815 12.855
-116.114 153.891 12.842
-116.179 153.966 12.829
-116.243 154.041 12.816
-116.308 154.116 12.804
-116.373 154.191 12.791
-116.437 154.267 12.778
-116.502 154.342 12.765
-116.566 154.417 12.752
-116.631 154.492 12.739
-116.696 154.568 12.727
-116.760 154.643 12.714
-116.825 154.718 12.701
-116.890 154.793 12.688
-116.954 154.868 12.675
-117.019 154.944 12.662
-117.083 155.019 12.650
-117.148 155.094 12.637
-117.213 155.169 12.624
-117.277 155.245 12.611
-117.342 155.320 12.598
-117.407 155.395 12.585
-117.471 155.470 12.573
-117.536 155.545 12.560
-117.601 155.621 12.547
-117.665 155.696 12.534
-117.730 155.771 12.521
-117.795 155.846 12.509
-117.859 155.921 12.496
-117.924 155.997 12.483
-117.989 156.072 12.470
-118.053 156.147 12.457
-118.118 156.222 12.445
-118.183 156.297 12.432
-118.247 156.372 12.419
-118.312 156.448 12.406
-118.377 156.523 12.393
-118.441 156.598 12.381
-118.506 156.673 12.368
-118.571 156.748 12.355
-118.635 156.824 12.342
-118.700 156.899 12.329
-118.765 156.974 12.317
-118.830 157.049 12.304
-118.894 157.124 12.291
-118.959 157.199 12.278
-119.024 157.275 12.266
-119.088 157.350 12.253
-119.153 157.425 12.240
-119.218 157.500 12.227
-119.282 157.575 12.214
-119.347 157.651 12.202
-119.412 157.726 12.189
-119.476 157.801 12.176
-119.541 157.876 12.163
-119.606 157.951 12.150
-119.670 158.026 12.138
-119.735 158.102 12.125
-119.800 158.177 12.112
-119.865 158.252 12.099
-119.929 158.327 12.086
-119.994 158.402 12.073
-120.059 158.476 12.060
-120.125 158.551 12.047
-120.190 158.626 12.034
-120.255 158.700 12.021
-120.320 158.775 12.008
-120.386 158.850 11.995
-120.451 158.924 11.982
-120.516 158.999 11.969
-120.582 159.074 11.956
-120.647 159.148 11.943
-120.712 159.223 11.930
-120.778 159.297 11.917
-120.843 159.372 11.904
-120.908 159.447 11.891
-120.973 159.521 11.878
-121.039 159.596 11.865
-121.104 159.671 11.852
-121.169 159.745 11.839
-121.235 159.820 11.826
-121.300 159.894 11.813
-121.365 159.969 11.800
-121.430 160.044 11.787
-121.496 160.118 11.774
-121.561 160.193 11.761
-121.626 160.267 11.748
-121.692 160.342 11.735
-121.757 160.417 11.722
-121.822 160.491 11.709
-121.887 160.566 11.696
-121.953 160.640 11.683
-122.018 160.715 11.670
-122.083 160.790 11.657
-122.149 160.864 11.644
-122.214 160.939 11.631
-122.279 161.014 11.618
-122.345 161.088 11.605
-122.410 161.163 11.592
-122.475 161.237 11.579
-122.540 161.312 11.566
-122.606 161.387 11.552
-122.671 161.461 11.539
-122.736 161.536 11.526
-122.802 161.610 11.513
-122.867 161.685 11.500
-122.932 161.760 11.487
-122.997 161.834 11.474
-123.063 161.909 11.460
-123.128 161.983 11.447
-123.193 162.058 11.434
-123.259 162.133 11.421
-123.324 162.207 11.408
-123.389 162.282 11.395
-123.454 162.356 11.381
-123.520 162.431 11.368
-123.585 162.506 11.355
-123.650 162.580 11.342
-123.716 162.655 11.329
-123.781 162.729 11.316
-123.846 162.804 11.302
-123.911 162.878 11.289
-123.977 162.953 11.276
-124.042 163.028 11.263
-124.107 163.102 11.250
-124.173 163.177 11.237
-124.238 163.252 11.224
-124.303 163.326 11.211
-124.368 163.401 11.198
-124.434 163.475 11.185
-124.499 163.550 11.172
-124.564 163.625 11.159
-124.630 163.699 11.146
-124.695 163.774 11.133
-124.760 163.849 11.120
-124.825 163.923 11.107
-124.891 163.998 11.094
-124.956 164.073 11.081
-125.021 164.147 11.069
-125.086 164.222 11.056
-125.152 164.296 11.043
-125.217 164.371 11.030
-125.282 164.446 11.017
-125.348 164.520 11.004
-125.413 164.595 10.991
-125.478 164.670 10.978
-125.543 164.744 10.965
-125.609 164.819 10.952
-125.674 164.893 10.939
-125.739 164.968 10.926
-125.805 165.043 10.913
-125.870 165.117 10.900
-125.935 165.192 10.887
-126.000 165.267 10.874
-126.066 165.341 10.861
-126.131 165.416 10.848
-126.196 165.491 10.835
-126.261 165.565 10.822
-126.327 165.640 10.809
-126.392 165.715 10.796
-126.457 165.789 10.783
-126.522 165.864 10.771
-126.588 165.939 10.758
-126.653 166.013 10.745
-126.718 166.088 10.732
-126.783 166.163 10.719
-126.848 166.238 10.706
-126.913 166.313 10.693
-126.978 166.387 10.680
-127.043 166.462 10.667
-127.108 166.537 10.654
-127.173 166.612 10.641
-127.238 166.687 10.628
-127.303 166.762 10.615
-127.368 166.837 10.602
-127.433 166.911 10.589
-127.498 166.986 10.576
-127.563 167.061 10.563
-127.628 167.136 10.550
-127.693 167.211 10.537
-127.758 167.286 10.524
-127.823 167.360 10.511
-127.888 167.435 10.498
-127.953 167.510 10.485
-128.019 167.585 10.472
-128.084 167.660 10.459
-128.149 167.735 10.446
-128.214 167.810 10.433
-128.279 167.884 10.420
-128.344 167.959 10.407
-128.409 168.034 10.394
-128.474 168.109 10.381
-128.539 168.184 10.368
-128.604 168.259 10.355
-128.669 168.334 10.342
-128.734 168.408 10.329
-128.799 168.483 10.316
-128.864 168.558 10.303
-128.929 168.633 10.290
-128.994 168.708 10.277
-129.059 168.783 10.264
-129.124 168.858 10.251
-129.189 168.932 10.238
-129.254 169.007 10.225
-129.319 169.082 10.212
-129.384 169.157 10.199
-129.449 169.232 10.186
-129.514 169.307 10.173
-129.579 169.382 10.160
-129.644 169.456 10.147
-129.709 169.531 10.134
-129.774 169.606 10.121
-129.839 169.681 10.108
-129.904 169.756 10.095
-129.969 169.831 10.082
-130.034 169.906 10.069
-130.099 169.981 10.056
-130.164 170.055 10.043
-130.229 170.130 10.030
-130.294 170.205 10.017
-130.359 170.280 10.004
-130.424 170.355 9.991
-130.489 170.430 9.978
-130.554 170.505 9.965
-130.619 170.580 9.952
-130.684 170.654 9.939
-130.749 170.729 9.926
-130.814 170.804 9.913
-130.879 170.879 9.900
-130.944 170.954 9.887
-131.009 171.029 9.874
-131.074 171.104 9.861
-131.139 171.179 9.848
-131.204 171.253 9.835
-131.269 171.328 9.822
-131.334 171.403 9.809
-131.399 171.478 9.796
-131.464 171.553 9.783
-131.529 171.628 9.770
-131.594 171.703 9.757
-131.659 171.778 9.744
-131.724 171.853 9.731
-131.789 171.927 9.718
-131.854 172.002 9.705
-131.919 172.077 9.692
-131.984 172.152 9.679
-132.049 172.227 9.666
-132.114 172.302 9.653
-132.179 172.377 9.640
-132.244 172.452 9.627
-132.309 172.526 9.614
-132.374 172.601 9.601
-132.439 172.676 9.588
-132.504 172.751 9.575
-132.569 172.826 9.562
-132.634 172.901 9.549
-132.699 172.976 9.536
-132.764 173.051 9.523
-132.829 173.125 9.510
-132.894 173.200 9.497
-132.959 173.275 9.484
-133.024 173.350 9.471
-133.089 173.425 9.458
-133.154 173.500 9.445
-133.219 173.575 9.432
-133.284 173.650 9.419
-133.349 173.724 9.406
-133.414 173.799 9.393
-133.479 173.874 9.380
-133.544 173.949 9.367
-133.609 174.024 9.354
-133.673 174.099 9.341
-133.738 174.174 9.328
-133.803 174.249 9.315
-133.868 174.323 9.302
-133.933 174.398 9.289
-133.998 174.473 9.276
-134.063 174.548 9.263
-134.128 174.623 9.250
-134.193 174.698 9.237
-134.258 174.773 9.224
-134.323 174.848 9.211
-134.388 174.922 9.198
-134.453 174.997 9.185
-134.518 175.072 9.172
-134.583 175.147 9.159
-134.648 175.222 9.146
-134.714 175.297 9.133
-134.779 175.372 9.120
-134.844 175.446 9.107
-134.909 175.521 9.094
-134.974 175.596 9.081
-135.039 175.671 9.068
-135.104 175.746 9.055
-135.169 175.820 9.042
-135.234 175.895 9.029
-135.299 175.970 9.016
-135.364 176.045 9.003
-135.429 176.120 8.990
-135.494 176.194 8.977
-135.559 176.269 8.964
-135.624 176.344 8.951
-135.690 176.419 8.938
-135.755 176.494 8.925
-135.820 176.569 8.912
-135.885 176.643 8.899
-135.950 176.718 8.886
-136.015 176.793 8.873
-136.080 176.868 8.860
-136.145 176.943 8.847
-136.210 177.017 8.834
-136.275 177.092 8.821
-136.340 177.167 8.808
-136.405 177.242 8.795
-136.471 177.317 8.782
-136.536 177.391 8.769
-136.601 177.466 8.756
-136.666 177.541 8.743
-136.731 177.616 8.730
-136.796 177.691 8.717
-136.861 177.765 8.704
-136.926 177.840 8.691
-136.991 177.915 8.678
-137.056 177.990 8.665
-137.121 178.064 8.652
-137.187 178.139 8.639
-137.252 178.214 8.626
-137.317 178.289 8.613
-137.382 178.364 8.600
-137.447 178.438 8.587
-137.512 178.513 8.574
-137.577 178.588 8.561
-137.642 178.663 8.548
-137.707 178.738 8.535
-137.772 178.812 8.522
-137.838 178.887 8.509
-137.903 178.962 8.496
-137.968 179.037 8.483
-138.033 179.111 8.470
-138.098 179.186 8.457
-138.163 179.261 8.444
-138.228 179.336 8.431
-138.293 179.411 8.418
-138.358 179.485 8.405
-138.424 179.560 8.392
-138.489 179.635 8.379
-138.554 179.710 8.366
-138.619 179.784 8.353
-138.684 179.859 8.340
-138.749 179.934 8.327
-138.814 180.009 8.314
-138.880 180.083 8.301
-138.945 180.158 8.288
-139.010 180.233 8.276
-139.075 180.307 8.263
-139.141 180.382 8.250
-139.206 180.457 8.237
-139.271 180.531 8.224
-139.336 180.606 8.212
-139.402 180.681 8.199
-139.467 180.755 8.186
-139.532 180.830 8.173
-139.598 180.905 8.160
-139.663 180.979 8.148
-139.728 181.054 8.135
-139.793 181.129 8.122
-139.859 181.203 8.109
-139.924 181.278 8.096
-139.989 181.353 8.084
-140.055 181.427 8.071
-140.120 181.502 8.058
-140.185 181.577 8.045
-140.250 181.651 8.032
-140.316 181.726 8.020
-140.381 181.801 8.007
-140.446 181.875 7.994
-140.511 181.950 7.981
-140.577 182.025 7.968
-140.642 182.099 7.956
-140.707 182.174 7.943
-140.773 182.249 7.930
-140.838 182.323 7.917
-140.903 182.398 7.904
-140.968 182.473 7.892
-141.034 182.547 7.879
-141.099 182.622 7.866
-141.164 182.696 7.853
-141.230 182.771 7.840
-141.295 182.846 7.828
-141.360 182.920 7.815
-141.425 182.994 7.802
-141.430 182.999 7.801
-141.434 183.004 7.800
-141.438 183.009 7.799
-141.443 183.014 7.798
-141.448 183.020 7.796
-141.454 183.026 7.795
-141.460 183.034 7.793
-141.467 183.041 7.791
-141.475 183.050 7.789
-141.484 183.059 7.787
-141.493 183.069 7.784
-141.504 183.080 7.780
-141.515 183.093 7.776
-141.528 183.106 7.772
-141.543 183.121 7.767
-141.558 183.138 7.762
-141.576 183.156 7.756
-141.595 183.176 7.750
-141.616 183.198 7.743
-141.639 183.223 7.735
-141.665 183.250 7.726
-141.693 183.279 7.717
-141.724 183.312 7.707
-141.758 183.347 7.695
-141.795 183.387 7.682
-141.837 183.430 7.668
-141.882 183.478 7.653
-141.932 183.530 7.636
-141.987 183.588 7.618
-142.048 183.651 7.597
-142.114 183.721 7.575
-142.181 183.792 7.552
-142.249 183.862 7.530
-142.316 183.933 7.507
-142.383 184.003 7.484
-142.450 184.074 7.462
-142.517 184.144 7.439
-142.584 184.215 7.416
-142.652 184.285 7.394
-142.719 184.356 7.371
-142.786 184.426 7.348
-142.853 184.497 7.326
-142.920 184.567 7.303
-142.988 184.638 7.280
-143.055 184.708 7.258
-143.122 184.779 7.235
-143.189 184.849 7.213
-143.256 184.920 7.190
-143.324 184.990 7.167
-143.391 185.061 7.145
-143.458 185.131 7.122
-143.525 185.202 7.099
-143.592 185.272 7.077
-143.660 185.343 7.054
-143.727 185.413 7.032
-143.794 185.484 7.009
-143.861 185.555 6.986
-143.928 185.625 6.964
-143.996 185.696 6.941
-144.063 185.766 6.918
-144.130 185.837 6.896
-144.197 185.907 6.873
-144.264 185.978 6.851
-144.332 186.048 6.828
-144.399 186.119 6.805
-144.466 186.189 6.783
-144.533 186.260 6.760
-144.600 186.330 6.737
-144.668 186.401 6.715
-144.735 186.471 6.692
-144.802 186.542 6.669
-144.869 186.612 6.647
-144.936 186.683 6.624
-145.004 186.753 6.601
-145.071 186.824 6.579
-145.138 186.894 6.556
-145.205 186.965 6.534
-145.272 187.035 6.511
-145.339 187.106 6.488
-145.407 187.176 6.466
-145.474 187.247 6.443
-145.541 187.317 6.420
-145.607 187.388 6.397
-145.674 187.459 6.374
-145.740 187.530 6.351
-145.807 187.602 6.328
-145.873 187.673 6.304
-145.939 187.744 6.281
-146.005 187.816 6.258
-146.071 187.887 6.234
-146.137 187.958 6.211
-146.203 188.029 6.188
-146.270 188.101 6.164
-146.336 188.172 6.141
-146.402 188.243 6.118
-146.468 188.315 6.094
-146.534 188.386 6.071
-146.600 188.457 6.048
-146.666 188.529 6.024
-146.732 188.600 6.001
-146.798 188.671 5.978
-146.865 188.742 5.954
-146.931 188.814 5.931
-146.997 188.885 5.908
-147.063 188.956 5.884
-147.129 189.028 5.861
-147.195 189.099 5.838
-147.261 189.170 5.814
-147.327 189.242 5.791
-147.394 189.313 5.768
-147.460 189.384 5.744
-147.526 189.455 5.721
-147.592 189.527 5.698
-147.658 189.598 5.674
-147.724 189.669 5.651
-147.790 189.741 5.628
-147.856 189.812 5.604
-147.922 189.883 5.581
-147.989 189.955 5.558
-148.055 190.026 5.534
-148.121 190.097 5.511
-148.187 190.169 5.488
-148.253 190.240 5.464
-148.319 190.311 5.441
-148.385 190.382 5.418
-148.451 190.454 5.395
-148.517 190.525 5.371
-148.584 190.596 5.348
-148.650 190.668 5.325
-148.716 190.739 5.301
-148.782 190.810 5.278
-148.848 190.882 5.254
-148.914 190.953 5.231
-148.980 191.024 5.208
-149.046 191.096 5.184
-149.112 191.167 5.161
-149.179 191.238 5.138
-149.245 191.309 5.114
-149.311 191.381 5.091
-149.377 191.452 5.068
-149.443 191.523 5.044
-149.509 191.595 5.021
-149.575 191.666 4.998
-149.641 191.737 4.974
-149.707 191.809 4.951
-149.773 191.880 4.927
-149.838 191.952 4.904
-149.904 192.024 4.880
-149.970 192.095 4.857
-150.035 192.167 4.833
-150.101 192.239 4.810
-150.166 192.311 4.786
-150.232 192.382 4.763
-150.298 192.454 4.739
-150.363 192.526 4.715
-150.429 192.598 4.692
-150.494 192.669 4.668
-150.560 192.741 4.645
-150.625 192.813 4.621
-150.691 192.884 4.598
-150.757 192.956 4.574
-150.822 193.028 4.550
-150.888 193.100 4.527
-150.953 193.171 4.503
-151.019 193.243 4.480
-151.084 193.315 4.456
-151.150 193.387 4.433
-151.216 193.458 4.409
-151.281 193.530 4.386
-151.347 193.602 4.362
-151.412 193.674 4.338
-151.478 193.745 4.315
-151.543 193.817 4.291
-151.609 193.889 4.268
-151.674 193.961 4.244
-151.740 194.032 4.221
-151.806 194.104 4.197
-151.871 194.176 4.174
-151.937 194.248 4.150
-152.002 194.319 4.127
-152.068 194.391 4.103
-152.133 194.463 4.080
-152.199 194.535 4.056
-152.264 194.606 4.032
-152.330 194.678 4.009
-152.396 194.750 3.985
-152.461 194.822 3.962
-152.527 194.893 3.938
-152.592 194.965 3.915
-152.658 195.037 3.891
-152.723 195.109 3.868
-152.789 195.180 3.844
-152.854 195.252 3.820
-152.920 195.324 3.797
-152.985 195.396 3.773
-153.051 195.467 3.750
-153.117 195.539 3.726
-153.182 195.611 3.703
-153.248 195.683 3.679
-153.313 195.754 3.656
-153.379 195.826 3.632
-153.444 195.898 3.609
-153.510 195.970 3.585
-153.575 196.041 3.561
-153.641 196.113 3.538
-153.706 196.185 3.514
-153.772 196.257 3.491
-153.837 196.328 3.467
-153.903 196.400 3.444
-153.968 196.472 3.420
-154.034 196.544 3.396
-154.099 196.616 3.373
-154.165 196.688 3.349
-154.230 196.759 3.326
-154.296 196.831 3.302
-154.361 196.903 3.279
-154.427 196.975 3.255
-154.492 197.047 3.231
-154.557 197.119 3.208
-154.623 197.190 3.184
-154.688 197.262 3.161
-154.754 197.334 3.137
-154.819 197.406 3.114
-154.885 197.478 3.090
-154.950 197.550 3.066
-155.015 197.622 3.043
-155.081 197.693 3.019
-155.146 197.765 2.996
-155.212 197.837 2.972
-155.277 197.909 2.949
-155.343 197.981 2.925
-155.408 198.053 2.901
-155.474 198.125 2.878
-155.539 198.196 2.854
-155.604 198.268 2.831
-155.670 198.340 2.807
-155.735 198.412 2.784
-155.801 198.484 2.760
-155.866 198.556 2.736
-155.932 198.628 2.713
-155.997 198.699 2.689
-156.062 198.771 2.666
-156.128 198.843 2.642
-156.193 198.915 2.619
-156.259 198.987 2.595
-156.324 199.059 2.571
-156.390 199.131 2.548
-156.455 199.202 2.524
-156.520 199.274 2.501
-156.586 199.346 2.477
-156.651 199.418 2.454
-156.717 199.490 2.430
-156.782 199.562 2.407
-156.847 199.634 2.383
-156.913 199.705 2.359
-156.978 199.777 2.336
-157.044 199.849 2.312
-157.109 199.921 2.289
-157.175 199.993 2.265
-157.240 200.065 2.242
-157.305 200.137 2.218
-157.371 200.208 2.194
-157.436 200.280 2.171
-157.502 200.352 2.147
-157.567 200.424 2.124
-157.633 200.496 2.100
-157.698 200.568 2.077
-157.763 200.640 2.053
-157.829 200.711 2.029
-157.894 200.783 2.006
-157.960 200.855 1.982
-158.025 200.927 1.959
-158.091 200.999 1.935
-158.156 201.071 1.911
-158.221 201.143 1.888
-158.287 201.214 1.864
-158.352 201.286 1.841
-158.418 201.358 1.817
-158.483 201.430 1.794
-158.548 201.502 1.770
-158.614 201.574 1.746
-158.679 201.646 1.723
-158.745 201.718 1.699
-158.810 201.790 1.676
-158.875 201.861 1.652
-158.941 201.933 1.629
-159.006 202.005 1.605
-159.072 202.077 1.581
-159.137 202.149 1.558
-159.202 202.221 1.534
-159.268 202.293 1.511
-159.333 202.365 1.487
-159.399 202.436 1.464
-159.464 202.508 1.440
-159.529 202.580 1.416
-159.595 202.652 1.393
-159.660 202.724 1.369
-159.726 202.796 1.346
-159.791 202.868 1.322
-159.856 202.939 1.298
-159.922 203.011 1.275
-159.987 203.083 1.251
-160.053 203.155 1.228
-160.118 203.227 1.204
-160.184 203.299 1.181
-160.249 203.371 1.157
-160.314 203.443 1.133
-160.380 203.514 1.110
-160.445 203.586 1.086
-160.511 203.658 1.063
-160.576 203.730 1.039
-160.641 203.802 1.015
-160.707 203.874 0.992
-160.772 203.946 0.968
-160.838 204.017 0.945
-160.903 204.089 0.921
-160.969 204.161 0.898
-161.034 204.233 0.874
-161.099 204.305 0.851
-161.165 204.377 0.827
-161.230 204.448 0.803
-161.296 204.520 0.780
-161.361 204.592 0.756
-161.427 204.664 0.733
-161.492 204.736 0.709
-161.558 204.808 0.686
-161.623 204.879 0.662
-161.689 204.951 0.638
-161.754 205.023 0.615
-161.819 205.095 0.591
-161.885 205.167 0.568
-161.950 205.239 0.544
-162.016 205.311 0.521
-162.081 205.382 0.497
-162.147 205.454 0.473
-162.212 205.526 0.450
-162.278 205.598 0.426
-162.343 205.670 0.403
-162.408 205.742 0.379
-162.474 205.813 0.356
-162.539 205.885 0.332
-162.605 205.957 0.309
-162.670 206.029 0.285
-162.736 206.101 0.261
-162.801 206.173 0.238
-162.866 206.245 0.214
-162.932 206.316 0.191
-162.997 206.388 0.167
-163.063 206.460 0.144
-163.128 206.532 0.120
-163.194 206.604 0.096
-163.259 206.676 0.073
-163.325 206.747 0.049
-163.390 206.819 0.026
-163.455 206.891 0.002
-163.521 206.963 -0.022
-163.586 207.035 -0.045
-163.652 207.107 -0.069
-163.717 207.178 -0.092
-163.783 207.250 -0.116
-163.848 207.322 -0.140
-163.914 207.394 -0.163
-163.979 207.466 -0.187
-164.045 207.538 -0.210
-164.110 207.609 -0.234
-164.175 207.681 -0.258
-164.241 207.753 -0.281
-164.306 207.825 -0.305
-164.372 207.897 -0.328
-164.437 207.968 -0.352
-164.503 208.040 -0.376
-164.568 208.112 -0.399
-164.634 208.184 -0.423
-164.699 208.256 -0.446
-164.765 208.328 -0.470
-164.830 208.399 -0.494
-164.895 208.471 -0.517
-164.961 208.543 -0.541
-165.026 208.615 -0.564
-165.092 208.687 -0.588
-165.157 208.759 -0.612
-165.223 208.830 -0.635
-165.288 208.902 -0.659
-165.354 208.974 -0.682
-165.419 209.046 -0.706
-165.485 209.118 -0.730
-165.550 209.190 -0.753
-165.615 209.261 -0.777
-165.681 209.333 -0.800
-165.746 209.405 -0.824
-165.812 209.477 -0.848
-165.877 209.549 -0.871
-165.943 209.620 -0.895
-166.008 209.692 -0.918
-166.074 209.764 -0.942
-166.139 209.836 -0.966
-166.205 209.908 -0.989
-166.270 209.980 -1.013
-166.335 210.051 -1.036
-166.401 210.123 -1.060
-166.466 210.195 -1.084
-166.532 210.267 -1.107
-166.597 210.339 -1.131
-166.663 210.411 -1.154
-166.728 210.482 -1.178
-166.794 210.554 -1.202
-166.859 210.626 -1.225
-166.924 210.698 -1.249
-166.990 210.770 -1.273
-167.055 210.841 -1.296
-167.121 210.913 -1.320
-167.186 210.985 -1.343
-167.252 211.057 -1.367
-167.317 211.129 -1.391
-167.383 211.201 -1.414
-167.448 211.272 -1.438
-167.514 211.344 -1.461
-167.579 211.416 -1.485
-167.644 211.488 -1.509
-167.710 211.560 -1.532
-167.775 211.632 -1.556
-167.841 211.703 -1.579
-167.906 211.775 -1.603
-167.972 211.847 -1.627
-168.037 211.919 -1.650
-168.103 211.991 -1.674
-168.168 212.062 -1.697
-168.234 212.134 -1.721
-168.299 212.206 -1.745
-168.364 212.278 -1.768
-168.430 212.350 -1.792
-168.495 212.422 -1.816
-168.561 212.493 -1.839
-168.626 212.565 -1.863
-168.692 212.637 -1.886
-168.757 212.709 -1.910
-168.823 212.781 -1.934
-168.888 212.853 -1.957
-168.954 212.924 -1.981
-169.019 212.996 -2.004
-169.084 213.068 -2.028
-169.150 213.140 -2.052
-169.215 213.212 -2.075
-169.281 213.283 -2.099
-169.346 213.355 -2.122
-169.412 213.427 -2.146
-169.477 213.499 -2.170
-169.543 213.571 -2.193
-169.608 213.643 -2.217
-169.673 213.714 -2.241
-169.739 213.786 -2.264
-169.804 213.858 -2.288
-169.870 213.930 -2.311
-169.935 214.002 -2.335
-170.001 214.074 -2.359
-170.066 214.145 -2.382
-170.132 214.217 -2.406
-170.197 214.289 -2.429
-170.263 214.361 -2.453
-170.328 214.433 -2.477
-170.393 214.504 -2.500
-170.459 214.576 -2.524
-170.524 214.648 -2.547
-170.590 214.720 -2.571
-170.655 214.792 -2.595
-170.721 214.864 -2.618
-170.786 214.935 -2.642
-170.852 215.007 -2.665
-170.917 215.079 -2.689
-170.983 215.151 -2.713
-171.048 215.223 -2.736
-171.113 215.295 -2.760
-171.179 215.366 -2.784
-171.244 215.438 -2.807
-171.310 215.510 -2.831
-171.375 215.582 -2.854
-171.441 215.654 -2.878
-171.506 215.725 -2.902
-171.572 215.797 -2.925
-171.637 215.869 -2.949
-171.703 215.941 -2.972
-171.768 216.013 -2.996
