7.765 9.768 -2.903
7.789 9.776 -2.807
7.814 9.784 -2.710
7.838 9.792 -2.613
7.862 9.800 -2.517
7.887 9.808 -2.420
7.911 9.816 -2.323
7.935 9.824 -2.227
7.960 9.833 -2.130
7.984 9.841 -2.033
8.008 9.849 -1.937
8.033 9.857 -1.840
8.057 9.865 -1.743
8.081 9.873 -1.647
8.105 9.881 -1.550
8.130 9.889 -1.453
8.154 9.897 -1.357
8.178 9.905 -1.260
8.203 9.913 -1.163
8.227 9.921 -1.067
8.251 9.929 -0.970
8.276 9.937 -0.873
8.300 9.945 -0.777
8.324 9.953 -0.680
8.348 9.961 -0.583
8.373 9.969 -0.487
8.397 9.977 -0.390
8.421 9.985 -0.293
8.446 9.993 -0.197
8.470 10.001 -0.100
8.494 10.009 -0.003
8.519 10.017 0.093
8.543 10.025 0.190
8.567 10.033 0.287
8.591 10.041 0.383
8.616 10.049 0.480
8.640 10.057 0.577
8.664 10.065 0.673
8.689 10.073 0.770
8.713 10.081 0.867
8.737 10.089 0.963
8.762 10.097 1.060
8.786 10.105 1.157
8.810 10.113 1.253
8.834 10.121 1.350
8.859 10.129 1.447
8.883 10.138 1.543
8.907 10.146 1.640
8.932 10.154 1.737
8.956 10.162 1.833
8.980 10.170 1.930
9.004 10.178 2.027
9.029 10.186 2.123
9.053 10.194 2.220
9.077 10.202 2.317
9.102 10.210 2.414
9.126 10.218 2.510
9.150 10.226 2.607
9.174 10.234 2.704
9.199 10.242 2.800
9.223 10.250 2.897
9.247 10.258 2.994
9.272 10.266 3.090
9.296 10.274 3.187
9.320 10.282 3.284
9.345 10.290 3.380
9.369 10.298 3.477
9.393 10.306 3.574
9.417 10.314 3.670
9.442 10.323 3.767
9.466 10.331 3.864
9.490 10.339 3.960
9.515 10.347 4.057
9.539 10.355 4.154
9.563 10.363 4.250
9.587 10.371 4.347
9.612 10.379 4.444
9.636 10.387 4.540
9.660 10.395 4.637
9.685 10.403 4.734
9.709 10.411 4.830
9.733 10.419 4.927
9.757 10.427 5.024
9.782 10.435 5.120
9.806 10.444 5.217
9.830 10.452 5.314
9.855 10.460 5.410
9.879 10.468 5.507
9.903 10.476 5.604
9.927 10.484 5.700
9.952 10.492 5.797
9.976 10.500 5.894
10.000 10.508 5.990
10.024 10.516 6.087
10.049 10.524 6.184
10.073 10.532 6.280
10.097 10.540 6.377
10.122 10.548 6.474
10.146 10.556 6.570
10.170 10.564 6.667
10.194 10.572 6.764
10.219 10.581 6.860
10.243 10.589 6.957
10.267 10.597 7.054
10.291 10.605 7.150
10.316 10.613 7.247
10.340 10.621 7.344
10.364 10.629 7.440
10.388 10.637 7.537
10.413 10.645 7.634
10.437 10.653 7.730
10.461 10.661 7.827
10.485 10.669 7.924
10.509 10.677 8.020
10.533 10.685 8.117
10.557 10.693 8.214
10.581 10.701 8.311
10.604 10.709 8.408
10.628 10.717 8.505
10.651 10.725 8.602
10.675 10.733 8.698
10.698 10.742 8.795
10.721 10.750 8.892
10.745 10.758 8.989
10.768 10.766 9.086
10.792 10.774 9.183
10.815 10.782 9.280
10.839 10.790 9.377
10.862 10.798 9.474
10.885 10.806 9.570
10.909 10.814 9.667
10.932 10.822 9.764
10.956 10.830 9.861
10.979 10.838 9.958
11.003 10.846 10.055
11.026 10.854 10.152
11.049 10.862 10.249
11.073 10.870 10.345
11.096 10.878 10.442
11.120 10.886 10.539
11.143 10.894 10.636
11.167 10.902 10.733
11.191 10.910 10.830
11.214 10.918 10.926
11.238 10.926 11.023
11.262 10.934 11.120
11.286 10.942 11.217
11.310 10.951 11.314
11.333 10.959 11.410
11.357 10.967 11.507
11.381 10.975 11.604
11.405 10.983 11.701
11.429 10.991 11.798
11.452 10.999 11.894
11.476 11.007 11.991
11.500 11.015 12.088
11.524 11.024 12.185
11.548 11.032 12.282
11.571 11.040 12.378
11.595 11.048 12.475
11.619 11.056 12.572
11.643 11.064 12.669
11.667 11.072 12.765
11.691 11.080 12.862
11.714 11.088 12.959
11.738 11.096 13.056
11.762 11.105 13.153
11.786 11.113 13.249
11.810 11.121 13.346
11.833 11.129 13.443
11.857 11.137 13.540
11.881 11.145 13.636
11.905 11.153 13.733
11.929 11.161 13.830
11.953 11.169 13.927
11.976 11.177 14.024
12.000 11.186 14.120
12.024 11.194 14.217
12.048 11.202 14.314
12.072 11.210 14.411
12.095 11.218 14.507
12.119 11.226 14.604
12.143 11.234 14.701
12.167 11.242 14.798
12.191 11.250 14.895
12.215 11.258 14.991
12.238 11.267 15.088
12.262 11.275 15.185
12.286 11.283 15.282
12.310 11.291 15.379
12.334 11.299 15.475
12.358 11.307 15.572
12.381 11.315 15.669
12.405 11.323 15.766
12.429 11.331 15.862
12.453 11.339 15.959
12.477 11.347 16.056
12.501 11.355 16.153
12.524 11.363 16.250
12.548 11.372 16.346
12.572 11.380 16.443
12.596 11.388 16.540
12.620 11.396 16.637
12.644 11.404 16.733
12.667 11.412 16.830
12.691 11.420 16.927
12.715 11.428 17.024
12.739 11.436 17.121
12.763 11.444 17.217
12.786 11.452 17.314
12.810 11.460 17.411
12.834 11.468 17.508
12.858 11.477 17.605
12.882 11.485 17.701
12.906 11.493 17.798
12.929 11.501 17.895
12.953 11.509 17.992
12.977 11.517 18.088
13.001 11.525 18.185
13.025 11.533 18.282
13.049 11.541 18.379
13.072 11.549 18.476
13.096 11.557 18.572
13.120 11.565 18.669
13.144 11.573 18.766
13.168 11.581 18.863
13.192 11.589 18.959
13.215 11.597 19.056
13.239 11.606 19.153
13.263 11.614 19.250
13.287 11.622 19.347
13.311 11.630 19.443
13.335 11.638 19.540
13.358 11.646 19.637
13.382 11.654 19.734
13.406 11.662 19.830
13.430 11.670 19.927
13.454 11.678 20.024
13.478 11.686 20.121
13.501 11.694 20.218
13.525 11.703 20.314
13.549 11.711 20.411
13.573 11.719 20.508
13.597 11.727 20.605
13.620 11.735 20.702
13.644 11.743 20.798
13.668 11.751 20.895
13.692 11.759 20.992
13.716 11.767 21.089
13.740 11.775 21.185
13.763 11.783 21.282
13.787 11.792 21.379
13.811 11.800 21.476
13.835 11.808 21.573
13.859 11.816 21.669
13.883 11.824 21.766
13.906 11.832 21.863
13.930 11.840 21.960
13.954 11.848 22.056
13.978 11.856 22.153
14.002 11.864 22.250
14.026 11.872 22.347
14.049 11.881 22.444
14.073 11.889 22.540
14.097 11.897 22.637
14.121 11.905 22.734
14.145 11.913 22.831
14.169 11.921 22.927
14.192 11.929 23.024
14.216 11.937 23.121
14.240 11.945 23.218
14.264 11.954 23.315
14.288 11.962 23.411
14.311 11.970 23.508
14.335 11.978 23.605
14.359 11.986 23.702
14.383 11.994 23.799
14.407 12.002 23.895
14.430 12.010 23.992
14.454 12.018 24.089
14.478 12.026 24.186
14.502 12.034 24.282
14.526 12.043 24.379
14.549 12.051 24.476
14.573 12.059 24.573
14.597 12.067 24.670
14.621 12.075 24.766
14.644 12.083 24.863
14.668 12.091 24.960
14.692 12.099 25.057
14.716 12.107 25.154
14.740 12.115 25.250
14.763 12.123 25.347
14.787 12.132 25.444
14.811 12.140 25.541
14.835 12.148 25.638
14.858 12.156 25.734
14.882 12.164 25.831
14.906 12.172 25.928
14.930 12.180 26.025
14.953 12.188 26.122
14.977 12.196 26.218
15.001 12.204 26.315
15.025 12.213 26.412
15.048 12.221 26.508
15.069 12.229 26.592
15.080 12.235 26.640
15.093 12.242 26.693
15.107 12.250 26.751
15.122 12.258 26.816
15.139 12.268 26.887
15.158 12.278 26.965
15.178 12.290 27.051
15.201 12.303 27.146
15.224 12.315 27.242
15.247 12.328 27.339
15.270 12.341 27.435
15.292 12.354 27.532
15.315 12.367 27.628
15.338 12.380 27.725
15.361 12.393 27.821
15.384 12.406 27.917
15.407 12.419 28.014
15.430 12.432 28.110
15.453 12.445 28.207
15.476 12.458 28.303
15.499 12.471 28.400
15.522 12.484 28.496
15.545 12.497 28.593
15.568 12.510 28.689
15.591 12.523 28.786
15.614 12.536 28.882
15.637 12.549 28.979
15.660 12.562 29.075
15.683 12.574 29.171
15.706 12.587 29.268
15.729 12.600 29.364
15.752 12.613 29.461
15.775 12.626 29.557
15.798 12.639 29.654
15.821 12.652 29.750
15.844 12.666 29.847
15.867 12.679 29.943
15.890 12.692 30.039
15.913 12.705 30.136
15.936 12.718 30.232
15.959 12.731 30.329
15.982 12.744 30.425
16.005 12.757 30.522
16.028 12.770 30.618
16.052 12.783 30.714
16.075 12.796 30.811
16.098 12.809 30.907
16.121 12.822 31.004
16.144 12.835 31.100
16.167 12.848 31.197
16.190 12.861 31.293
16.213 12.874 31.389
16.236 12.887 31.486
16.259 12.900 31.582
16.282 12.913 31.679
16.305 12.926 31.775
16.328 12.939 31.872
16.351 12.952 31.968
16.374 12.965 32.064
16.397 12.978 32.161
16.420 12.991 32.257
16.443 13.004 32.354
16.466 13.017 32.450
16.489 13.030 32.547
16.512 13.043 32.643
16.536 13.056 32.740
16.559 13.069 32.836
16.582 13.082 32.932
16.605 13.095 33.029
16.628 13.108 33.125
16.651 13.120 33.222
16.674 13.133 33.318
16.697 13.146 33.415
16.720 13.159 33.511
16.743 13.172 33.607
16.766 13.185 33.704
16.789 13.198 33.800
16.813 13.211 33.897
16.836 13.224 33.993
16.859 13.236 34.090
16.882 13.249 34.186
16.906 13.262 34.282
16.929 13.274 34.379
16.952 13.287 34.475
16.975 13.300 34.572
16.999 13.313 34.668
17.022 13.325 34.765
17.045 13.338 34.861
17.068 13.351 34.957
17.092 13.364 35.054
17.115 13.376 35.150
17.138 13.389 35.247
17.161 13.402 35.343
17.184 13.415 35.439
17.208 13.427 35.536
17.231 13.440 35.632
17.254 13.453 35.729
17.277 13.466 35.825
17.301 13.478 35.922
17.324 13.491 36.018
17.347 13.504 36.114
17.370 13.516 36.211
17.394 13.529 36.307
17.417 13.542 36.404
17.440 13.555 36.500
17.464 13.567 36.597
17.487 13.580 36.693
17.510 13.593 36.789
17.533 13.606 36.886
17.557 13.618 36.982
17.580 13.631 37.079
17.603 13.644 37.175
17.626 13.657 37.271
17.650 13.669 37.368
17.673 13.682 37.464
17.696 13.695 37.561
17.719 13.707 37.657
17.743 13.720 37.754
17.766 13.733 37.850
17.789 13.746 37.946
17.813 13.758 38.043
17.836 13.771 38.139
17.859 13.784 38.236
17.882 13.797 38.332
17.906 13.809 38.428
17.929 13.822 38.525
17.952 13.835 38.621
17.975 13.847 38.718
17.999 13.860 38.814
18.022 13.873 38.911
18.045 13.886 39.007
18.068 13.898 39.103
18.092 13.911 39.200
18.115 13.924 39.296
18.138 13.937 39.393
18.162 13.949 39.489
18.185 13.962 39.585
18.208 13.975 39.682
18.231 13.987 39.778
18.255 14.000 39.875
18.278 14.013 39.971
18.301 14.026 40.068
18.324 14.038 40.164
18.348 14.051 40.260
18.371 14.064 40.357
18.394 14.077 40.453
18.417 14.089 40.550
18.441 14.102 40.646
18.464 14.115 40.742
18.487 14.127 40.839
18.510 14.140 40.935
18.534 14.153 41.032
18.557 14.166 41.128
18.580 14.178 41.225
18.604 14.191 41.321
18.627 14.204 41.417
18.650 14.216 41.514
18.673 14.229 41.610
18.697 14.242 41.707
18.720 14.255 41.803
18.743 14.267 41.900
18.766 14.280 41.996
18.790 14.293 42.092
18.813 14.305 42.189
18.836 14.318 42.285
18.859 14.331 42.382
18.883 14.343 42.478
18.906 14.356 42.574
18.929 14.369 42.671
18.952 14.382 42.767
18.976 14.394 42.864
18.999 14.407 42.960
19.022 14.420 43.057
19.045 14.433 43.153
19.069 14.445 43.249
19.092 14.458 43.346
19.115 14.471 43.442
19.138 14.484 43.539
19.162 14.496 43.635
19.185 14.509 43.732
19.208 14.522 43.828
19.231 14.534 43.924
19.255 14.547 44.021
19.278 14.560 44.117
19.301 14.573 44.214
19.324 14.585 44.310
19.348 14.598 44.406
19.371 14.611 44.503
19.394 14.624 44.599
19.417 14.636 44.696
19.441 14.649 44.792
19.464 14.662 44.889
19.487 14.675 44.985
19.510 14.687 45.081
19.534 14.700 45.178
19.557 14.713 45.274
19.580 14.726 45.371
19.603 14.738 45.467
19.627 14.751 45.564
19.650 14.764 45.660
19.673 14.777 45.756
19.696 14.789 45.853
19.720 14.802 45.949
19.743 14.815 46.046
19.766 14.828 46.142
19.789 14.840 46.238
19.813 14.853 46.335
19.836 14.866 46.431
19.859 14.879 46.528
19.882 14.891 46.624
19.906 14.904 46.721
19.929 14.917 46.817
19.952 14.930 46.913
19.975 14.942 47.010
19.999 14.955 47.106
20.022 14.968 47.203
20.045 14.981 47.299
20.068 14.993 47.396
20.091 15.006 47.492
20.115 15.019 47.588
20.138 15.032 47.685
20.161 15.044 47.781
20.184 15.057 47.878
20.207 15.070 47.974
20.231 15.083 48.071
20.254 15.095 48.167
20.277 15.108 48.263
20.300 15.121 48.360
20.323 15.134 48.456
20.347 15.146 48.553
20.370 15.159 48.649
20.393 15.172 48.746
20.416 15.185 48.842
20.440 15.198 48.938
20.463 15.210 49.035
20.486 15.223 49.131
20.509 15.236 49.228
20.532 15.249 49.324
20.555 15.262 49.420
20.578 15.275 49.517
20.601 15.288 49.613
20.623 15.301 49.710
20.646 15.315 49.807
20.668 15.328 49.903
20.690 15.341 50.000
20.713 15.355 50.096
20.735 15.368 50.193
20.757 15.382 50.289
20.780 15.395 50.386
20.802 15.408 50.482
20.824 15.422 50.579
20.847 15.435 50.675
20.869 15.449 50.772
20.892 15.462 50.869
20.914 15.475 50.965
20.936 15.489 51.062
20.959 15.502 51.158
20.981 15.516 51.255
21.003 15.529 51.351
21.026 15.543 51.448
21.048 15.556 51.544
21.070 15.569 51.641
21.093 15.583 51.737
21.115 15.596 51.834
21.138 15.610 51.930
21.160 15.623 52.027
21.182 15.637 52.124
21.205 15.650 52.220
21.227 15.663 52.317
21.249 15.677 52.413
21.272 15.690 52.510
21.294 15.704 52.606
21.317 15.717 52.703
21.339 15.731 52.799
21.361 15.744 52.896
21.384 15.758 52.992
21.406 15.771 53.089
21.429 15.785 53.185
21.451 15.798 53.282
21.473 15.812 53.378
21.496 15.825 53.475
21.518 15.839 53.571
21.541 15.852 53.668
21.563 15.866 53.764
21.585 15.879 53.861
21.608 15.893 53.957
21.630 15.906 54.054
21.653 15.920 54.150
21.675 15.933 54.247
21.697 15.947 54.344
21.720 15.960 54.440
21.742 15.973 54.537
21.764 15.987 54.633
21.787 16.000 54.730
21.809 16.014 54.826
21.832 16.027 54.923
21.854 16.041 55.019
21.876 16.054 55.116
21.899 16.068 55.212
21.921 16.081 55.309
21.943 16.095 55.405
21.966 16.108 55.502
21.988 16.121 55.598
22.011 16.135 55.695
22.033 16.148 55.791
22.055 16.162 55.888
22.078 16.175 55.985
22.100 16.189 56.081
22.122 16.202 56.178
22.145 16.216 56.274
22.167 16.229 56.371
22.190 16.242 56.467
22.212 16.256 56.564
22.234 16.269 56.660
22.257 16.282 56.757
22.280 16.295 56.853
22.302 16.308 56.950
22.325 16.321 57.046
22.347 16.334 57.143
22.370 16.347 57.239
22.393 16.360 57.336
22.415 16.373 57.433
22.438 16.386 57.529
22.461 16.399 57.626
22.483 16.412 57.722
22.506 16.425 57.819
22.529 16.438 57.915
22.551 16.450 58.012
22.574 16.463 58.108
22.597 16.476 58.205
22.619 16.489 58.301
22.642 16.502 58.398
22.665 16.515 58.494
22.687 16.528 58.591
22.710 16.541 58.688
22.733 16.554 58.784
22.755 16.567 58.881
22.778 16.580 58.977
22.801 16.592 59.074
22.823 16.605 59.170
22.846 16.618 59.267
22.869 16.631 59.363
22.891 16.644 59.460
22.914 16.657 59.556
22.937 16.670 59.653
22.960 16.683 59.749
22.982 16.696 59.846
23.005 16.709 59.942
23.028 16.722 60.039
23.050 16.734 60.136
23.073 16.747 60.232
23.096 16.760 60.329
23.119 16.773 60.425
23.141 16.786 60.522
23.164 16.799 60.618
23.187 16.812 60.715
23.209 16.825 60.811
23.232 16.838 60.908
23.255 16.851 61.004
23.278 16.864 61.101
23.300 16.876 61.197
23.323 16.889 61.294
23.346 16.902 61.390
23.368 16.915 61.487
23.391 16.928 61.583
23.414 16.941 61.680
23.437 16.954 61.776
23.459 16.967 61.873
23.482 16.980 61.969
23.505 16.993 62.066
23.527 17.005 62.163
23.550 17.018 62.259
23.573 17.031 62.356
23.596 17.044 62.452
23.618 17.057 62.549
23.641 17.070 62.645
23.664 17.083 62.742
23.687 17.096 62.838
23.709 17.109 62.935
23.732 17.122 63.031
23.755 17.134 63.128
23.777 17.147 63.224
23.800 17.160 63.321
23.823 17.173 63.417
23.846 17.186 63.514
23.868 17.199 63.610
23.891 17.212 63.707
23.914 17.225 63.803
23.936 17.238 63.900
23.959 17.250 63.997
23.982 17.263 64.093
24.005 17.276 64.190
24.027 17.289 64.286
24.050 17.302 64.383
24.073 17.315 64.479
24.096 17.327 64.576
24.118 17.340 64.672
24.141 17.353 64.769
24.164 17.366 64.865
24.187 17.379 64.962
24.209 17.392 65.058
24.232 17.404 65.155
24.255 17.417 65.251
24.278 17.430 65.348
24.300 17.443 65.444
24.323 17.456 65.541
24.346 17.469 65.638
24.369 17.481 65.734
24.391 17.494 65.831
24.414 17.507 65.927
24.437 17.520 66.024
24.460 17.533 66.120
24.482 17.546 66.217
24.505 17.558 66.313
24.528 17.571 66.410
24.551 17.584 66.506
24.573 17.597 66.603
24.596 17.610 66.699
24.619 17.623 66.796
24.642 17.635 66.892
24.664 17.648 66.989
24.687 17.661 67.085
24.710 17.674 67.182
24.733 17.687 67.278
24.755 17.700 67.375
24.778 17.712 67.472
24.801 17.725 67.568
24.824 17.738 67.665
24.846 17.751 67.761
24.869 17.764 67.858
24.892 17.776 67.954
24.915 17.789 68.051
24.937 17.802 68.147
24.960 17.815 68.244
24.983 17.828 68.340
25.006 17.841 68.437
25.029 17.853 68.533
25.051 17.866 68.630
25.074 17.879 68.726
25.097 17.892 68.823
25.120 17.905 68.919
25.142 17.918 69.016
25.165 17.930 69.112
25.188 17.943 69.209
25.211 17.956 69.306
25.233 17.969 69.402
25.256 17.982 69.499
25.279 17.995 69.595
25.302 18.007 69.692
25.324 18.020 69.788
25.347 18.033 69.885
25.370 18.046 69.981
25.393 18.059 70.078
25.415 18.072 70.174
25.438 18.084 70.271
25.461 18.097 70.367
25.484 18.110 70.464
25.506 18.123 70.560
25.529 18.136 70.657
25.552 18.149 70.753
25.575 18.161 70.850
25.597 18.174 70.946
25.620 18.187 71.043
25.643 18.200 71.140
25.666 18.213 71.236
25.689 18.225 71.333
25.711 18.238 71.429
25.734 18.251 71.526
25.757 18.264 71.622
25.780 18.277 71.719
25.802 18.290 71.815
25.825 18.302 71.912
25.848 18.315 72.008
25.871 18.328 72.105
25.893 18.341 72.201
25.916 18.354 72.298
25.939 18.367 72.394
25.962 18.379 72.491
25.984 18.392 72.587
26.007 18.405 72.684
26.030 18.418 72.780
26.052 18.431 72.877
26.075 18.444 72.974
26.098 18.457 73.070
26.121 18.469 73.167
26.143 18.482 73.263
26.166 18.495 73.360
26.189 18.508 73.456
26.211 18.521 73.553
26.234 18.534 73.649
26.257 18.547 73.746
26.279 18.560 73.842
26.302 18.572 73.939
26.325 18.585 74.035
26.348 18.598 74.132
26.370 18.611 74.228
26.393 18.624 74.325
26.416 18.637 74.422
26.438 18.650 74.518
26.461 18.663 74.615
26.484 18.676 74.711
26.506 18.688 74.808
26.529 18.701 74.904
26.552 18.714 75.001
26.575 18.727 75.097
26.597 18.740 75.194
26.620 18.753 75.290
26.643 18.766 75.387
26.665 18.779 75.483
26.688 18.792 75.580
26.711 18.805 75.676
26.734 18.818 75.773
26.756 18.830 75.869
26.779 18.843 75.966
26.802 18.856 76.062
26.824 18.869 76.159
26.847 18.882 76.256
26.870 18.895 76.352
26.892 18.908 76.449
26.915 18.921 76.545
26.938 18.934 76.642
26.961 18.947 76.738
26.983 18.960 76.835
27.006 18.973 76.931
27.029 18.986 77.028
27.051 18.999 77.124
27.074 19.012 77.221
27.097 19.025 77.317
27.119 19.037 77.414
27.142 19.050 77.510
27.165 19.063 77.607
27.188 19.076 77.703
27.210 19.089 77.800
27.233 19.102 77.896
27.256 19.115 77.993
27.278 19.128 78.090
27.301 19.141 78.186
27.324 19.154 78.283
27.346 19.167 78.379
27.369 19.180 78.476
27.392 19.193 78.572
27.414 19.206 78.669
27.437 19.219 78.765
27.460 19.231 78.862
27.482 19.244 78.958
27.505 19.257 79.055
27.528 19.270 79.151
27.550 19.283 79.248
27.573 19.296 79.344
27.596 19.309 79.441
27.618 19.322 79.537
27.641 19.335 79.634
27.664 19.348 79.731
27.686 19.361 79.827
27.708 19.374 79.924
27.731 19.387 80.020
27.753 19.400 80.117
27.775 19.413 80.214
27.797 19.425 80.310
27.819 19.438 80.407
27.842 19.451 80.504
27.864 19.464 80.600
27.886 19.477 80.697
27.908 19.490 80.794
27.930 19.503 80.890
27.953 19.516 80.987
27.975 19.529 81.084
27.997 19.542 81.180
28.019 19.555 81.277
28.041 19.568 81.373
28.063 19.581 81.470
28.086 19.594 81.567
28.108 19.607 81.663
28.130 19.620 81.760
28.152 19.632 81.857
28.174 19.645 81.953
28.197 19.658 82.050
28.219 19.671 82.147
28.241 19.684 82.243
28.263 19.697 82.340
28.285 19.710 82.436
28.308 19.723 82.533
28.330 19.736 82.630
28.352 19.749 82.726
28.374 19.763 82.823
28.397 19.776 82.920
28.419 19.789 83.016
28.441 19.802 83.113
28.464 19.815 83.209
28.486 19.828 83.306
28.508 19.841 83.403
28.530 19.854 83.499
28.553 19.867 83.596
28.575 19.880 83.692
28.597 19.893 83.789
28.620 19.906 83.886
28.642 19.920 83.982
28.664 19.933 84.079
28.686 19.946 84.175
28.709 19.959 84.272
28.731 19.972 84.369
28.753 19.985 84.465
28.776 19.998 84.562
28.798 20.011 84.658
28.820 20.024 84.755
28.842 20.037 84.852
28.865 20.050 84.948
28.887 20.063 85.045
28.909 20.077 85.141
28.932 20.090 85.238
28.954 20.103 85.335
28.976 20.116 85.431
28.999 20.129 85.528
29.021 20.142 85.624
29.043 20.155 85.721
29.065 20.168 85.818
29.088 20.181 85.914
29.110 20.194 86.011
29.132 20.207 86.107
29.155 20.220 86.204
29.177 20.234 86.301
29.199 20.247 86.397
29.221 20.260 86.494
29.244 20.273 86.590
29.266 20.286 86.687
29.288 20.299 86.784
29.311 20.312 86.880
29.333 20.325 86.977
29.355 20.338 87.073
29.377 20.351 87.170
29.400 20.364 87.267
29.422 20.377 87.363
29.444 20.389 87.460
29.467 20.402 87.557
29.489 20.415 87.653
29.511 20.428 87.750
29.534 20.441 87.846
29.556 20.454 87.943
29.578 20.467 88.040
29.600 20.479 88.136
29.623 20.492 88.233
29.645 20.505 88.330
29.667 20.518 88.426
29.690 20.531 88.523
29.712 20.544 88.620
29.734 20.556 88.716
29.756 20.569 88.813
29.779 20.582 88.909
29.801 20.595 89.006
29.823 20.608 89.103
29.846 20.621 89.199
29.868 20.634 89.296
29.890 20.646 89.393
29.913 20.659 89.489
29.935 20.672 89.586
29.957 20.685 89.682
29.980 20.698 89.779
30.002 20.711 89.876
30.025 20.723 89.972
30.047 20.736 90.069
30.069 20.749 90.165
30.092 20.762 90.262
30.114 20.775 90.359
30.137 20.788 90.455
30.159 20.801 90.552
30.182 20.813 90.648
30.204 20.826 90.745
30.227 20.839 90.842
30.249 20.852 90.938
30.272 20.865 91.035
30.294 20.878 91.131
30.317 20.890 91.228
30.339 20.903 91.325
30.361 20.916 91.421
30.384 20.929 91.518
30.406 20.942 91.614
30.429 20.955 91.711
30.451 20.967 91.807
30.474 20.980 91.904
30.496 20.993 92.001
30.519 21.006 92.097
30.541 21.019 92.194
30.564 21.032 92.290
30.586 21.045 92.387
30.609 21.057 92.484
30.631 21.070 92.580
30.654 21.083 92.677
30.676 21.096 92.773
30.699 21.109 92.870
30.721 21.122 92.967
30.743 21.134 93.063
30.766 21.147 93.160
30.788 21.160 93.256
30.811 21.173 93.353
30.833 21.186 93.450
30.856 21.199 93.546
30.878 21.212 93.643
30.901 21.224 93.739
30.923 21.237 93.836
30.946 21.250 93.932
30.968 21.263 94.029
30.991 21.276 94.126
31.013 21.288 94.222
31.036 21.301 94.319
31.058 21.314 94.415
31.081 21.327 94.512
31.103 21.340 94.609
31.126 21.353 94.705
31.148 21.365 94.802
31.171 21.378 94.898
31.193 21.391 94.995
31.215 21.404 95.092
31.238 21.417 95.188
31.260 21.429 95.285
31.283 21.442 95.381
31.305 21.455 95.478
31.328 21.468 95.575
31.350 21.481 95.671
31.373 21.494 95.768
31.395 21.506 95.864
31.418 21.519 95.961
31.440 21.532 96.058
31.463 21.545 96.154
31.485 21.558 96.251
31.508 21.570 96.347
31.530 21.583 96.444
31.553 21.596 96.541
31.575 21.609 96.637
31.597 21.622 96.734
31.620 21.635 96.830
31.642 21.647 96.927
31.665 21.660 97.023
31.687 21.673 97.120
31.710 21.686 97.217
31.732 21.699 97.313
31.755 21.711 97.410
31.777 21.724 97.506
31.800 21.737 97.603
31.822 21.750 97.700
31.845 21.763 97.796
31.867 21.775 97.893
31.890 21.788 97.989
31.912 21.801 98.086
31.935 21.814 98.183
31.957 21.827 98.279
31.980 21.839 98.376
32.002 21.852 98.472
32.025 21.865 98.569
32.047 21.878 98.666
32.070 21.891 98.762
32.092 21.903 98.859
32.115 21.916 98.955
32.137 21.929 99.052
32.160 21.942 99.149
32.182 21.955 99.245
32.205 21.968 99.342
32.227 21.980 99.438
32.250 21.993 99.535
32.272 22.006 99.631
32.295 22.019 99.728
32.317 22.032 99.825
32.339 22.045 99.921
32.362 22.057 100.018
32.384 22.070 100.114
32.407 22.083 100.211
32.429 22.096 100.308
32.452 22.109 100.404
32.474 22.121 100.501
32.497 22.134 100.597
32.519 22.147 100.694
32.542 22.160 100.791
32.564 22.173 100.887
32.587 22.186 100.984
32.609 22.198 101.080
32.632 22.211 101.177
32.654 22.224 101.274
32.677 22.237 101.370
32.699 22.250 101.467
32.722 22.263 101.563
32.744 22.275 101.660
32.767 22.288 101.756
32.789 22.301 101.853
32.812 22.314 101.950
32.834 22.327 102.046
32.857 22.340 102.143
32.879 22.352 102.239
32.901 22.365 102.336
32.924 22.378 102.433
32.946 22.391 102.529
32.969 22.404 102.626
32.991 22.417 102.722
33.014 22.429 102.819
33.036 22.442 102.916
33.059 22.455 103.012
33.081 22.468 103.109
33.104 22.481 103.205
33.126 22.494 103.302
33.148 22.506 103.399
33.171 22.519 103.495
33.193 22.532 103.592
33.216 22.545 103.688
33.238 22.558 103.785
33.260 22.571 103.882
33.283 22.583 103.978
33.305 22.596 104.075
33.328 22.609 104.171
33.350 22.622 104.268
33.373 22.635 104.365
33.395 22.648 104.461
33.417 22.660 104.558
33.440 22.673 104.654
33.462 22.686 104.751
33.485 22.699 104.848
33.507 22.712 104.944
33.529 22.725 105.041
33.552 22.738 105.137
33.574 22.750 105.234
33.597 22.763 105.331
33.619 22.776 105.427
33.641 22.789 105.524
33.664 22.802 105.620
33.686 22.815 105.717
33.708 22.828 105.814
33.731 22.841 105.910
33.753 22.855 106.007
33.775 22.868 106.103
33.798 22.881 106.200
33.820 22.894 106.297
33.842 22.907 106.393
33.865 22.920 106.490
33.887 22.933 106.586
33.909 22.946 106.683
33.932 22.959 106.780
33.954 22.972 106.876
33.976 22.985 106.973
33.999 22.999 107.069
34.021 23.012 107.166
34.043 23.025 107.263
34.066 23.038 107.359
34.088 23.051 107.456
34.110 23.064 107.552
34.133 23.077 107.649
34.155 23.090 107.746
34.177 23.103 107.842
34.199 23.116 107.939
34.222 23.129 108.035
34.244 23.142 108.132
34.266 23.156 108.228
34.289 23.169 108.325
34.311 23.182 108.422
34.333 23.195 108.518
34.356 23.208 108.615
34.378 23.221 108.711
34.400 23.234 108.808
34.423 23.247 108.905
34.445 23.260 109.001
34.467 23.273 109.098
34.490 23.287 109.194
34.512 23.300 109.291
34.534 23.313 109.388
34.557 23.326 109.484
34.579 23.339 109.581
34.601 23.352 109.677
34.624 23.365 109.774
34.646 23.378 109.871
34.668 23.391 109.967
34.690 23.404 110.064
34.713 23.417 110.160
34.735 23.430 110.257
34.757 23.443 110.354
34.779 23.456 110.450
34.801 23.470 110.547
34.823 23.483 110.644
34.846 23.496 110.740
34.868 23.509 110.837
34.890 23.522 110.933
34.912 23.535 111.030
34.934 23.548 111.127
34.956 23.561 111.223
34.979 23.574 111.320
35.001 23.587 111.417
35.023 23.600 111.513
35.045 23.613 111.610
35.067 23.626 111.707
35.089 23.639 111.803
35.112 23.652 111.900
35.134 23.665 111.996
35.156 23.678 112.093
35.178 23.691 112.190
35.200 23.704 112.286
35.222 23.717 112.383
35.245 23.730 112.480
35.267 23.743 112.576
35.289 23.757 112.672
35.297 23.761 112.704
35.303 23.765 112.725
35.310 23.770 112.749
35.317 23.775 112.775
35.326 23.780 112.804
35.335 23.786 112.836
35.346 23.793 112.871
35.357 23.801 112.909
35.370 23.809 112.952
35.384 23.819 112.999
35.399 23.829 113.050
35.416 23.840 113.107
35.435 23.853 113.169
35.456 23.866 113.238
35.478 23.882 113.314
35.503 23.898 113.397
35.531 23.916 113.488
35.559 23.935 113.583
35.587 23.954 113.677
35.615 23.972 113.771
35.643 23.991 113.865
35.672 24.010 113.959
35.700 24.029 114.053
35.728 24.047 114.147
35.756 24.066 114.241
35.784 24.085 114.335
35.813 24.104 114.429
35.841 24.122 114.523
35.869 24.141 114.618
35.897 24.160 114.712
35.925 24.179 114.806
35.953 24.197 114.900
35.982 24.216 114.994
36.010 24.235 115.088
36.038 24.254 115.182
36.066 24.272 115.276
36.094 24.291 115.370
36.123 24.310 115.464
36.151 24.329 115.559
36.179 24.347 115.653
36.207 24.366 115.747
36.235 24.385 115.841
36.264 24.403 115.935
36.292 24.422 116.029
36.320 24.441 116.123
36.348 24.460 116.217
36.376 24.478 116.311
36.405 24.497 116.405
36.433 24.516 116.499
36.461 24.535 116.594
36.489 24.553 116.688
36.517 24.572 116.782
36.546 24.591 116.876
36.574 24.609 116.970
36.602 24.628 117.064
36.630 24.647 117.158
36.658 24.665 117.252
36.686 24.684 117.346
36.715 24.702 117.441
36.743 24.721 117.535
36.771 24.739 117.629
36.799 24.758 117.723
36.827 24.776 117.817
36.855 24.795 117.911
36.884 24.813 118.006
36.912 24.832 118.100
36.940 24.850 118.194
36.968 24.869 118.288
36.996 24.887 118.382
37.024 24.906 118.476
37.053 24.924 118.570
37.081 24.943 118.665
37.109 24.961 118.759
37.137 24.980 118.853
37.165 24.998 118.947
37.193 25.017 119.041
37.222 25.035 119.135
37.250 25.054 119.229
37.278 25.072 119.324
37.306 25.091 119.418
37.334 25.109 119.512
37.363 25.128 119.606
37.391 25.146 119.700
37.419 25.165 119.794
37.447 25.183 119.889
37.475 25.202 119.983
37.504 25.220 120.077
37.532 25.239 120.171
37.560 25.257 120.265
37.588 25.276 120.359
37.616 25.294 120.453
37.645 25.313 120.547
37.673 25.331 120.642
37.701 25.350 120.736
37.729 25.368 120.830
37.758 25.387 120.924
37.786 25.405 121.018
37.814 25.423 121.112
37.842 25.442 121.206
37.870 25.460 121.301
37.899 25.479 121.395
37.927 25.497 121.489
37.955 25.516 121.583
37.983 25.534 121.677
38.012 25.553 121.771
38.040 25.571 121.865
38.068 25.590 121.960
38.096 25.608 122.054
38.124 25.627 122.148
38.153 25.645 122.242
38.181 25.664 122.336
38.209 25.682 122.430
38.237 25.701 122.524
38.265 25.719 122.618
38.294 25.738 122.713
38.322 25.756 122.807
38.350 25.774 122.901
38.378 25.793 122.995
38.407 25.811 123.089
38.435 25.830 123.183
38.463 25.848 123.277
38.491 25.867 123.372
38.519 25.885 123.466
38.548 25.904 123.560
38.576 25.922 123.654
38.604 25.941 123.748
38.632 25.959 123.842
38.661 25.978 123.936
38.689 25.996 124.031
38.717 26.014 124.125
38.745 26.033 124.219
38.773 26.051 124.313
38.802 26.070 124.407
38.830 26.088 124.501
38.858 26.107 124.595
38.886 26.125 124.690
38.915 26.144 124.784
38.943 26.162 124.878
38.971 26.181 124.972
38.999 26.199 125.066
39.028 26.217 125.160
39.056 26.236 125.254
39.084 26.254 125.349
39.112 26.273 125.443
39.141 26.291 125.537
39.169 26.310 125.631
39.197 26.328 125.725
39.225 26.347 125.819
39.254 26.365 125.913
39.282 26.383 126.007
39.310 26.402 126.102
39.338 26.420 126.196
39.367 26.439 126.290
39.395 26.457 126.384
39.423 26.476 126.478
39.451 26.494 126.572
39.480 26.513 126.666
39.508 26.531 126.761
39.536 26.550 126.855
39.564 26.568 126.949
39.593 26.586 127.043
39.621 26.605 127.137
39.649 26.623 127.231
39.677 26.642 127.325
39.706 26.660 127.419
39.734 26.679 127.514
39.762 26.697 127.608
39.790 26.716 127.702
39.819 26.734 127.796
39.847 26.753 127.890
39.875 26.771 127.984
39.903 26.789 128.078
39.932 26.808 128.173
39.960 26.826 128.267
39.988 26.845 128.361
40.016 26.863 128.455
40.044 26.882 128.549
40.073 26.900 128.643
40.101 26.919 128.737
40.129 26.937 128.832
40.157 26.956 128.926
40.186 26.974 129.020
40.214 26.992 129.114
40.242 27.011 129.208
40.270 27.029 129.302
40.299 27.048 129.396
40.327 27.066 129.490
40.355 27.085 129.585
40.383 27.103 129.679
40.412 27.122 129.773
40.440 27.140 129.867
40.468 27.159 129.961
40.496 27.177 130.055
40.524 27.196 130.149
40.553 27.214 130.244
40.581 27.233 130.338
40.609 27.251 130.432
40.637 27.269 130.526
40.666 27.288 130.620
40.694 27.306 130.714
40.722 27.325 130.808
40.750 27.343 130.903
40.778 27.362 130.997
40.807 27.380 131.091
40.835 27.399 131.185
40.863 27.417 131.279
40.891 27.436 131.373
40.919 27.454 131.467
40.948 27.473 131.562
40.976 27.491 131.656
41.004 27.510 131.750
41.032 27.528 131.844
41.061 27.547 131.938
41.089 27.565 132.032
41.117 27.584 132.126
41.145 27.602 132.220
41.173 27.621 132.315
41.202 27.639 132.409
41.230 27.658 132.503
41.258 27.676 132.597
41.286 27.695 132.691
41.314 27.713 132.785
41.343 27.732 132.879
41.371 27.750 132.974
41.399 27.769 133.068
41.427 27.787 133.162
41.456 27.806 133.256
41.484 27.824 133.350
41.512 27.843 133.444
41.540 27.861 133.538
41.568 27.880 133.633
41.597 27.898 133.727
41.625 27.917 133.821
41.653 27.935 133.915
41.681 27.954 134.009
41.709 27.972 134.103
41.737 27.991 134.197
41.766 28.009 134.292
41.794 28.028 134.386
41.822 28.046 134.480
41.850 28.065 134.574
41.878 28.083 134.668
41.906 28.102 134.762
41.934 28.120 134.857
41.962 28.139 134.951
41.990 28.157 135.045
42.018 28.176 135.139
42.046 28.194 135.233
42.074 28.213 135.328
42.102 28.231 135.422
42.130 28.250 135.516
42.158 28.268 135.610
42.186 28.287 135.704
42.215 28.305 135.798
42.243 28.324 135.893
42.271 28.342 135.987
42.299 28.361 136.081
42.327 28.379 136.175
42.355 28.398 136.269
42.383 28.416 136.364
42.411 28.435 136.458
42.439 28.453 136.552
42.467 28.472 136.646
42.495 28.490 136.740
42.523 28.509 136.834
42.551 28.528 136.929
42.579 28.546 137.023
42.607 28.565 137.117
42.636 28.584 137.211
42.664 28.602 137.305
42.692 28.621 137.399
42.720 28.640 137.493
42.748 28.658 137.587
42.776 28.677 137.682
42.804 28.696 137.776
42.832 28.714 137.870
42.861 28.733 137.964
42.889 28.752 138.058
42.917 28.770 138.152
42.945 28.789 138.246
42.973 28.808 138.340
43.001 28.827 138.435
43.029 28.845 138.529
43.057 28.864 138.623
43.085 28.883 138.717
43.114 28.901 138.811
43.142 28.920 138.905
43.170 28.939 138.999
43.198 28.957 139.094
43.226 28.976 139.188
43.254 28.995 139.282
43.282 29.013 139.376
43.310 29.032 139.470
43.338 29.051 139.564
43.366 29.069 139.658
43.395 29.088 139.752
43.423 29.107 139.847
43.451 29.125 139.941
43.479 29.144 140.035
43.507 29.163 140.129
43.535 29.181 140.223
43.563 29.200 140.317
43.591 29.219 140.411
43.619 29.237 140.506
43.647 29.256 140.600
43.675 29.275 140.694
43.704 29.293 140.788
43.732 29.312 140.882
43.760 29.331 140.976
43.788 29.349 141.070
43.816 29.368 141.164
43.844 29.387 141.259
43.862 29.399 141.319
43.870 29.404 141.345
43.874 29.407 141.361
43.878 29.409 141.372
43.881 29.411 141.381
43.883 29.412 141.388
43.884 29.414 141.394
43.886 29.415 141.399
43.887 29.415 141.403
43.888 29.416 141.406
43.889 29.417 141.409
43.890 29.417 141.412
43.891 29.418 141.415
43.891 29.418 141.417
43.892 29.419 141.419
43.892 29.419 141.421
43.893 29.419 141.423
43.893 29.420 141.424
43.894 29.420 141.426
43.894 29.420 141.427
43.895 29.420 141.428
43.895 29.421 141.429
43.895 29.421 141.430
43.896 29.421 141.431
43.896 29.421 141.432
43.896 29.421 141.433
43.896 29.422 141.434
43.897 29.422 141.435
43.897 29.422 141.436
43.897 29.422 141.436
43.897 29.422 141.437
43.897 29.422 141.438
43.898 29.422 141.438
43.898 29.423 141.439
43.898 29.423 141.439
43.898 29.423 141.440
43.898 29.423 141.440
43.898 29.423 141.441
43.899 29.423 141.441
43.899 29.423 141.442
43.899 29.423 141.442
43.899 29.423 141.443
43.899 29.423 141.443
43.899 29.423 141.443
43.899 29.424 141.444
43.899 29.424 141.444
43.899 29.424 141.444
43.900 29.424 141.445
43.900 29.424 141.445
43.900 29.424 141.445
43.900 29.424 141.446
43.900 29.424 141.446
43.900 29.424 141.446
43.900 29.424 141.447
43.900 29.424 141.447
43.900 29.424 141.447
43.900 29.424 141.447
43.900 29.424 141.448
43.900 29.424 141.448
43.901 29.424 141.448
43.901 29.424 141.448
43.901 29.424 141.448
43.901 29.424 141.449
43.901 29.425 141.449
43.901 29.425 141.449
43.901 29.425 141.449
43.901 29.425 141.449
43.901 29.425 141.450
43.901 29.425 141.450
43.901 29.425 141.450
43.901 29.425 141.450
43.901 29.425 141.450
43.901 29.425 141.450
43.901 29.425 141.451
43.901 29.425 141.451
43.901 29.425 141.451
43.901 29.425 141.451
43.901 29.425 141.451
43.902 29.425 141.451
43.902 29.425 141.452
43.902 29.425 141.452
43.902 29.425 141.452
43.902 29.425 141.452
43.902 29.425 141.452
43.902 29.425 141.452
43.902 29.425 141.452
43.902 29.425 141.452
43.902 29.425 141.453
43.902 29.425 141.453
43.902 29.425 141.453
43.902 29.425 141.453
43.902 29.425 141.453
43.902 29.425 141.453
43.902 29.425 141.453
43.902 29.425 141.453
43.902 29.425 141.453
43.902 29.425 141.453
43.902 29.425 141.454
43.902 29.425 141.454
43.902 29.426 141.454
43.902 29.426 141.454
43.902 29.426 141.454
43.902 29.426 141.454
43.902 29.426 141.454
43.902 29.426 141.454
43.902 29.426 141.454
43.902 29.426 141.454
43.902 29.426 141.454
43.902 29.426 141.455
43.902 29.426 141.455
43.903 29.426 141.455
43.903 29.426 141.455
43.903 29.426 141.455
43.903 29.426 141.455
43.903 29.426 141.455
43.903 29.426 141.455
43.903 29.426 141.455
43.903 29.426 141.455
43.903 29.426 141.455
43.903 29.426 141.455
43.903 29.426 141.455
43.903 29.426 141.455
43.903 29.426 141.456
43.903 29.426 141.456
43.903 29.426 141.456
43.903 29.426 141.456
43.903 29.426 141.456
43.903 29.426 141.456
43.903 29.426 141.456
43.903 29.426 141.456
43.903 29.426 141.456
43.903 29.426 141.456
43.903 29.426 141.456
43.903 29.426 141.456
43.903 29.426 141.456
43.903 29.426 141.456
43.903 29.426 141.456
43.903 29.426 141.456
43.903 29.426 141.456
43.903 29.426 141.456
43.903 29.426 141.457
43.903 29.426 141.457
43.903 29.426 141.457
43.903 29.426 141.457
43.903 29.426 141.457
43.903 29.426 141.457
43.903 29.426 141.457
43.903 29.426 141.457
43.903 29.426 141.457
43.903 29.426 141.457
43.903 29.426 141.457
43.903 29.426 141.457
43.903 29.426 141.457
43.903 29.426 141.457
43.903 29.426 141.457
43.903 29.426 141.457
43.903 29.426 141.457
43.903 29.426 141.457
43.903 29.426 141.457
43.903 29.426 141.457
43.903 29.426 141.457
43.903 29.426 141.457
43.903 29.426 141.457
43.903 29.426 141.457
43.903 29.426 141.458
43.903 29.426 141.458
43.903 29.426 141.458
43.903 29.426 141.458
43.903 29.426 141.458
43.903 29.426 141.458
43.903 29.426 141.458
43.903 29.426 141.458
43.903 29.426 141.458
43.903 29.426 141.458
43.903 29.426 141.458
43.903 29.426 141.458
43.903 29.426 141.458
43.903 29.426 141.458
43.903 29.426 141.458
43.903 29.426 141.458
43.903 29.426 141.458
43.903 29.426 141.458
43.904 29.426 141.458
43.904 29.426 141.458
43.904 29.426 141.458
43.904 29.426 141.458
43.904 29.426 141.458
43.904 29.426 141.458
43.904 29.426 141.458
43.904 29.426 141.458
43.904 29.426 141.458
43.904 29.426 141.458
43.904 29.426 141.458
43.904 29.426 141.458
43.904 29.427 141.458
43.904 29.427 141.459
43.904 29.427 141.459
43.904 29.427 141.459
43.904 29.427 141.459
43.904 29.427 141.459
43.904 29.427 141.459
43.904 29.427 141.459
43.904 29.427 141.459
43.904 29.427 141.459
43.904 29.427 141.459
43.904 29.427 141.459
43.904 29.427 141.459
43.904 29.427 141.459
43.904 29.427 141.459
43.904 29.427 141.459
43.904 29.427 141.459
43.904 29.427 141.459
43.904 29.427 141.459
43.904 29.427 141.459
43.904 29.427 141.459
43.904 29.427 141.459
43.904 29.427 141.459
43.904 29.427 141.459
43.904 29.427 141.459
43.904 29.427 141.459
43.904 29.427 141.459
43.904 29.427 141.459
43.904 29.427 141.459
43.904 29.427 141.459
43.904 29.427 141.459
43.904 29.427 141.459
43.904 29.427 141.459
43.904 29.427 141.459
43.904 29.427 141.459
43.904 29.427 141.459
43.904 29.427 141.459
43.904 29.427 141.459
43.904 29.427 141.459
43.904 29.427 141.459
43.904 29.427 141.459
43.904 29.427 141.459
43.904 29.427 141.459
43.904 29.427 141.459
43.904 29.427 141.459
43.904 29.427 141.459
43.903 29.427 141.459
43.903 29.427 141.459
43.903 29.427 141.459
43.903 29.427 141.459
43.903 29.427 141.459
43.903 29.427 141.459
43.903 29.427 141.459
43.903 29.427 141.458
43.903 29.427 141.458
43.903 29.427 141.458
43.903 29.427 141.458
43.903 29.427 141.458
43.903 29.427 141.458
43.903 29.427 141.458
43.903 29.427 141.458
43.903 29.427 141.458
43.903 29.427 141.458
43.903 29.427 141.458
43.903 29.427 141.458
43.903 29.427 141.458
43.903 29.427 141.458
43.903 29.427 141.458
43.903 29.427 141.458
43.903 29.427 141.458
43.903 29.427 141.458
43.903 29.427 141.458
43.903 29.427 141.458
43.903 29.427 141.458
43.903 29.427 141.458
43.903 29.427 141.458
43.903 29.427 141.458
43.903 29.427 141.458
43.903 29.427 141.458
43.903 29.427 141.458
43.903 29.427 141.458
43.903 29.427 141.458
43.903 29.427 141.458
43.903 29.427 141.457
43.903 29.427 141.457
43.903 29.427 141.457
43.903 29.427 141.457
43.903 29.427 141.457
43.903 29.427 141.457
43.903 29.427 141.457
43.903 29.427 141.457
43.903 29.427 141.457
43.903 29.427 141.457
43.903 29.427 141.457
43.903 29.427 141.457
43.903 29.427 141.457
43.903 29.427 141.457
43.903 29.427 141.457
43.903 29.427 141.457
43.903 29.427 141.457
43.903 29.427 141.457
43.903 29.427 141.457
43.903 29.427 141.457
43.903 29.427 141.457
43.903 29.427 141.457
43.903 29.427 141.456
43.903 29.427 141.456
43.903 29.427 141.456
43.902 29.427 141.456
43.902 29.427 141.456
43.902 29.427 141.456
43.902 29.427 141.456
43.902 29.427 141.456
43.902 29.427 141.456
43.902 29.427 141.456
43.902 29.427 141.456
43.902 29.427 141.456
43.902 29.427 141.456
43.902 29.427 141.456
43.902 29.427 141.456
43.902 29.427 141.456
43.902 29.427 141.456
43.902 29.427 141.455
43.902 29.427 141.455
43.902 29.427 141.455
43.902 29.427 141.455
43.902 29.427 141.455
43.902 29.427 141.455
43.902 29.427 141.455
43.902 29.427 141.455
43.902 29.427 141.455
43.902 29.427 141.455
43.902 29.427 141.455
43.902 29.427 141.455
43.902 29.427 141.455
43.902 29.427 141.454
43.902 29.427 141.454
43.902 29.427 141.454
43.902 29.426 141.454
43.902 29.426 141.454
43.902 29.426 141.454
43.901 29.426 141.454
43.901 29.426 141.454
43.901 29.426 141.454
43.901 29.426 141.454
43.901 29.426 141.454
43.901 29.426 141.453
43.901 29.426 141.453
43.901 29.426 141.453
43.901 29.426 141.453
43.901 29.426 141.453
43.901 29.426 141.453
43.901 29.426 141.453
43.901 29.426 141.453
43.901 29.426 141.453
43.901 29.426 141.452
43.901 29.426 141.452
43.901 29.426 141.452
43.901 29.426 141.452
43.901 29.426 141.452
43.901 29.426 141.452
43.901 29.426 141.452
43.900 29.426 141.451
43.900 29.426 141.451
43.900 29.426 141.451
43.900 29.426 141.451
43.900 29.426 141.451
43.900 29.426 141.451
43.900 29.426 141.450
43.900 29.426 141.450
43.900 29.426 141.450
43.900 29.426 141.450
43.900 29.426 141.450
43.900 29.426 141.450
43.900 29.426 141.449
43.900 29.426 141.449
43.899 29.426 141.449
43.899 29.426 141.449
43.899 29.426 141.448
43.899 29.426 141.448
43.899 29.426 141.448
43.899 29.426 141.448
43.899 29.426 141.448
43.899 29.426 141.447
43.899 29.426 141.447
43.899 29.426 141.447
43.898 29.426 141.446
43.898 29.426 141.446
43.898 29.426 141.446
43.898 29.426 141.446
43.898 29.426 141.445
43.898 29.426 141.445
43.898 29.426 141.444
43.897 29.426 141.444
43.897 29.426 141.444
43.897 29.426 141.443
43.897 29.426 141.443
43.897 29.426 141.443
43.897 29.426 141.442
43.896 29.426 141.442
43.896 29.426 141.441
43.896 29.426 141.441
43.896 29.426 141.440
43.896 29.426 141.440
43.895 29.425 141.439
43.895 29.425 141.438
43.895 29.425 141.438
43.895 29.425 141.437
43.894 29.425 141.436
43.894 29.425 141.436
43.894 29.425 141.435
43.893 29.425 141.434
43.893 29.425 141.433
43.893 29.425 141.432
43.892 29.425 141.431
43.892 29.425 141.430
43.891 29.425 141.429
43.891 29.425 141.428
43.890 29.425 141.426
43.890 29.425 141.425
43.889 29.424 141.423
43.888 29.424 141.422
43.888 29.424 141.420
43.887 29.424 141.418
43.886 29.424 141.416
43.885 29.424 141.414
43.884 29.424 141.411
43.883 29.423 141.408
43.882 29.423 141.405
43.880 29.423 141.401
43.879 29.423 141.398
43.877 29.422 141.393
43.875 29.422 141.389
43.873 29.422 141.383
43.870 29.421 141.378
43.868 29.421 141.371
43.865 29.420 141.365
43.862 29.420 141.357
43.859 29.419 141.348
43.855 29.419 141.339
43.851 29.418 141.329
43.846 29.417 141.318
43.841 29.416 141.306
43.836 29.415 141.292
43.829 29.414 141.277
43.823 29.413 141.260
43.815 29.412 141.242
43.807 29.410 141.222
43.798 29.409 141.200
43.789 29.407 141.176
43.778 29.405 141.150
43.766 29.403 141.120
43.753 29.401 141.088
43.738 29.399 141.053
43.722 29.396 141.014
43.705 29.393 140.971
43.686 29.390 140.924
43.665 29.386 140.872
43.641 29.382 140.815
43.616 29.378 140.752
43.588 29.373 140.683
43.557 29.368 140.607
43.523 29.362 140.524
43.486 29.356 140.432
43.448 29.349 140.339
43.410 29.343 140.247
43.373 29.336 140.154
43.335 29.330 140.062
43.298 29.324 139.969
43.260 29.317 139.877
43.222 29.311 139.785
43.185 29.304 139.692
43.147 29.298 139.600
43.109 29.292 139.507
43.072 29.285 139.415
43.034 29.279 139.322
42.997 29.272 139.230
42.959 29.266 139.137
42.921 29.259 139.045
42.884 29.253 138.953
42.846 29.247 138.860
42.809 29.240 138.768
42.771 29.234 138.675
42.733 29.227 138.583
42.696 29.221 138.490
42.658 29.215 138.398
42.620 29.208 138.306
42.583 29.202 138.213
42.545 29.195 138.121
42.508 29.189 138.028
42.470 29.183 137.936
42.432 29.176 137.843
42.395 29.170 137.751
42.357 29.163 137.659
42.319 29.157 137.566
42.282 29.150 137.474
42.244 29.144 137.381
42.207 29.138 137.289
42.169 29.131 137.196
42.131 29.125 137.104
42.094 29.118 137.012
42.056 29.112 136.919
42.018 29.106 136.827
41.981 29.099 136.734
41.943 29.093 136.642
41.906 29.086 136.549
41.868 29.080 136.457
41.830 29.074 136.365
41.793 29.067 136.272
41.755 29.061 136.180
41.717 29.054 136.087
41.680 29.048 135.995
41.642 29.042 135.902
41.605 29.035 135.810
41.567 29.029 135.718
41.529 29.022 135.625
41.492 29.016 135.533
41.454 29.010 135.440
41.417 29.003 135.348
41.379 28.997 135.255
41.341 28.990 135.163
41.304 28.984 135.071
41.266 28.977 134.978
41.229 28.971 134.886
41.191 28.964 134.793
41.154 28.958 134.701
41.116 28.952 134.608
41.079 28.945 134.516
41.041 28.939 134.423
41.004 28.932 134.331
40.966 28.926 134.238
40.928 28.919 134.146
40.891 28.913 134.053
40.853 28.906 133.961
40.816 28.900 133.869
40.778 28.893 133.776
40.741 28.887 133.684
40.703 28.880 133.591
40.666 28.874 133.499
40.628 28.867 133.406
40.591 28.861 133.314
40.553 28.855 133.221
40.515 28.848 133.129
40.478 28.842 133.036
40.440 28.835 132.944
40.403 28.829 132.852
40.365 28.822 132.759
40.328 28.816 132.667
40.290 28.809 132.574
40.252 28.803 132.482
40.215 28.796 132.389
40.177 28.790 132.297
40.140 28.783 132.204
40.102 28.777 132.112
40.065 28.770 132.020
40.027 28.763 131.927
39.989 28.757 131.835
39.952 28.750 131.742
39.914 28.744 131.650
39.877 28.737 131.557
39.839 28.731 131.465
39.801 28.724 131.373
39.764 28.718 131.280
39.726 28.711 131.188
39.689 28.705 131.095
39.651 28.699 131.003
39.614 28.692 130.910
39.576 28.686 130.818
39.538 28.679 130.725
39.501 28.673 130.633
39.463 28.666 130.541
39.426 28.660 130.448
39.388 28.653 130.356
39.351 28.647 130.263
39.313 28.641 130.171
39.275 28.634 130.078
39.238 28.628 129.986
39.200 28.621 129.893
39.163 28.615 129.801
39.125 28.608 129.708
39.088 28.602 129.616
39.050 28.595 129.524
39.012 28.589 129.431
38.975 28.583 129.339
38.937 28.576 129.246
38.900 28.570 129.154
38.862 28.563 129.061
38.825 28.557 128.969
38.787 28.550 128.876
38.750 28.544 128.784
38.712 28.537 128.692
38.674 28.531 128.599
38.637 28.525 128.507
38.599 28.518 128.414
38.562 28.512 128.322
38.524 28.505 128.229
38.486 28.499 128.137
38.449 28.492 128.044
38.411 28.486 127.952
38.374 28.480 127.860
38.336 28.473 127.767
38.299 28.467 127.675
38.261 28.460 127.582
38.223 28.454 127.490
38.186 28.448 127.397
38.148 28.441 127.305
38.111 28.435 127.212
38.073 28.428 127.120
38.035 28.422 127.028
37.998 28.415 126.935
37.960 28.409 126.843
37.923 28.402 126.750
37.885 28.396 126.658
37.847 28.390 126.565
37.810 28.383 126.473
37.772 28.377 126.380
37.735 28.370 126.288
37.697 28.364 126.196
37.660 28.357 126.103
37.622 28.351 126.011
37.584 28.344 125.918
37.547 28.338 125.826
37.509 28.331 125.733
37.472 28.325 125.641
37.434 28.318 125.549
37.396 28.312 125.456
37.359 28.306 125.364
37.321 28.299 125.271
37.284 28.293 125.179
37.246 28.286 125.086
37.209 28.280 124.994
37.171 28.273 124.901
37.133 28.267 124.809
37.096 28.260 124.716
37.058 28.254 124.624
37.021 28.248 124.532
36.983 28.241 124.439
36.946 28.235 124.347
36.908 28.228 124.254
36.871 28.222 124.162
36.833 28.215 124.069
36.795 28.209 123.977
36.758 28.202 123.884
36.720 28.196 123.792
36.683 28.190 123.699
36.645 28.183 123.607
36.608 28.177 123.515
36.570 28.170 123.422
36.533 28.164 123.330
36.495 28.157 123.237
36.457 28.151 123.145
36.420 28.144 123.052
36.382 28.138 122.960
36.345 28.132 122.868
36.307 28.126 122.775
36.269 28.120 122.683
36.230 28.114 122.591
36.191 28.109 122.499
36.153 28.103 122.407
36.114 28.098 122.315
36.075 28.093 122.223
36.036 28.087 122.131
35.997 28.082 122.039
35.959 28.077 121.947
35.920 28.071 121.855
35.881 28.066 121.763
35.842 28.061 121.671
35.804 28.055 121.579
35.765 28.050 121.486
35.726 28.045 121.394
35.687 28.039 121.302
35.648 28.034 121.210
35.610 28.029 121.118
35.571 28.023 121.026
35.532 28.018 120.934
35.493 28.013 120.842
35.455 28.007 120.750
35.416 28.002 120.658
35.377 27.997 120.566
35.338 27.992 120.474
35.299 27.986 120.382
35.261 27.981 120.290
35.222 27.976 120.198
35.183 27.970 120.106
35.144 27.965 120.014
35.105 27.960 119.922
35.067 27.954 119.830
35.028 27.949 119.738
34.989 27.944 119.646
34.950 27.938 119.554
34.912 27.933 119.462
34.873 27.928 119.370
34.834 27.922 119.278
34.795 27.917 119.186
34.756 27.912 119.094
34.718 27.906 119.002
34.679 27.901 118.910
34.640 27.896 118.818
34.601 27.890 118.726
34.563 27.885 118.634
34.524 27.880 118.542
34.485 27.874 118.450
34.446 27.869 118.358
34.407 27.864 118.266
34.369 27.858 118.174
34.330 27.853 118.082
34.291 27.848 117.990
34.252 27.843 117.898
34.214 27.837 117.806
34.175 27.832 117.714
34.136 27.827 117.622
34.097 27.821 117.530
34.058 27.816 117.438
34.020 27.811 117.346
33.981 27.805 117.254
33.942 27.800 117.162
33.904 27.795 117.070
33.865 27.789 116.978
33.826 27.783 116.886
33.788 27.777 116.793
33.750 27.771 116.701
33.711 27.765 116.609
33.673 27.759 116.517
33.635 27.752 116.424
33.597 27.746 116.332
33.559 27.740 116.240
33.521 27.733 116.148
33.483 27.727 116.055
33.445 27.721 115.963
33.406 27.714 115.871
33.368 27.708 115.779
33.330 27.702 115.687
33.292 27.695 115.594
33.254 27.689 115.502
33.216 27.683 115.410
33.178 27.676 115.318
33.140 27.670 115.225
33.101 27.663 115.133
33.063 27.657 115.041
33.025 27.651 114.949
32.987 27.644 114.857
32.949 27.638 114.764
32.911 27.632 114.672
32.873 27.625 114.580
32.835 27.619 114.488
32.796 27.613 114.395
32.758 27.606 114.303
32.720 27.600 114.211
32.682 27.594 114.119
32.644 27.587 114.027
32.606 27.581 113.934
32.568 27.575 113.842
32.529 27.568 113.750
32.491 27.562 113.658
32.453 27.556 113.565
32.415 27.549 113.473
32.377 27.543 113.381
32.339 27.536 113.289
32.301 27.530 113.197
32.262 27.524 113.104
32.224 27.517 113.012
32.186 27.511 112.920
32.148 27.505 112.828
32.110 27.498 112.735
32.072 27.492 112.643
32.033 27.486 112.551
31.995 27.480 112.459
31.957 27.473 112.367
31.919 27.467 112.274
31.881 27.461 112.182
31.843 27.454 112.090
31.805 27.448 111.998
31.766 27.442 111.905
31.728 27.435 111.813
31.690 27.429 111.721
31.652 27.423 111.629
31.614 27.417 111.537
31.576 27.410 111.444
31.537 27.404 111.352
31.499 27.398 111.260
31.461 27.391 111.168
31.423 27.385 111.076
31.385 27.379 110.983
31.347 27.372 110.891
31.309 27.366 110.799
31.270 27.360 110.707
31.232 27.353 110.614
31.194 27.347 110.522
31.156 27.341 110.430
31.118 27.334 110.338
31.080 27.328 110.245
31.042 27.322 110.153
31.004 27.315 110.061
30.965 27.309 109.969
30.927 27.303 109.877
30.889 27.296 109.784
30.851 27.290 109.692
30.813 27.284 109.600
30.775 27.277 109.508
30.737 27.271 109.415
30.698 27.265 109.323
30.660 27.258 109.231
30.622 27.252 109.139
30.584 27.246 109.047
30.546 27.239 108.954
30.508 27.233 108.862
30.470 27.227 108.770
30.432 27.220 108.678
30.393 27.214 108.585
30.355 27.208 108.493
30.317 27.201 108.401
30.279 27.195 108.309
30.241 27.189 108.217
30.203 27.182 108.124
30.164 27.176 108.032
30.126 27.169 107.940
30.088 27.163 107.848
30.050 27.157 107.756
30.012 27.150 107.663
29.974 27.144 107.571
29.936 27.138 107.479
29.897 27.131 107.387
29.859 27.125 107.294
29.821 27.118 107.202
29.783 27.112 107.110
29.745 27.106 107.018
29.707 27.099 106.926
29.668 27.093 106.833
29.630 27.087 106.741
29.592 27.081 106.649
29.554 27.074 106.557
29.516 27.068 106.464
29.478 27.062 106.372
29.440 27.056 106.280
29.402 27.049 106.188
29.363 27.043 106.095
29.325 27.037 106.003
29.287 27.031 105.911
29.249 27.025 105.819
29.211 27.019 105.727
29.173 27.012 105.634
29.135 27.006 105.542
29.097 27.000 105.450
29.059 26.994 105.358
29.021 26.988 105.265
28.982 26.981 105.173
28.944 26.975 105.081
28.906 26.969 104.989
28.868 26.963 104.896
28.830 26.957 104.804
28.792 26.950 104.712
28.754 26.944 104.620
28.716 26.938 104.527
28.678 26.932 104.435
28.639 26.926 104.343
28.601 26.920 104.251
28.563 26.913 104.158
28.525 26.907 104.066
28.487 26.901 103.974
28.449 26.895 103.882
28.411 26.889 103.789
28.372 26.883 103.697
28.334 26.876 103.605
28.296 26.870 103.513
28.258 26.864 103.420
28.220 26.858 103.328
28.182 26.852 103.236
28.144 26.846 103.144
28.105 26.839 103.052
28.067 26.833 102.959
28.029 26.827 102.867
27.991 26.821 102.775
27.953 26.815 102.683
27.915 26.808 102.590
27.877 26.802 102.498
27.838 26.796 102.406
27.800 26.790 102.314
27.762 26.784 102.221
27.724 26.778 102.129
27.686 26.771 102.037
27.648 26.765 101.945
27.610 26.759 101.853
27.571 26.753 101.760
27.533 26.747 101.668
27.495 26.740 101.576
27.457 26.734 101.484
27.419 26.728 101.391
27.381 26.722 101.299
27.343 26.716 101.207
27.305 26.710 101.115
27.266 26.703 101.022
27.228 26.697 100.930
27.190 26.691 100.838
27.152 26.685 100.746
27.114 26.679 100.653
27.076 26.673 100.561
27.038 26.666 100.469
27.000 26.660 100.377
26.962 26.654 100.284
26.923 26.648 100.192
26.885 26.642 100.100
26.847 26.636 100.008
26.809 26.629 99.915
26.771 26.623 99.823
26.733 26.617 99.731
26.695 26.611 99.639
26.657 26.605 99.546
26.619 26.598 99.454
26.581 26.592 99.362
26.543 26.586 99.270
26.505 26.580 99.177
26.466 26.574 99.085
26.428 26.568 98.993
26.390 26.561 98.901
26.352 26.555 98.808
26.314 26.549 98.716
26.276 26.543 98.624
26.238 26.537 98.532
26.199 26.531 98.440
26.161 26.525 98.347
26.122 26.519 98.255
26.084 26.513 98.163
26.045 26.506 98.071
26.007 26.500 97.979
25.969 26.494 97.887
25.930 26.488 97.795
25.892 26.482 97.703
25.853 26.476 97.611
25.814 26.470 97.519
25.776 26.464 97.426
25.737 26.458 97.334
25.699 26.452 97.242
25.660 26.446 97.150
25.622 26.440 97.058
25.583 26.434 96.966
25.545 26.427 96.874
25.506 26.421 96.782
25.468 26.415 96.690
25.429 26.409 96.598
25.391 26.403 96.506
25.352 26.397 96.414
25.314 26.391 96.321
25.275 26.385 96.229
25.237 26.379 96.137
25.198 26.373 96.045
25.160 26.367 95.953
25.121 26.361 95.861
25.083 26.355 95.769
25.044 26.349 95.677
25.006 26.343 95.585
24.967 26.336 95.493
24.929 26.330 95.401
24.890 26.324 95.308
24.852 26.318 95.216
24.813 26.312 95.124
24.775 26.306 95.032
24.736 26.300 94.940
24.698 26.294 94.848
24.659 26.288 94.756
24.621 26.282 94.664
24.582 26.276 94.572
24.544 26.270 94.480
24.505 26.264 94.388
24.467 26.258 94.295
24.428 26.252 94.203
24.390 26.245 94.111
24.351 26.239 94.019
24.313 26.233 93.927
24.274 26.227 93.835
24.236 26.221 93.743
24.197 26.215 93.651
24.159 26.209 93.559
24.120 26.203 93.467
24.082 26.197 93.375
24.043 26.191 93.282
24.005 26.185 93.190
23.966 26.179 93.098
23.928 26.173 93.006
23.889 26.167 92.914
23.851 26.161 92.822
23.812 26.154 92.730
23.774 26.148 92.638
23.735 26.142 92.546
23.697 26.136 92.454
23.658 26.129 92.362
23.620 26.123 92.270
23.581 26.117 92.177
23.543 26.110 92.085
23.504 26.104 91.993
23.466 26.098 91.901
23.427 26.091 91.809
23.389 26.085 91.717
23.350 26.079 91.625
23.312 26.072 91.533
23.273 26.066 91.441
23.235 26.060 91.349
23.196 26.053 91.257
23.158 26.047 91.165
23.119 26.041 91.073
23.081 26.034 90.980
23.043 26.028 90.888
23.004 26.022 90.796
22.966 26.015 90.704
22.927 26.009 90.612
22.889 26.002 90.520
22.850 25.996 90.428
22.812 25.990 90.336
22.773 25.983 90.244
22.735 25.977 90.152
22.696 25.971 90.060
22.658 25.964 89.968
22.619 25.958 89.876
22.581 25.952 89.784
22.542 25.945 89.691
22.504 25.939 89.599
22.465 25.933 89.507
22.427 25.926 89.415
22.388 25.920 89.323
22.350 25.914 89.231
22.311 25.907 89.139
22.273 25.901 89.047
22.234 25.895 88.955
22.196 25.888 88.863
22.157 25.882 88.771
22.119 25.876 88.679
22.080 25.869 88.587
22.042 25.863 88.495
22.003 25.857 88.402
21.965 25.850 88.310
21.926 25.844 88.218
21.888 25.838 88.126
21.849 25.831 88.034
21.811 25.825 87.942
21.772 25.819 87.850
21.734 25.812 87.758
21.695 25.806 87.666
21.657 25.800 87.574
21.618 25.793 87.482
21.579 25.787 87.390
21.541 25.781 87.298
21.502 25.775 87.206
21.464 25.768 87.113
21.425 25.762 87.021
21.387 25.756 86.929
21.348 25.749 86.837
21.310 25.743 86.745
21.271 25.737 86.653
21.233 25.730 86.561
21.194 25.724 86.469
21.156 25.718 86.377
21.117 25.711 86.285
21.079 25.705 86.193
21.040 25.699 86.101
21.002 25.692 86.009
20.963 25.686 85.917
20.925 25.680 85.824
20.886 25.673 85.732
20.848 25.667 85.640
20.809 25.661 85.548
20.771 25.654 85.456
20.732 25.648 85.364
20.694 25.642 85.272
20.656 25.635 85.180
20.617 25.629 85.088
20.579 25.623 84.996
20.540 25.616 84.904
20.502 25.610 84.812
20.463 25.604 84.720
20.425 25.597 84.627
20.386 25.591 84.535
20.348 25.585 84.443
20.309 25.578 84.351
20.271 25.572 84.259
20.232 25.566 84.167
20.194 25.559 84.075
20.155 25.553 83.983
20.117 25.546 83.891
20.078 25.540 83.799
20.040 25.534 83.707
20.001 25.527 83.615
19.963 25.521 83.523
19.924 25.515 83.430
19.886 25.508 83.338
19.847 25.502 83.246
19.809 25.496 83.154
19.770 25.489 83.062
19.732 25.483 82.970
19.693 25.477 82.878
19.655 25.470 82.786
19.616 25.464 82.694
19.578 25.458 82.602
19.540 25.452 82.510
19.501 25.446 82.418
19.463 25.440 82.325
19.424 25.435 82.233
19.386 25.429 82.141
19.348 25.423 82.049
19.309 25.417 81.957
19.271 25.412 81.864
19.233 25.406 81.772
19.194 25.400 81.680
19.156 25.395 81.588
19.117 25.389 81.496
19.079 25.383 81.404
19.041 25.378 81.311
19.002 25.372 81.219
18.964 25.366 81.127
18.926 25.361 81.035
18.887 25.355 80.943
18.849 25.349 80.851
18.811 25.344 80.758
18.772 25.338 80.666
18.734 25.332 80.574
18.695 25.327 80.482
18.657 25.321 80.390
18.619 25.315 80.298
18.580 25.310 80.205
18.542 25.304 80.113
18.504 25.298 80.021
18.465 25.293 79.929
18.427 25.287 79.837
18.388 25.281 79.745
18.350 25.276 79.652
18.312 25.270 79.560
18.273 25.264 79.468
18.235 25.259 79.376
18.197 25.253 79.284
18.158 25.247 79.192
18.120 25.242 79.099
18.081 25.236 79.007
18.043 25.230 78.915
18.005 25.225 78.823
17.966 25.219 78.731
17.928 25.213 78.639
17.889 25.208 78.546
17.851 25.202 78.454
17.813 25.196 78.362
17.774 25.191 78.270
17.736 25.185 78.178
17.697 25.179 78.086
17.659 25.173 77.993
17.621 25.168 77.901
17.582 25.162 77.809
17.544 25.156 77.717
17.505 25.151 77.625
17.467 25.145 77.533
17.429 25.139 77.440
17.390 25.134 77.348
17.352 25.128 77.256
17.314 25.122 77.164
17.275 25.117 77.072
17.237 25.111 76.980
17.198 25.105 76.887
17.160 25.100 76.795
17.122 25.094 76.703
17.083 25.088 76.611
17.045 25.083 76.519
17.007 25.077 76.427
16.968 25.071 76.334
16.930 25.066 76.242
16.892 25.060 76.150
16.854 25.054 76.058
16.815 25.049 75.966
16.777 25.043 75.873
16.739 25.037 75.781
16.701 25.032 75.689
16.662 25.026 75.597
16.624 25.020 75.504
16.586 25.015 75.412
16.547 25.009 75.320
16.509 25.003 75.228
16.471 24.998 75.136
16.433 24.992 75.043
16.394 24.986 74.951
16.356 24.981 74.859
16.318 24.975 74.767
16.280 24.969 74.675
16.241 24.963 74.582
16.203 24.958 74.490
16.165 24.952 74.398
16.127 24.946 74.306
16.088 24.941 74.214
16.050 24.935 74.121
16.011 24.929 74.029
15.973 24.923 73.937
15.935 24.918 73.845
15.896 24.912 73.753
15.858 24.906 73.661
15.819 24.900 73.569
15.781 24.895 73.476
15.742 24.889 73.384
15.704 24.883 73.292
15.665 24.877 73.200
15.627 24.871 73.108
15.588 24.866 73.016
15.550 24.860 72.924
15.511 24.854 72.832
15.473 24.848 72.739
15.434 24.842 72.647
15.396 24.837 72.555
15.357 24.831 72.463
15.319 24.825 72.371
15.281 24.819 72.279
15.242 24.813 72.187
15.204 24.808 72.095
15.165 24.802 72.003
15.127 24.796 71.910
15.088 24.790 71.818
15.050 24.785 71.726
15.011 24.779 71.634
14.973 24.773 71.542
14.934 24.767 71.450
14.896 24.761 71.358
14.857 24.756 71.266
14.819 24.750 71.173
14.780 24.744 71.081
14.742 24.738 70.989
14.703 24.732 70.897
14.665 24.727 70.805
14.626 24.721 70.713
14.588 24.715 70.621
14.549 24.709 70.529
14.511 24.704 70.437
14.472 24.698 70.344
14.434 24.692 70.252
14.396 24.686 70.160
14.357 24.680 70.068
14.319 24.675 69.976
14.280 24.669 69.884
14.242 24.663 69.792
14.203 24.657 69.700
14.165 24.651 69.607
14.126 24.646 69.515
14.088 24.640 69.423
14.049 24.634 69.331
14.011 24.628 69.239
13.972 24.623 69.147
13.934 24.617 69.055
13.895 24.611 68.963
13.857 24.605 68.870
13.819 24.599 68.778
13.780 24.594 68.686
13.742 24.588 68.594
13.703 24.582 68.502
13.665 24.576 68.410
13.626 24.570 68.318
13.588 24.564 68.226
13.549 24.558 68.134
13.511 24.552 68.042
13.472 24.546 67.949
13.434 24.540 67.857
13.395 24.534 67.765
13.357 24.528 67.673
13.318 24.522 67.581
13.280 24.516 67.489
13.241 24.510 67.397
13.203 24.504 67.305
13.164 24.498 67.213
13.126 24.492 67.121
13.087 24.486 67.028
13.049 24.480 66.936
13.010 24.473 66.844
12.972 24.467 66.752
12.933 24.461 66.660
12.895 24.455 66.568
12.856 24.449 66.476
12.818 24.443 66.384
12.779 24.437 66.292
12.741 24.431 66.200
12.702 24.425 66.108
12.664 24.419 66.015
12.625 24.413 65.923
12.587 24.407 65.831
12.548 24.401 65.739
12.510 24.395 65.647
12.471 24.389 65.555
12.433 24.383 65.463
12.394 24.377 65.371
12.356 24.371 65.279
12.317 24.364 65.187
12.279 24.358 65.094
12.241 24.352 65.002
12.202 24.346 64.910
12.164 24.340 64.818
12.125 24.334 64.726
12.087 24.328 64.634
12.048 24.322 64.542
12.010 24.316 64.450
11.971 24.310 64.358
11.933 24.304 64.266
11.894 24.298 64.173
11.856 24.292 64.081
11.817 24.286 63.989
11.779 24.280 63.897
11.740 24.274 63.805
11.702 24.268 63.713
11.663 24.262 63.621
11.625 24.256 63.529
11.586 24.250 63.437
11.548 24.244 63.345
11.509 24.238 63.253
11.470 24.232 63.160
11.432 24.226 63.068
11.393 24.220 62.976
11.355 24.214 62.884
11.316 24.208 62.792
11.278 24.202 62.700
11.239 24.196 62.608
11.201 24.190 62.516
11.162 24.184 62.424
11.124 24.178 62.332
11.085 24.172 62.240
11.047 24.166 62.148
11.008 24.160 62.055
10.970 24.154 61.963
10.931 24.148 61.871
10.893 24.142 61.779
10.854 24.136 61.687
10.816 24.130 61.595
10.777 24.124 61.503
10.739 24.118 61.411
10.700 24.112 61.319
10.662 24.106 61.227
10.623 24.100 61.135
10.585 24.094 61.042
10.546 24.088 60.950
10.508 24.082 60.858
10.469 24.076 60.766
10.431 24.070 60.674
10.392 24.064 60.582
10.353 24.058 60.490
10.315 24.052 60.398
10.276 24.046 60.306
10.238 24.040 60.214
10.199 24.034 60.122
10.161 24.028 60.030
10.122 24.022 59.937
10.084 24.016 59.845
10.045 24.010 59.753
10.007 24.003 59.661
9.968 23.997 59.569
9.930 23.991 59.477
9.891 23.985 59.385
9.853 23.979 59.293
9.814 23.973 59.201
9.776 23.967 59.109
9.737 23.961 59.017
9.699 23.955 58.924
9.660 23.949 58.832
9.622 23.943 58.740
9.583 23.937 58.648
9.545 23.931 58.556
9.506 23.925 58.464
9.468 23.919 58.372
9.429 23.913 58.280
9.391 23.908 58.188
9.352 23.902 58.096
9.314 23.896 58.004
9.275 23.891 57.912
9.236 23.886 57.819
9.198 23.880 57.727
9.159 23.875 57.635
9.120 23.870 57.543
9.082 23.865 57.451
9.043 23.859 57.359
9.004 23.854 57.267
8.966 23.849 57.175
8.927 23.844 57.083
8.888 23.838 56.991
8.850 23.833 56.899
8.811 23.828 56.807
8.772 23.823 56.715
8.734 23.818 56.622
8.695 23.812 56.530
8.656 23.807 56.438
8.618 23.802 56.346
8.579 23.797 56.254
8.540 23.791 56.162
8.501 23.786 56.070
8.463 23.781 55.978
8.424 23.776 55.886
8.385 23.770 55.794
8.347 23.765 55.702
8.308 23.760 55.610
8.269 23.755 55.518
8.231 23.749 55.426
8.192 23.744 55.334
8.153 23.739 55.241
8.115 23.734 55.149
8.076 23.729 55.057
8.037 23.723 54.965
7.999 23.718 54.873
7.960 23.713 54.781
7.921 23.708 54.689
7.883 23.702 54.597
7.844 23.697 54.505
7.805 23.692 54.413
7.766 23.687 54.321
7.728 23.682 54.229
7.689 23.676 54.137
7.650 23.671 54.045
7.612 23.666 53.953
7.573 23.661 53.861
7.534 23.655 53.768
7.496 23.650 53.676
7.457 23.645 53.584
7.418 23.640 53.492
7.380 23.634 53.400
7.341 23.629 53.308
7.302 23.624 53.216
7.264 23.619 53.124
7.225 23.614 53.032
7.186 23.608 52.940
7.147 23.603 52.848
7.109 23.598 52.756
7.070 23.593 52.664
7.031 23.587 52.572
6.993 23.582 52.480
6.954 23.577 52.388
6.916 23.572 52.295
6.877 23.566 52.203
6.838 23.561 52.111
6.800 23.556 52.019
6.761 23.551 51.927
6.723 23.545 51.835
6.685 23.540 51.743
6.646 23.534 51.650
6.608 23.529 51.558
6.569 23.524 51.466
6.531 23.518 51.374
6.493 23.513 51.282
6.454 23.508 51.189
6.416 23.502 51.097
6.378 23.497 51.005
6.339 23.492 50.913
6.301 23.486 50.821
6.262 23.481 50.729
6.224 23.475 50.636
6.186 23.470 50.544
6.147 23.465 50.452
6.109 23.459 50.360
6.070 23.454 50.268
6.032 23.449 50.175
5.994 23.443 50.083
5.955 23.438 49.991
5.917 23.432 49.899
5.879 23.427 49.807
5.840 23.422 49.715
5.802 23.416 49.622
5.763 23.411 49.530
5.725 23.406 49.438
5.686 23.400 49.346
5.648 23.395 49.254
5.609 23.389 49.162
5.571 23.384 49.069
5.533 23.379 48.977
5.494 23.373 48.885
5.456 23.368 48.793
5.417 23.362 48.701
5.379 23.357 48.609
5.340 23.352 48.517
5.302 23.346 48.424
5.263 23.341 48.332
5.225 23.335 48.240
5.186 23.330 48.148
5.148 23.325 48.056
5.110 23.319 47.964
5.071 23.314 47.872
5.033 23.309 47.779
4.994 23.303 47.687
4.956 23.298 47.595
4.917 23.292 47.503
4.879 23.287 47.411
4.840 23.282 47.319
4.802 23.276 47.226
4.763 23.271 47.134
4.725 23.265 47.042
4.686 23.260 46.950
4.648 23.255 46.858
4.610 23.249 46.766
4.571 23.244 46.674
4.533 23.239 46.581
4.494 23.233 46.489
4.456 23.228 46.397
4.417 23.222 46.305
4.379 23.217 46.213
4.340 23.212 46.121
4.302 23.206 46.028
4.264 23.201 45.936
4.225 23.195 45.844
4.187 23.190 45.752
4.148 23.185 45.660
4.110 23.179 45.568
4.071 23.174 45.476
4.033 23.169 45.383
3.994 23.163 45.291
3.956 23.158 45.199
3.918 23.152 45.107
3.879 23.147 45.015
3.841 23.142 44.923
3.802 23.136 44.830
3.764 23.131 44.738
3.725 23.125 44.646
3.687 23.120 44.554
3.649 23.115 44.462
3.610 23.109 44.370
3.572 23.104 44.277
3.533 23.098 44.185
3.495 23.093 44.093
3.456 23.088 44.001
3.418 23.082 43.909
3.379 23.077 43.817
3.341 23.071 43.725
3.302 23.066 43.632
3.264 23.060 43.540
3.225 23.055 43.448
3.187 23.049 43.356
3.148 23.044 43.264
3.110 23.039 43.172
3.072 23.033 43.080
3.033 23.028 42.988
2.995 23.022 42.895
2.956 23.017 42.803
2.918 23.011 42.711
2.879 23.006 42.619
2.841 23.000 42.527
2.802 22.995 42.435
2.764 22.989 42.343
2.725 22.984 42.250
2.687 22.978 42.158
2.648 22.973 42.066
2.610 22.967 41.974
2.571 22.962 41.882
2.533 22.956 41.790
2.494 22.951 41.698
2.456 22.945 41.605
2.417 22.940 41.513
2.379 22.935 41.421
2.340 22.929 41.329
2.302 22.924 41.237
2.263 22.918 41.145
2.225 22.913 41.053
2.186 22.907 40.961
2.148 22.902 40.868
2.109 22.896 40.776
2.071 22.891 40.684
2.033 22.885 40.592
1.994 22.880 40.500
1.956 22.875 40.408
1.917 22.869 40.316
1.879 22.864 40.223
1.840 22.858 40.131
1.802 22.853 40.039
1.763 22.847 39.947
1.725 22.842 39.855
1.686 22.836 39.763
1.648 22.831 39.671
1.609 22.825 39.578
1.571 22.820 39.486
1.532 22.815 39.394
1.494 22.809 39.302
1.455 22.804 39.210
1.417 22.798 39.118
1.378 22.793 39.026
1.340 22.788 38.934
1.301 22.782 38.841
1.263 22.777 38.749
1.224 22.771 38.657
1.186 22.766 38.565
1.147 22.761 38.473
1.109 22.755 38.381
1.070 22.750 38.289
1.032 22.744 38.197
0.993 22.739 38.104
0.955 22.734 38.012
0.916 22.728 37.920
0.877 22.723 37.828
0.839 22.717 37.736
0.800 22.712 37.644
0.762 22.706 37.552
0.723 22.701 37.460
0.685 22.695 37.367
0.646 22.690 37.275
0.608 22.685 37.183
0.569 22.679 37.091
0.531 22.674 36.999
0.492 22.668 36.907
0.454 22.663 36.815
0.415 22.657 36.723
0.377 22.652 36.630
0.338 22.646 36.538
0.300 22.641 36.446
0.261 22.635 36.354
0.223 22.630 36.262
0.184 22.625 36.170
0.146 22.619 36.078
0.107 22.614 35.986
0.069 22.608 35.893
0.030 22.603 35.801
-0.008 22.597 35.709
-0.047 22.592 35.617
-0.085 22.586 35.525
-0.124 22.581 35.433
-0.162 22.576 35.341
-0.201 22.570 35.248
-0.239 22.565 35.156
-0.278 22.559 35.064
-0.316 22.554 34.972
-0.355 22.548 34.880
-0.393 22.543 34.788
-0.432 22.537 34.696
-0.470 22.532 34.604
-0.508 22.527 34.511
-0.547 22.521 34.419
-0.585 22.516 34.327
-0.624 22.510 34.235
-0.662 22.505 34.143
-0.701 22.499 34.051
-0.739 22.494 33.959
-0.778 22.489 33.867
-0.816 22.484 33.775
-0.855 22.480 33.682
-0.893 22.476 33.590
-0.932 22.472 33.498
-0.970 22.469 33.405
-1.009 22.465 33.313
-1.047 22.462 33.221
-1.085 22.458 33.129
-1.124 22.455 33.036
-1.162 22.451 32.944
-1.201 22.448 32.852
-1.239 22.444 32.760
-1.278 22.440 32.667
-1.316 22.437 32.575
-1.354 22.433 32.483
-1.393 22.430 32.391
-1.431 22.426 32.298
-1.470 22.423 32.206
-1.508 22.419 32.114
-1.547 22.416 32.022
-1.585 22.412 31.929
-1.624 22.409 31.837
-1.662 22.405 31.745
-1.700 22.402 31.653
-1.739 22.398 31.560
-1.777 22.395 31.468
-1.816 22.391 31.376
-1.854 22.388 31.284
-1.893 22.384 31.191
-1.931 22.380 31.099
-1.969 22.377 31.007
-2.008 22.373 30.915
-2.046 22.370 30.822
-2.085 22.366 30.730
-2.123 22.363 30.638
-2.162 22.359 30.546
-2.200 22.356 30.453
-2.238 22.352 30.361
-2.277 22.349 30.269
-2.315 22.345 30.177
-2.354 22.342 30.084
-2.392 22.338 29.992
-2.431 22.335 29.900
-2.469 22.331 29.808
-2.508 22.327 29.715
-2.546 22.324 29.623
-2.584 22.320 29.531
-2.623 22.317 29.439
-2.661 22.313 29.346
-2.700 22.310 29.254
-2.738 22.306 29.162
-2.777 22.303 29.070
-2.815 22.299 28.977
-2.853 22.296 28.885
-2.892 22.292 28.793
-2.930 22.289 28.701
-2.969 22.285 28.608
-3.007 22.282 28.516
-3.046 22.278 28.424
-3.084 22.274 28.332
-3.122 22.271 28.239
-3.161 22.267 28.147
-3.199 22.264 28.055
-3.237 22.260 27.963
-3.276 22.257 27.870
-3.314 22.253 27.778
-3.352 22.250 27.685
-3.389 22.246 27.593
-3.427 22.243 27.500
-3.465 22.239 27.408
-3.503 22.236 27.315
-3.540 22.232 27.223
-3.578 22.229 27.130
-3.616 22.226 27.038
-3.654 22.222 26.945
-3.691 22.219 26.852
-3.729 22.215 26.760
-3.767 22.212 26.667
-3.805 22.208 26.575
-3.842 22.205 26.482
-3.880 22.201 26.390
-3.918 22.198 26.297
-3.956 22.194 26.205
-3.993 22.191 26.112
-4.031 22.187 26.020
-4.069 22.184 25.927
-4.107 22.180 25.835
-4.144 22.177 25.742
-4.182 22.173 25.650
-4.220 22.170 25.557
-4.258 22.166 25.464
-4.296 22.163 25.372
-4.333 22.159 25.279
-4.371 22.156 25.187
-4.409 22.153 25.094
-4.447 22.149 25.002
-4.485 22.146 24.909
-4.522 22.142 24.817
-4.560 22.139 24.724
-4.598 22.135 24.632
-4.636 22.132 24.539
-4.674 22.128 24.447
-4.711 22.125 24.354
-4.749 22.121 24.262
-4.787 22.118 24.169
-4.825 22.114 24.077
-4.863 22.111 23.984
-4.900 22.107 23.892
-4.938 22.104 23.799
-4.976 22.100 23.707
-5.014 22.097 23.614
-5.052 22.093 23.522
-5.090 22.090 23.429
-5.127 22.086 23.337
-5.165 22.083 23.244
-5.203 22.079 23.152
-5.241 22.076 23.059
-5.279 22.073 22.967
-5.316 22.069 22.874
-5.354 22.066 22.782
-5.392 22.062 22.689
-5.430 22.059 22.597
-5.468 22.055 22.504
-5.506 22.052 22.412
-5.543 22.048 22.319
-5.581 22.045 22.227
-5.619 22.041 22.134
-5.657 22.038 22.042
-5.694 22.034 21.949
-5.732 22.031 21.857
-5.770 22.027 21.764
-5.808 22.024 21.672
-5.846 22.020 21.579
-5.883 22.017 21.486
-5.921 22.013 21.394
-5.959 22.010 21.301
-5.997 22.006 21.209
-6.034 22.003 21.116
-6.072 21.999 21.024
-6.110 21.996 20.931
-6.148 21.992 20.839
-6.185 21.989 20.746
-6.223 21.985 20.654
-6.261 21.982 20.561
-6.299 21.978 20.469
-6.337 21.975 20.376
-6.374 21.971 20.284
-6.412 21.968 20.191
-6.450 21.964 20.099
-6.488 21.961 20.006
-6.525 21.957 19.914
-6.563 21.954 19.821
-6.601 21.950 19.729
-6.639 21.947 19.636
-6.677 21.943 19.544
-6.714 21.940 19.451
-6.752 21.936 19.359
-6.790 21.932 19.266
-6.828 21.929 19.174
-6.866 21.925 19.081
-6.904 21.921 18.989
-6.942 21.917 18.896
-6.980 21.914 18.804
-7.018 21.910 18.711
-7.056 21.906 18.619
-7.094 21.902 18.526
-7.132 21.898 18.434
-7.169 21.895 18.342
-7.207 21.891 18.249
-7.245 21.887 18.157
-7.283 21.883 18.064
-7.321 21.880 17.972
-7.359 21.876 17.879
-7.397 21.872 17.787
-7.435 21.868 17.694
-7.473 21.865 17.602
-7.511 21.861 17.510
-7.549 21.857 17.417
-7.587 21.853 17.325
-7.625 21.849 17.232
-7.663 21.846 17.140
-7.701 21.842 17.047
-7.739 21.838 16.955
-7.776 21.834 16.862
-7.814 21.831 16.770
-7.852 21.827 16.678
-7.890 21.823 16.585
-7.928 21.819 16.493
-7.966 21.816 16.400
-8.004 21.812 16.308
-8.042 21.808 16.215
-8.080 21.804 16.123
-8.118 21.800 16.030
-8.156 21.797 15.938
-8.194 21.793 15.845
-8.232 21.789 15.753
-8.270 21.785 15.661
-8.308 21.782 15.568
-8.346 21.778 15.476
-8.383 21.774 15.383
-8.421 21.770 15.291
-8.459 21.767 15.198
-8.497 21.763 15.106
-8.535 21.759 15.013
-8.573 21.755 14.921
-8.611 21.752 14.829
-8.649 21.748 14.736
-8.687 21.744 14.644
-8.725 21.740 14.551
-8.763 21.736 14.459
-8.801 21.733 14.366
-8.839 21.729 14.274
-8.877 21.725 14.181
-8.915 21.721 14.089
-8.952 21.718 13.997
-8.990 21.714 13.904
-9.028 21.710 13.812
-9.066 21.706 13.719
-9.104 21.702 13.627
-9.142 21.699 13.534
-9.180 21.695 13.442
-9.218 21.691 13.349
-9.256 21.687 13.257
-9.294 21.683 13.164
-9.331 21.679 13.072
-9.369 21.675 12.979
-9.407 21.671 12.887
-9.445 21.668 12.795
-9.483 21.664 12.702
-9.521 21.660 12.610
-9.558 21.656 12.517
-9.596 21.652 12.425
-9.634 21.648 12.332
-9.672 21.644 12.240
-9.710 21.640 12.147
-9.748 21.636 12.055
-9.785 21.632 11.962
-9.823 21.628 11.870
-9.861 21.625 11.777
-9.899 21.621 11.685
-9.937 21.617 11.592
-9.975 21.613 11.500
-10.012 21.609 11.407
-10.050 21.605 11.315
-10.088 21.601 11.222
-10.126 21.597 11.130
-10.164 21.593 11.037
-10.202 21.589 10.945
-10.239 21.585 10.852
-10.277 21.581 10.760
-10.315 21.577 10.667
-10.353 21.574 10.575
-10.391 21.570 10.483
-10.429 21.566 10.390
-10.467 21.562 10.298
-10.504 21.558 10.205
-10.542 21.554 10.113
-10.580 21.550 10.020
-10.618 21.546 9.928
-10.656 21.542 9.835
-10.694 21.538 9.743
-10.732 21.534 9.650
-10.769 21.530 9.558
-10.807 21.526 9.465
-10.845 21.523 9.373
-10.883 21.519 9.280
-10.921 21.515 9.188
-10.959 21.511 9.095
-10.997 21.507 9.003
-11.034 21.503 8.910
-11.072 21.499 8.818
-11.110 21.496 8.726
-11.148 21.492 8.633
-11.186 21.488 8.541
-11.224 21.484 8.448
-11.262 21.480 8.356
-11.300 21.476 8.263
-11.337 21.472 8.171
-11.375 21.469 8.078
-11.413 21.465 7.986
-11.451 21.461 7.893
-11.489 21.457 7.801
-11.527 21.453 7.708
-11.565 21.449 7.616
-11.603 21.445 7.523
-11.640 21.442 7.431
-11.678 21.438 7.338
-11.716 21.434 7.246
-11.754 21.430 7.154
-11.792 21.426 7.061
-11.830 21.422 6.969
-11.868 21.418 6.876
-11.905 21.415 6.784
-11.943 21.411 6.691
-11.981 21.407 6.599
-12.019 21.403 6.506
-12.057 21.399 6.414
-12.095 21.395 6.321
-12.133 21.392 6.229
-12.170 21.388 6.136
-12.208 21.384 6.044
-12.246 21.380 5.951
-12.284 21.376 5.859
-12.322 21.372 5.766
-12.360 21.368 5.674
-12.398 21.365 5.582
-12.436 21.361 5.489
-12.473 21.357 5.397
-12.511 21.353 5.304
-12.549 21.349 5.212
-12.587 21.345 5.119
-12.625 21.341 5.027
-12.663 21.337 4.934
-12.701 21.334 4.842
-12.739 21.330 4.749
-12.776 21.326 4.657
-12.814 21.322 4.564
-12.852 21.318 4.472
-12.890 21.314 4.379
-12.928 21.310 4.287
-12.966 21.306 4.195
-13.004 21.302 4.102
-13.042 21.299 4.010
-13.079 21.295 3.917
-13.117 21.291 3.825
-13.155 21.287 3.732
-13.193 21.283 3.640
-13.231 21.279 3.547
-13.269 21.276 3.455
-13.306 21.272 3.362
-13.344 21.268 3.270
-13.382 21.265 3.177
-13.419 21.261 3.084
-13.457 21.257 2.992
-13.495 21.254 2.899
-13.532 21.250 2.807
-13.570 21.247 2.714
-13.608 21.243 2.622
-13.645 21.239 2.529
-13.683 21.236 2.437
-13.721 21.232 2.344
-13.759 21.228 2.251
-13.796 21.225 2.159
-13.834 21.221 2.066
-13.872 21.218 1.974
-13.909 21.214 1.881
-13.947 21.210 1.789
-13.985 21.207 1.696
-14.022 21.203 1.604
-14.060 21.199 1.511
-14.098 21.196 1.418
-14.135 21.192 1.326
-14.173 21.189 1.233
-14.211 21.185 1.141
-14.248 21.181 1.048
-14.286 21.178 0.956
-14.324 21.174 0.863
-14.362 21.170 0.771
-14.399 21.167 0.678
-14.437 21.163 0.586
-14.475 21.160 0.493
-14.512 21.156 0.400
-14.550 21.152 0.308
-14.588 21.149 0.215
-14.626 21.145 0.123
-14.663 21.142 0.030
-14.701 21.138 -0.062
-14.739 21.135 -0.155
-14.777 21.131 -0.247
-14.814 21.127 -0.340
-14.852 21.124 -0.432
-14.890 21.120 -0.525
-14.928 21.117 -0.617
-14.965 21.113 -0.710
-15.003 21.109 -0.803
-15.041 21.106 -0.895
-15.078 21.102 -0.988
-15.116 21.099 -1.080
-15.154 21.095 -1.173
-15.192 21.091 -1.265
-15.229 21.088 -1.358
-15.267 21.084 -1.450
-15.305 21.081 -1.543
-15.343 21.077 -1.635
-15.380 21.073 -1.728
-15.418 21.070 -1.820
-15.456 21.066 -1.913
-15.494 21.063 -2.006
-15.531 21.059 -2.098
-15.569 21.055 -2.191
-15.607 21.052 -2.283
-15.645 21.048 -2.376
-15.682 21.045 -2.468
-15.720 21.041 -2.561
-15.758 21.038 -2.653
-15.795 21.034 -2.746
-15.833 21.030 -2.838
-15.871 21.027 -2.931
