9.100 7.617 -2.904
9.074 7.619 -2.807
9.047 7.621 -2.711
9.021 7.623 -2.614
8.995 7.624 -2.518
8.968 7.626 -2.421
8.942 7.628 -2.325
8.916 7.630 -2.228
8.889 7.632 -2.132
8.863 7.634 -2.036
8.836 7.636 -1.939
8.810 7.638 -1.843
8.784 7.640 -1.746
8.757 7.642 -1.650
8.731 7.644 -1.553
8.705 7.646 -1.457
8.678 7.648 -1.361
8.652 7.650 -1.264
8.625 7.652 -1.168
8.599 7.654 -1.071
8.573 7.656 -0.975
8.546 7.658 -0.878
8.520 7.660 -0.782
8.494 7.662 -0.685
8.467 7.664 -0.589
8.441 7.666 -0.493
8.414 7.668 -0.396
8.388 7.670 -0.300
8.362 7.672 -0.203
8.335 7.674 -0.107
8.309 7.676 -0.010
8.283 7.678 0.086
8.256 7.680 0.182
8.230 7.682 0.279
8.203 7.684 0.375
8.177 7.686 0.472
8.151 7.688 0.568
8.124 7.690 0.665
8.098 7.692 0.761
8.071 7.694 0.858
8.045 7.696 0.954
8.019 7.697 1.050
7.992 7.699 1.147
7.966 7.701 1.243
7.940 7.703 1.340
7.913 7.705 1.436
7.887 7.707 1.533
7.860 7.709 1.629
7.834 7.711 1.725
7.808 7.713 1.822
7.781 7.715 1.918
7.755 7.716 2.014
7.733 7.715 2.093
7.708 7.714 2.181
7.681 7.713 2.278
7.655 7.711 2.374
7.628 7.710 2.470
7.601 7.708 2.567
7.574 7.706 2.663
7.547 7.705 2.759
7.520 7.703 2.855
7.493 7.702 2.952
7.466 7.700 3.048
7.439 7.698 3.144
7.412 7.697 3.241
7.385 7.695 3.337
7.358 7.693 3.433
7.332 7.692 3.529
7.305 7.690 3.626
7.278 7.689 3.722
7.251 7.687 3.818
7.224 7.685 3.915
7.197 7.684 4.011
7.170 7.682 4.107
7.143 7.681 4.204
7.116 7.679 4.300
7.089 7.677 4.396
7.062 7.676 4.492
7.035 7.674 4.589
7.008 7.672 4.685
6.982 7.671 4.781
6.955 7.669 4.878
6.928 7.668 4.974
6.901 7.666 5.070
6.874 7.664 5.166
6.847 7.663 5.263
6.820 7.661 5.359
6.793 7.660 5.455
6.766 7.658 5.552
6.739 7.656 5.648
6.712 7.655 5.744
6.685 7.653 5.840
6.658 7.651 5.937
6.631 7.650 6.033
6.604 7.648 6.129
6.577 7.647 6.226
6.550 7.645 6.322
6.523 7.643 6.418
6.497 7.642 6.514
6.470 7.640 6.611
6.443 7.639 6.707
6.416 7.637 6.803
6.389 7.635 6.900
6.362 7.634 6.996
6.335 7.632 7.092
6.308 7.630 7.188
6.281 7.629 7.285
6.254 7.627 7.381
6.227 7.626 7.477
6.200 7.624 7.574
6.173 7.622 7.670
6.146 7.621 7.766
6.119 7.619 7.862
6.092 7.618 7.959
6.065 7.616 8.055
6.038 7.614 8.151
6.011 7.613 8.248
5.985 7.611 8.344
5.958 7.610 8.440
5.931 7.608 8.536
5.904 7.606 8.633
5.877 7.605 8.729
5.850 7.603 8.825
5.823 7.602 8.922
5.796 7.600 9.018
5.769 7.598 9.114
5.742 7.597 9.210
5.715 7.595 9.307
5.688 7.593 9.403
5.661 7.592 9.499
5.634 7.590 9.596
5.607 7.589 9.692
5.581 7.587 9.788
5.554 7.585 9.885
5.527 7.584 9.981
5.500 7.582 10.077
5.473 7.581 10.173
5.446 7.579 10.270
5.419 7.577 10.366
5.392 7.576 10.462
5.365 7.574 10.559
5.338 7.572 10.655
5.311 7.571 10.751
5.284 7.569 10.847
5.258 7.567 10.944
5.231 7.565 11.040
5.204 7.563 11.136
5.177 7.561 11.233
5.150 7.559 11.329
5.123 7.557 11.425
5.097 7.555 11.522
5.070 7.553 11.618
5.043 7.551 11.714
5.016 7.549 11.811
4.989 7.547 11.907
4.962 7.545 12.003
4.936 7.543 12.099
4.909 7.541 12.196
4.882 7.539 12.292
4.855 7.537 12.388
4.828 7.535 12.485
4.801 7.533 12.581
4.775 7.531 12.677
4.748 7.529 12.774
4.721 7.527 12.870
4.694 7.525 12.966
4.667 7.523 13.063
4.640 7.521 13.159
4.614 7.519 13.255
4.587 7.517 13.351
4.560 7.515 13.448
4.533 7.513 13.544
4.506 7.511 13.640
4.479 7.509 13.737
4.452 7.507 13.833
4.425 7.505 13.929
4.398 7.503 14.025
4.371 7.500 14.122
4.344 7.498 14.218
4.317 7.496 14.314
4.290 7.494 14.410
4.263 7.492 14.507
4.236 7.490 14.603
4.209 7.488 14.699
4.182 7.485 14.796
4.155 7.483 14.892
4.128 7.481 14.988
4.101 7.479 15.084
4.074 7.477 15.181
4.047 7.475 15.277
4.020 7.473 15.373
3.993 7.470 15.469
3.966 7.468 15.566
3.939 7.466 15.662
3.912 7.464 15.758
3.885 7.462 15.854
3.858 7.460 15.951
3.831 7.458 16.047
3.804 7.456 16.143
3.778 7.453 16.240
3.751 7.451 16.336
3.724 7.449 16.432
3.697 7.447 16.528
3.670 7.445 16.625
3.643 7.443 16.721
3.616 7.441 16.817
3.589 7.439 16.913
3.562 7.436 17.010
3.535 7.434 17.106
3.508 7.432 17.202
3.481 7.430 17.299
3.454 7.428 17.395
3.427 7.426 17.491
3.400 7.424 17.587
3.373 7.421 17.684
3.346 7.419 17.780
3.319 7.417 17.876
3.292 7.415 17.972
3.265 7.413 18.069
3.238 7.411 18.165
3.211 7.409 18.261
3.184 7.407 18.357
3.157 7.405 18.454
3.130 7.402 18.550
3.103 7.400 18.646
3.076 7.398 18.743
3.049 7.396 18.839
3.022 7.394 18.935
2.995 7.392 19.031
2.968 7.390 19.128
2.941 7.388 19.224
2.914 7.386 19.320
2.887 7.383 19.416
2.860 7.381 19.513
2.833 7.379 19.609
2.806 7.377 19.705
2.779 7.375 19.801
2.752 7.373 19.898
2.725 7.371 19.994
2.698 7.369 20.090
2.672 7.367 20.187
2.645 7.364 20.283
2.618 7.362 20.379
2.591 7.360 20.475
2.564 7.358 20.572
2.537 7.356 20.668
2.510 7.354 20.764
2.483 7.352 20.860
2.456 7.350 20.957
2.429 7.347 21.053
2.402 7.345 21.149
2.375 7.343 21.246
2.348 7.341 21.342
2.321 7.339 21.438
2.294 7.337 21.534
2.267 7.335 21.631
2.240 7.333 21.727
2.213 7.330 21.823
2.186 7.328 21.919
2.159 7.326 22.016
2.132 7.324 22.112
2.105 7.322 22.208
2.078 7.320 22.305
2.051 7.317 22.401
2.024 7.315 22.497
1.997 7.313 22.593
1.970 7.311 22.690
1.943 7.308 22.786
1.916 7.306 22.882
1.890 7.304 22.978
1.863 7.302 23.075
1.836 7.299 23.171
1.809 7.297 23.267
1.782 7.295 23.363
1.755 7.292 23.460
1.728 7.290 23.556
1.701 7.288 23.652
1.674 7.285 23.748
1.647 7.283 23.845
1.620 7.281 23.941
1.593 7.279 24.037
1.566 7.276 24.134
1.539 7.274 24.230
1.512 7.272 24.326
1.485 7.269 24.422
1.458 7.267 24.519
1.431 7.265 24.615
1.404 7.263 24.711
1.377 7.260 24.807
1.350 7.258 24.904
1.323 7.256 25.000
1.296 7.253 25.096
1.269 7.251 25.192
1.242 7.249 25.289
1.215 7.246 25.385
1.188 7.244 25.481
1.161 7.242 25.577
1.134 7.240 25.674
1.107 7.237 25.770
1.080 7.235 25.866
1.053 7.233 25.962
1.026 7.230 26.059
0.999 7.228 26.155
0.972 7.226 26.251
0.945 7.223 26.348
0.918 7.221 26.444
0.891 7.219 26.540
0.864 7.217 26.636
0.837 7.214 26.733
0.810 7.212 26.829
0.783 7.210 26.925
0.756 7.208 27.021
0.729 7.205 27.118
0.702 7.203 27.214
0.675 7.201 27.310
0.648 7.199 27.406
0.621 7.196 27.503
0.594 7.194 27.599
0.567 7.192 27.695
0.540 7.190 27.792
0.513 7.188 27.888
0.486 7.185 27.984
0.459 7.183 28.080
0.433 7.181 28.177
0.406 7.179 28.273
0.379 7.176 28.369
0.352 7.174 28.465
0.325 7.172 28.562
0.298 7.170 28.658
0.271 7.167 28.754
0.244 7.165 28.850
0.217 7.163 28.947
0.190 7.161 29.043
0.163 7.159 29.139
0.136 7.156 29.236
0.109 7.154 29.332
0.082 7.152 29.428
0.055 7.150 29.524
0.028 7.147 29.621
0.001 7.145 29.717
-0.026 7.143 29.813
-0.053 7.141 29.909
-0.080 7.139 30.006
-0.107 7.136 30.102
-0.134 7.134 30.198
-0.161 7.132 30.294
-0.188 7.130 30.391
-0.215 7.127 30.487
-0.242 7.125 30.583
-0.269 7.123 30.679
-0.296 7.121 30.776
-0.323 7.118 30.872
-0.350 7.116 30.968
-0.377 7.114 31.065
-0.404 7.112 31.161
-0.431 7.109 31.257
-0.458 7.107 31.353
-0.485 7.105 31.450
-0.512 7.103 31.546
-0.539 7.100 31.642
-0.566 7.098 31.738
-0.592 7.096 31.835
-0.619 7.094 31.931
-0.646 7.091 32.027
-0.673 7.089 32.124
-0.700 7.087 32.220
-0.727 7.085 32.316
-0.754 7.082 32.412
-0.781 7.080 32.509
-0.808 7.078 32.605
-0.835 7.075 32.701
-0.862 7.073 32.797
-0.889 7.071 32.894
-0.916 7.069 32.990
-0.943 7.066 33.086
-0.970 7.064 33.182
-0.997 7.062 33.279
-1.024 7.060 33.375
-1.051 7.057 33.471
-1.078 7.055 33.568
-1.105 7.053 33.664
-1.132 7.050 33.760
-1.159 7.048 33.856
-1.186 7.046 33.953
-1.213 7.044 34.049
-1.240 7.041 34.145
-1.267 7.039 34.241
-1.294 7.037 34.338
-1.321 7.034 34.434
-1.348 7.032 34.530
-1.375 7.030 34.626
-1.401 7.028 34.723
-1.428 7.025 34.819
-1.455 7.023 34.915
-1.482 7.021 35.012
-1.509 7.018 35.108
-1.536 7.016 35.204
-1.563 7.014 35.300
-1.590 7.012 35.397
-1.617 7.009 35.493
-1.644 7.007 35.589
-1.671 7.005 35.685
-1.698 7.003 35.782
-1.725 7.000 35.878
-1.752 6.998 35.974
-1.779 6.996 36.071
-1.806 6.994 36.167
-1.833 6.991 36.263
-1.859 6.989 36.359
-1.886 6.987 36.456
-1.913 6.985 36.552
-1.940 6.983 36.648
-1.967 6.980 36.745
-1.994 6.978 36.841
-2.021 6.976 36.937
-2.048 6.974 37.033
-2.075 6.971 37.130
-2.102 6.969 37.226
-2.129 6.967 37.322
-2.156 6.965 37.418
-2.182 6.962 37.515
-2.209 6.960 37.611
-2.236 6.958 37.707
-2.263 6.956 37.804
-2.290 6.954 37.900
-2.317 6.951 37.996
-2.344 6.949 38.092
-2.371 6.947 38.189
-2.398 6.945 38.285
-2.425 6.943 38.381
-2.452 6.941 38.477
-2.479 6.939 38.574
-2.506 6.937 38.670
-2.533 6.935 38.766
-2.560 6.932 38.863
-2.587 6.930 38.959
-2.614 6.928 39.055
-2.641 6.926 39.151
-2.668 6.924 39.248
-2.695 6.922 39.344
-2.722 6.920 39.440
-2.749 6.918 39.536
-2.776 6.916 39.633
-2.803 6.914 39.729
-2.830 6.912 39.825
-2.857 6.910 39.921
-2.884 6.908 40.018
-2.911 6.905 40.114
-2.938 6.903 40.210
-2.965 6.901 40.306
-2.992 6.899 40.403
-3.019 6.897 40.499
-3.046 6.895 40.595
-3.073 6.893 40.691
-3.100 6.891 40.788
-3.127 6.889 40.884
-3.154 6.887 40.980
-3.182 6.885 41.076
-3.209 6.883 41.173
-3.236 6.881 41.269
-3.263 6.878 41.365
-3.290 6.876 41.461
-3.317 6.874 41.558
-3.344 6.872 41.654
-3.371 6.870 41.750
-3.398 6.868 41.846
-3.425 6.866 41.943
-3.452 6.864 42.039
-3.479 6.862 42.135
-3.506 6.860 42.232
-3.533 6.858 42.328
-3.560 6.856 42.424
-3.587 6.854 42.520
-3.614 6.851 42.617
-3.641 6.849 42.713
-3.668 6.847 42.809
-3.695 6.845 42.905
-3.722 6.843 43.002
-3.749 6.841 43.098
-3.776 6.839 43.194
-3.803 6.837 43.290
-3.830 6.835 43.387
-3.857 6.833 43.483
-3.884 6.831 43.579
-3.911 6.828 43.675
-3.938 6.826 43.772
-3.965 6.824 43.868
-3.992 6.822 43.964
-4.019 6.820 44.060
-4.046 6.818 44.157
-4.073 6.816 44.253
-4.100 6.814 44.349
-4.127 6.812 44.445
-4.154 6.810 44.542
-4.181 6.808 44.638
-4.208 6.805 44.734
-4.235 6.803 44.830
-4.262 6.801 44.927
-4.289 6.799 45.023
-4.316 6.797 45.119
-4.343 6.795 45.215
-4.371 6.793 45.312
-4.398 6.791 45.408
-4.425 6.789 45.504
-4.452 6.787 45.600
-4.479 6.785 45.697
-4.506 6.782 45.793
-4.533 6.780 45.889
-4.560 6.778 45.985
-4.587 6.776 46.082
-4.614 6.774 46.178
-4.641 6.772 46.274
-4.668 6.770 46.371
-4.695 6.768 46.467
-4.722 6.766 46.563
-4.749 6.764 46.659
-4.775 6.762 46.756
-4.802 6.760 46.852
-4.829 6.758 46.948
-4.856 6.756 47.045
-4.883 6.754 47.141
-4.909 6.752 47.237
-4.936 6.751 47.334
-4.963 6.749 47.430
-4.990 6.747 47.526
-5.017 6.745 47.623
-5.043 6.743 47.719
-5.070 6.741 47.815
-5.097 6.739 47.912
-5.124 6.738 48.008
-5.150 6.736 48.104
-5.177 6.734 48.201
-5.204 6.732 48.297
-5.231 6.730 48.393
-5.258 6.728 48.490
-5.284 6.726 48.586
-5.311 6.724 48.682
-5.338 6.723 48.779
-5.365 6.721 48.875
-5.391 6.719 48.971
-5.418 6.717 49.067
-5.445 6.715 49.164
-5.472 6.713 49.260
-5.499 6.711 49.356
-5.526 6.710 49.453
-5.552 6.708 49.549
-5.579 6.706 49.645
-5.606 6.704 49.742
-5.633 6.702 49.838
-5.660 6.700 49.934
-5.687 6.698 50.031
-5.714 6.697 50.127
-5.741 6.695 50.223
-5.767 6.693 50.319
-5.794 6.691 50.416
-5.821 6.689 50.512
-5.848 6.687 50.608
-5.875 6.686 50.705
-5.902 6.684 50.801
-5.929 6.682 50.897
-5.956 6.680 50.994
-5.982 6.678 51.090
-6.009 6.676 51.186
-6.036 6.675 51.282
-6.063 6.673 51.379
-6.090 6.671 51.475
-6.117 6.669 51.571
-6.144 6.667 51.668
-6.171 6.665 51.764
-6.197 6.663 51.860
-6.224 6.662 51.957
-6.251 6.660 52.053
-6.278 6.658 52.149
-6.305 6.656 52.245
-6.332 6.654 52.342
-6.359 6.652 52.438
-6.386 6.651 52.534
-6.413 6.649 52.631
-6.439 6.647 52.727
-6.466 6.645 52.823
-6.493 6.643 52.920
-6.520 6.641 53.016
-6.547 6.639 53.112
-6.574 6.638 53.208
-6.601 6.636 53.305
-6.628 6.634 53.401
-6.655 6.632 53.497
-6.681 6.630 53.594
-6.708 6.628 53.690
-6.735 6.627 53.786
-6.762 6.625 53.883
-6.789 6.623 53.979
-6.816 6.621 54.075
-6.843 6.619 54.171
-6.870 6.617 54.268
-6.896 6.615 54.364
-6.923 6.614 54.460
-6.950 6.612 54.557
-6.977 6.610 54.653
-7.004 6.608 54.749
-7.031 6.606 54.846
-7.058 6.604 54.942
-7.085 6.603 55.038
-7.112 6.601 55.134
-7.138 6.599 55.231
-7.165 6.597 55.327
-7.192 6.595 55.423
-7.219 6.593 55.520
-7.246 6.592 55.616
-7.273 6.590 55.712
-7.300 6.588 55.809
-7.326 6.586 55.905
-7.353 6.584 56.001
-7.380 6.582 56.098
-7.407 6.580 56.194
-7.434 6.579 56.290
-7.460 6.577 56.387
-7.487 6.575 56.483
-7.514 6.573 56.579
-7.541 6.571 56.675
-7.568 6.569 56.772
-7.595 6.568 56.868
-7.621 6.566 56.964
-7.648 6.564 57.061
-7.675 6.562 57.157
-7.702 6.560 57.253
-7.729 6.558 57.350
-7.756 6.557 57.446
-7.782 6.555 57.542
-7.809 6.553 57.639
-7.836 6.551 57.735
-7.863 6.549 57.831
-7.889 6.547 57.926
-7.891 6.547 57.930
-7.891 6.547 57.933
-7.892 6.547 57.935
-7.893 6.547 57.937
-7.893 6.547 57.938
-7.893 6.548 57.939
-7.894 6.548 57.940
-7.894 6.548 57.941
-7.894 6.548 57.942
-7.894 6.548 57.942
-7.895 6.548 57.943
-7.895 6.548 57.943
-7.895 6.548 57.944
-7.895 6.548 57.944
-7.895 6.548 57.944
-7.896 6.548 57.945
-7.896 6.548 57.945
-7.896 6.548 57.945
-7.896 6.548 57.946
-7.897 6.549 57.946
-7.897 6.549 57.946
-7.897 6.549 57.946
-7.897 6.549 57.946
-7.898 6.549 57.946
-7.898 6.549 57.946
-7.898 6.550 57.946
-7.899 6.550 57.946
-7.899 6.550 57.946
-7.899 6.551 57.946
-7.900 6.551 57.946
-7.900 6.551 57.946
-7.901 6.552 57.946
-7.902 6.552 57.946
-7.902 6.553 57.946
-7.903 6.554 57.945
-7.904 6.554 57.945
-7.905 6.555 57.945
-7.906 6.556 57.945
-7.907 6.557 57.944
-7.909 6.558 57.944
-7.910 6.560 57.943
-7.912 6.561 57.943
-7.914 6.563 57.942
-7.916 6.565 57.942
-7.919 6.567 57.941
-7.921 6.569 57.940
-7.924 6.572 57.939
-7.928 6.574 57.938
-7.931 6.578 57.937
-7.936 6.581 57.936
-7.940 6.585 57.934
-7.945 6.589 57.932
-7.951 6.594 57.931
-7.957 6.599 57.929
-7.963 6.605 57.927
-7.971 6.611 57.924
-7.979 6.618 57.922
-7.988 6.626 57.919
-7.998 6.634 57.916
-8.009 6.644 57.912
-8.021 6.654 57.908
-8.035 6.665 57.904
-8.049 6.678 57.899
-8.065 6.692 57.894
-8.083 6.707 57.888
-8.103 6.723 57.882
-8.124 6.742 57.875
-8.148 6.762 57.868
-8.174 6.784 57.859
-8.203 6.809 57.850
-8.234 6.835 57.840
-8.269 6.865 57.829
-8.307 6.898 57.816
-8.350 6.933 57.803
-8.396 6.973 57.788
-8.447 7.016 57.772
-8.503 7.064 57.754
-8.564 7.116 57.734
-8.632 7.174 57.712
-8.706 7.237 57.689
-8.780 7.300 57.665
-8.854 7.363 57.641
-8.928 7.426 57.618
-9.002 7.489 57.594
-9.076 7.552 57.570
-9.150 7.615 57.547
-9.224 7.678 57.523
-9.298 7.740 57.499
-9.372 7.803 57.475
-9.446 7.866 57.452
-9.520 7.929 57.428
-9.594 7.992 57.404
-9.668 8.055 57.381
-9.742 8.118 57.357
-9.816 8.181 57.333
-9.890 8.244 57.310
-9.964 8.307 57.286
-10.038 8.370 57.262
-10.112 8.433 57.239
-10.186 8.496 57.215
-10.260 8.559 57.192
-10.334 8.622 57.168
-10.408 8.685 57.144
-10.482 8.748 57.121
-10.556 8.811 57.097
-10.630 8.874 57.073
-10.704 8.937 57.050
-10.778 9.000 57.026
-10.852 9.063 57.002
-10.926 9.125 56.979
-11.000 9.188 56.955
-11.074 9.251 56.931
-11.148 9.314 56.908
-11.222 9.377 56.884
-11.296 9.440 56.860
-11.370 9.503 56.837
-11.444 9.566 56.813
-11.518 9.629 56.789
-11.592 9.692 56.766
-11.666 9.755 56.742
-11.740 9.818 56.718
-11.814 9.881 56.695
-11.888 9.944 56.671
-11.962 10.007 56.647
-12.036 10.070 56.624
-12.110 10.133 56.600
-12.184 10.196 56.576
-12.258 10.258 56.552
-12.332 10.321 56.529
-12.407 10.384 56.505
-12.481 10.447 56.481
-12.555 10.510 56.458
-12.629 10.573 56.434
-12.703 10.635 56.410
-12.777 10.698 56.386
-12.851 10.761 56.363
-12.925 10.824 56.339
-12.999 10.887 56.315
-13.074 10.949 56.291
-13.148 11.012 56.268
-13.222 11.075 56.244
-13.296 11.138 56.220
-13.370 11.200 56.196
-13.444 11.263 56.173
-13.518 11.326 56.149
-13.593 11.389 56.125
-13.667 11.452 56.101
-13.741 11.514 56.078
-13.815 11.577 56.054
-13.889 11.640 56.030
-13.963 11.703 56.006
-14.037 11.765 55.983
-14.111 11.828 55.959
-14.186 11.891 55.935
-14.260 11.954 55.911
-14.334 12.016 55.888
-14.408 12.079 55.864
-14.482 12.142 55.840
-14.556 12.205 55.817
-14.631 12.267 55.793
-14.705 12.330 55.769
-14.779 12.393 55.745
-14.853 12.456 55.722
-14.927 12.518 55.698
-15.001 12.581 55.674
-15.076 12.644 55.651
-15.150 12.707 55.627
-15.224 12.769 55.603
-15.298 12.832 55.579
-15.372 12.895 55.556
-15.446 12.958 55.532
-15.520 13.020 55.508
-15.595 13.083 55.484
-15.669 13.146 55.461
-15.743 13.209 55.437
-15.817 13.271 55.413
-15.891 13.334 55.390
-15.965 13.397 55.366
-16.040 13.460 55.342
-16.114 13.522 55.318
-16.188 13.585 55.295
-16.262 13.648 55.271
-16.336 13.711 55.247
-16.410 13.773 55.224
-16.485 13.836 55.200
-16.559 13.899 55.176
-16.633 13.962 55.152
-16.707 14.024 55.129
-16.781 14.087 55.105
-16.855 14.150 55.081
-16.929 14.213 55.057
-17.004 14.275 55.034
-17.078 14.338 55.010
-17.152 14.401 54.986
-17.226 14.464 54.963
-17.300 14.526 54.939
-17.375 14.589 54.915
-17.449 14.652 54.891
-17.523 14.714 54.868
-17.597 14.777 54.844
-17.671 14.840 54.820
-17.745 14.903 54.796
-17.820 14.965 54.773
-17.894 15.028 54.749
-17.968 15.091 54.725
-18.042 15.153 54.702
-18.116 15.216 54.678
-18.190 15.279 54.654
-18.265 15.342 54.630
-18.339 15.404 54.607
-18.413 15.467 54.583
-18.487 15.530 54.559
-18.561 15.593 54.535
-18.636 15.655 54.512
-18.710 15.718 54.488
-18.784 15.781 54.464
-18.858 15.843 54.441
-18.932 15.906 54.417
-19.006 15.969 54.393
-19.081 16.032 54.369
-19.155 16.094 54.346
-19.229 16.157 54.322
-19.303 16.220 54.298
-19.377 16.282 54.274
-19.452 16.345 54.251
-19.526 16.408 54.227
-19.600 16.471 54.203
-19.674 16.533 54.179
-19.748 16.596 54.156
-19.822 16.659 54.132
-19.897 16.721 54.108
-19.971 16.784 54.085
-20.045 16.847 54.061
-20.119 16.910 54.037
-20.193 16.972 54.013
-20.268 17.035 53.990
-20.342 17.098 53.966
-20.416 17.160 53.942
-20.490 17.223 53.918
-20.564 17.286 53.895
-20.638 17.349 53.871
-20.713 17.411 53.847
-20.787 17.474 53.824
-20.861 17.537 53.800
-20.935 17.600 53.776
-21.009 17.662 53.752
-21.083 17.725 53.729
-21.157 17.788 53.705
-21.232 17.851 53.681
-21.306 17.914 53.658
-21.380 17.976 53.634
-21.454 18.039 53.610
-21.528 18.102 53.586
-21.602 18.165 53.563
-21.677 18.227 53.539
-21.751 18.290 53.515
-21.825 18.353 53.492
-21.899 18.416 53.468
-21.973 18.478 53.444
-22.047 18.541 53.420
-22.121 18.604 53.397
-22.196 18.667 53.373
-22.270 18.729 53.349
-22.344 18.792 53.326
-22.418 18.855 53.302
-22.492 18.918 53.278
-22.566 18.980 53.254
-22.641 19.043 53.231
-22.715 19.106 53.207
-22.789 19.169 53.183
-22.863 19.231 53.160
-22.937 19.294 53.136
-23.011 19.357 53.112
-23.085 19.420 53.089
-23.160 19.483 53.065
-23.234 19.545 53.041
-23.308 19.608 53.017
-23.382 19.671 52.994
-23.456 19.734 52.970
-23.530 19.796 52.946
-23.604 19.859 52.922
-23.679 19.922 52.899
-23.753 19.985 52.875
-23.827 20.047 52.851
-23.901 20.110 52.827
-23.975 20.173 52.804
-24.049 20.236 52.780
-24.123 20.299 52.756
-24.198 20.361 52.733
-24.272 20.424 52.709
-24.346 20.487 52.685
-24.420 20.550 52.661
-24.494 20.612 52.638
-24.568 20.675 52.614
-24.642 20.738 52.590
-24.716 20.801 52.566
-24.790 20.864 52.543
-24.864 20.927 52.519
-24.938 20.990 52.495
-25.012 21.053 52.472
-25.086 21.116 52.448
-25.160 21.179 52.425
-25.234 21.242 52.401
-25.308 21.306 52.378
-25.382 21.369 52.355
-25.455 21.432 52.331
-25.529 21.495 52.308
-25.603 21.559 52.284
-25.677 21.622 52.261
-25.751 21.685 52.237
-25.824 21.748 52.214
-25.898 21.812 52.190
-25.972 21.875 52.167
-26.046 21.938 52.144
-26.120 22.001 52.120
-26.194 22.065 52.097
-26.267 22.128 52.073
-26.341 22.191 52.050
-26.415 22.254 52.026
-26.489 22.318 52.003
-26.563 22.381 51.979
-26.636 22.444 51.956
-26.710 22.507 51.933
-26.784 22.571 51.909
-26.858 22.634 51.886
-26.932 22.697 51.862
-27.005 22.760 51.839
-27.079 22.824 51.815
-27.153 22.887 51.792
-27.227 22.950 51.769
-27.301 23.014 51.745
-27.375 23.077 51.722
-27.448 23.140 51.698
-27.522 23.203 51.675
-27.596 23.267 51.651
-27.670 23.330 51.628
-27.744 23.393 51.604
-27.817 23.456 51.581
-27.891 23.520 51.558
-27.965 23.583 51.534
-28.039 23.646 51.511
-28.113 23.709 51.487
-28.186 23.773 51.464
-28.260 23.836 51.440
-28.334 23.899 51.417
-28.408 23.962 51.393
-28.482 24.026 51.370
-28.555 24.089 51.346
-28.629 24.152 51.323
-28.703 24.215 51.299
-28.777 24.279 51.276
-28.851 24.342 51.252
-28.924 24.405 51.229
-28.998 24.468 51.205
-29.072 24.532 51.182
-29.146 24.595 51.158
-29.220 24.658 51.135
-29.294 24.721 51.111
-29.367 24.785 51.088
-29.441 24.848 51.064
-29.515 24.911 51.041
-29.589 24.974 51.018
-29.663 25.036 50.994
-29.738 25.099 50.971
-29.813 25.161 50.948
-29.888 25.223 50.925
-29.963 25.285 50.901
-30.038 25.347 50.878
-30.113 25.409 50.855
-30.187 25.471 50.832
-30.262 25.534 50.809
-30.337 25.596 50.785
-30.412 25.658 50.762
-30.487 25.720 50.739
-30.562 25.782 50.716
-30.637 25.844 50.693
-30.712 25.906 50.669
-30.787 25.968 50.646
-30.862 26.030 50.623
-30.936 26.092 50.600
-31.011 26.154 50.577
-31.086 26.216 50.553
-31.161 26.278 50.530
-31.236 26.340 50.507
-31.311 26.402 50.484
-31.386 26.465 50.461
-31.461 26.527 50.438
-31.536 26.589 50.414
-31.611 26.651 50.391
-31.685 26.713 50.368
-31.760 26.775 50.345
-31.835 26.837 50.322
-31.910 26.899 50.298
-31.985 26.961 50.275
-32.060 27.023 50.252
-32.135 27.085 50.229
-32.210 27.147 50.206
-32.285 27.209 50.183
-32.360 27.271 50.159
-32.435 27.333 50.136
-32.509 27.395 50.113
-32.584 27.457 50.090
-32.659 27.519 50.067
-32.734 27.582 50.043
-32.809 27.644 50.020
-32.884 27.706 49.997
-32.959 27.768 49.974
-33.034 27.830 49.951
-33.109 27.892 49.927
-33.184 27.954 49.904
-33.259 28.016 49.881
-33.334 28.078 49.858
-33.408 28.140 49.835
-33.483 28.202 49.811
-33.558 28.264 49.788
-33.633 28.326 49.765
-33.708 28.388 49.742
-33.783 28.450 49.719
-33.858 28.512 49.695
-33.933 28.574 49.672
-34.008 28.636 49.649
-34.083 28.698 49.626
-34.158 28.760 49.603
-34.233 28.822 49.579
-34.308 28.884 49.556
-34.382 28.946 49.533
-34.457 29.008 49.510
-34.532 29.070 49.487
-34.607 29.132 49.463
-34.682 29.194 49.440
-34.757 29.256 49.417
-34.832 29.318 49.394
-34.907 29.380 49.371
-34.982 29.442 49.347
-35.057 29.504 49.324
-35.132 29.566 49.301
-35.207 29.628 49.278
-35.282 29.690 49.255
-35.357 29.752 49.231
-35.432 29.814 49.208
-35.507 29.876 49.185
-35.582 29.938 49.162
-35.657 30.000 49.139
-35.732 30.062 49.115
-35.806 30.124 49.092
-35.881 30.186 49.069
-35.956 30.248 49.046
-36.031 30.310 49.023
-36.106 30.372 48.999
-36.181 30.434 48.976
-36.256 30.496 48.953
-36.331 30.558 48.930
-36.406 30.620 48.907
-36.481 30.682 48.883
-36.556 30.744 48.860
-36.631 30.806 48.837
-36.706 30.868 48.814
-36.781 30.930 48.791
-36.856 30.992 48.767
-36.931 31.054 48.744
-37.006 31.117 48.721
-37.080 31.179 48.698
-37.155 31.241 48.675
-37.230 31.303 48.651
-37.305 31.365 48.628
-37.380 31.427 48.605
-37.455 31.489 48.582
-37.530 31.551 48.559
-37.605 31.613 48.535
-37.680 31.675 48.512
-37.755 31.737 48.489
-37.830 31.799 48.466
-37.905 31.861 48.443
-37.980 31.923 48.419
-38.055 31.985 48.396
-38.130 32.047 48.373
-38.204 32.109 48.350
-38.279 32.171 48.327
-38.354 32.233 48.304
-38.429 32.295 48.280
-38.504 32.357 48.257
-38.579 32.419 48.234
-38.654 32.481 48.211
-38.729 32.543 48.188
-38.804 32.605 48.164
-38.879 32.667 48.141
-38.954 32.729 48.118
-39.029 32.791 48.095
-39.104 32.853 48.072
-39.179 32.915 48.049
-39.253 32.977 48.025
-39.328 33.039 48.002
-39.403 33.101 47.979
-39.478 33.163 47.956
-39.553 33.225 47.933
-39.628 33.287 47.909
-39.703 33.349 47.886
-39.778 33.411 47.863
-39.853 33.474 47.840
-39.928 33.536 47.817
-40.003 33.598 47.793
-40.078 33.660 47.770
-40.153 33.722 47.747
-40.228 33.784 47.724
-40.302 33.846 47.701
-40.377 33.908 47.677
-40.452 33.970 47.654
-40.527 34.032 47.631
-40.602 34.094 47.608
-40.677 34.156 47.585
-40.752 34.218 47.561
-40.827 34.280 47.538
-40.902 34.342 47.515
-40.976 34.404 47.492
-41.051 34.466 47.468
-41.126 34.528 47.445
-41.201 34.590 47.422
-41.276 34.653 47.398
-41.351 34.715 47.375
-41.426 34.777 47.352
-41.501 34.839 47.329
-41.575 34.901 47.305
-41.650 34.963 47.282
-41.725 35.025 47.259
-41.800 35.087 47.236
-41.875 35.149 47.212
-41.950 35.211 47.189
-42.025 35.273 47.166
-42.099 35.335 47.143
-42.174 35.398 47.119
-42.249 35.460 47.096
-42.324 35.522 47.073
-42.399 35.584 47.050
-42.474 35.646 47.027
-42.548 35.708 47.004
-42.623 35.771 46.980
-42.698 35.833 46.957
-42.773 35.895 46.934
-42.848 35.957 46.911
-42.923 36.019 46.888
-42.997 36.081 46.865
-43.072 36.144 46.842
-43.147 36.206 46.818
-43.222 36.268 46.795
-43.297 36.330 46.772
-43.371 36.392 46.749
-43.446 36.455 46.726
-43.521 36.517 46.703
-43.596 36.579 46.680
-43.671 36.641 46.656
-43.745 36.703 46.633
-43.820 36.765 46.610
-43.895 36.828 46.587
-43.970 36.890 46.564
-44.045 36.952 46.541
-44.120 37.014 46.518
-44.194 37.076 46.494
-44.269 37.139 46.471
-44.344 37.201 46.448
-44.419 37.263 46.425
-44.494 37.325 46.402
-44.568 37.387 46.379
-44.643 37.450 46.356
-44.718 37.512 46.332
-44.793 37.574 46.309
-44.868 37.636 46.286
-44.942 37.698 46.263
-45.017 37.760 46.240
-45.092 37.822 46.216
-45.167 37.885 46.193
-45.242 37.947 46.170
-45.317 38.009 46.146
-45.391 38.071 46.123
-45.466 38.133 46.100
-45.541 38.195 46.076
-45.616 38.257 46.053
-45.691 38.319 46.029
-45.766 38.381 46.006
-45.840 38.443 45.982
-45.915 38.505 45.959
-45.990 38.567 45.936
-46.065 38.629 45.912
-46.140 38.691 45.889
-46.215 38.753 45.865
-46.289 38.815 45.842
-46.364 38.878 45.818
-46.439 38.940 45.795
-46.514 39.002 45.772
-46.589 39.064 45.748
-46.664 39.126 45.725
-46.738 39.188 45.701
-46.813 39.250 45.678
-46.888 39.312 45.655
-46.963 39.374 45.631
-47.038 39.436 45.608
-47.113 39.498 45.585
-47.188 39.560 45.561
-47.263 39.622 45.538
-47.338 39.684 45.515
-47.413 39.746 45.492
-47.488 39.808 45.468
-47.563 39.870 45.445
-47.638 39.932 45.422
-47.713 39.993 45.399
-47.788 40.055 45.375
-47.863 40.117 45.352
-47.938 40.179 45.329
-48.013 40.241 45.306
-48.088 40.303 45.283
-48.163 40.365 45.259
-48.238 40.427 45.236
-48.312 40.489 45.213
-48.387 40.551 45.190
-48.462 40.613 45.166
-48.537 40.675 45.143
-48.612 40.737 45.120
-48.687 40.799 45.097
-48.762 40.861 45.073
-48.837 40.923 45.050
-48.912 40.985 45.027
-48.987 41.047 45.004
-49.062 41.109 44.981
-49.137 41.171 44.957
-49.212 41.233 44.934
-49.287 41.295 44.911
-49.362 41.357 44.888
-49.437 41.419 44.864
-49.512 41.481 44.841
-49.587 41.543 44.818
-49.662 41.605 44.795
-49.737 41.667 44.771
-49.812 41.728 44.748
-49.887 41.790 44.725
-49.962 41.852 44.702
-50.037 41.914 44.678
-50.112 41.976 44.655
-50.187 42.038 44.632
-50.262 42.100 44.609
-50.337 42.162 44.585
-50.412 42.224 44.562
-50.487 42.286 44.539
-50.562 42.348 44.516
-50.637 42.410 44.492
-50.712 42.472 44.469
-50.787 42.534 44.446
-50.862 42.596 44.423
-50.937 42.657 44.399
-51.012 42.719 44.376
-51.087 42.781 44.353
-51.162 42.843 44.330
-51.237 42.905 44.306
-51.312 42.967 44.283
-51.387 43.029 44.260
-51.462 43.091 44.236
-51.537 43.153 44.213
-51.612 43.215 44.190
-51.687 43.277 44.167
-51.762 43.339 44.143
-51.837 43.401 44.120
-51.912 43.462 44.097
-51.987 43.524 44.074
-52.062 43.586 44.050
-52.137 43.648 44.027
-52.212 43.710 44.004
-52.287 43.772 43.981
-52.362 43.834 43.957
-52.437 43.896 43.934
-52.512 43.958 43.911
-52.587 44.020 43.888
-52.662 44.082 43.865
-52.737 44.144 43.841
-52.812 44.205 43.818
-52.887 44.267 43.795
-52.962 44.329 43.772
-53.037 44.391 43.748
-53.112 44.453 43.725
-53.187 44.515 43.702
-53.262 44.577 43.679
-53.337 44.639 43.655
-53.412 44.701 43.632
-53.487 44.763 43.609
-53.562 44.825 43.586
-53.637 44.887 43.562
-53.712 44.949 43.539
-53.787 45.010 43.516
-53.862 45.072 43.493
-53.937 45.134 43.469
-54.012 45.196 43.446
-54.087 45.258 43.423
-54.162 45.320 43.400
-54.237 45.382 43.376
-54.312 45.444 43.353
-54.387 45.506 43.330
-54.462 45.568 43.307
-54.537 45.630 43.283
-54.612 45.692 43.260
-54.687 45.754 43.237
-54.762 45.816 43.214
-54.836 45.878 43.190
-54.911 45.939 43.167
-54.986 46.001 43.144
-55.061 46.063 43.121
-55.136 46.125 43.097
-55.211 46.187 43.074
-55.286 46.249 43.051
-55.361 46.311 43.028
-55.436 46.373 43.004
-55.511 46.435 42.981
-55.586 46.497 42.958
-55.661 46.559 42.935
-55.736 46.621 42.911
-55.811 46.683 42.888
-55.886 46.745 42.865
-55.961 46.807 42.842
-56.036 46.869 42.818
-56.111 46.931 42.795
-56.186 46.992 42.772
-56.261 47.054 42.749
-56.336 47.116 42.725
-56.411 47.178 42.702
-56.486 47.240 42.679
-56.561 47.302 42.656
-56.636 47.364 42.632
-56.711 47.426 42.609
-56.786 47.488 42.586
-56.861 47.550 42.563
-56.936 47.612 42.540
-57.011 47.674 42.516
-57.086 47.736 42.493
-57.161 47.798 42.470
-57.236 47.860 42.447
-57.311 47.922 42.423
-57.386 47.984 42.400
-57.461 48.045 42.377
-57.536 48.107 42.354
-57.611 48.169 42.330
-57.686 48.231 42.307
-57.761 48.293 42.284
-57.836 48.355 42.261
-57.910 48.418 42.237
-57.985 48.480 42.214
-58.060 48.542 42.191
-58.135 48.604 42.167
-58.209 48.667 42.144
-58.284 48.729 42.121
-58.358 48.791 42.097
-58.433 48.854 42.074
-58.508 48.916 42.051
-58.582 48.978 42.028
-58.657 49.041 42.004
-58.732 49.103 41.981
-58.806 49.166 41.958
-58.881 49.228 41.934
-58.955 49.290 41.911
-59.030 49.353 41.888
-59.105 49.415 41.864
-59.179 49.477 41.841
-59.254 49.540 41.818
-59.329 49.602 41.794
-59.403 49.664 41.771
-59.478 49.727 41.748
-59.552 49.789 41.725
-59.627 49.852 41.701
-59.702 49.914 41.678
-59.776 49.976 41.655
-59.851 50.039 41.632
-59.925 50.101 41.608
-60.000 50.163 41.585
-60.075 50.226 41.562
-60.149 50.288 41.539
-60.224 50.351 41.515
-60.299 50.413 41.492
-60.373 50.475 41.469
-60.448 50.538 41.446
-60.522 50.600 41.422
-60.597 50.662 41.399
-60.672 50.725 41.376
-60.746 50.787 41.353
-60.821 50.850 41.329
-60.895 50.912 41.306
-60.970 50.974 41.283
-61.045 51.037 41.260
-61.119 51.099 41.236
-61.194 51.162 41.213
-61.269 51.224 41.190
-61.343 51.286 41.167
-61.418 51.349 41.143
-61.492 51.411 41.120
-61.567 51.473 41.097
-61.642 51.536 41.074
-61.716 51.598 41.050
-61.791 51.661 41.027
-61.865 51.723 41.004
-61.940 51.785 40.980
-62.015 51.848 40.957
-62.089 51.910 40.934
-62.164 51.972 40.911
-62.238 52.035 40.887
-62.313 52.097 40.864
-62.388 52.159 40.841
-62.463 52.221 40.817
-62.538 52.283 40.793
-62.613 52.344 40.769
-62.688 52.406 40.745
-62.764 52.467 40.721
-62.839 52.528 40.697
-62.914 52.589 40.673
-62.990 52.650 40.649
-63.065 52.712 40.625
-63.140 52.773 40.601
-63.216 52.834 40.577
-63.291 52.895 40.553
-63.366 52.956 40.529
-63.442 53.017 40.505
-63.517 53.078 40.480
-63.593 53.140 40.456
-63.668 53.201 40.432
-63.743 53.262 40.408
-63.819 53.323 40.384
-63.894 53.384 40.360
-63.969 53.445 40.336
-64.045 53.507 40.312
-64.120 53.568 40.288
-64.195 53.629 40.264
-64.271 53.690 40.240
-64.346 53.751 40.216
-64.422 53.812 40.191
-64.497 53.873 40.167
-64.572 53.935 40.143
-64.648 53.996 40.119
-64.723 54.057 40.095
-64.799 54.118 40.071
-64.874 54.179 40.047
-64.949 54.240 40.023
-65.025 54.301 39.999
-65.100 54.363 39.975
-65.176 54.424 39.951
-65.251 54.485 39.927
-65.326 54.546 39.903
-65.402 54.607 39.879
-65.477 54.668 39.855
-65.553 54.729 39.831
-65.628 54.791 39.807
-65.703 54.852 39.783
-65.779 54.913 39.759
-65.854 54.974 39.735
-65.930 55.035 39.711
-66.005 55.096 39.687
-66.080 55.157 39.663
-66.156 55.218 39.639
-66.231 55.280 39.615
-66.307 55.341 39.591
-66.382 55.402 39.567
-66.457 55.463 39.542
-66.533 55.524 39.518
-66.608 55.585 39.494
-66.684 55.646 39.470
-66.759 55.707 39.446
-66.834 55.769 39.422
-66.910 55.830 39.398
-66.985 55.891 39.374
-67.061 55.952 39.350
-67.136 56.013 39.326
-67.211 56.074 39.302
-67.287 56.135 39.278
-67.362 56.196 39.254
-67.438 56.257 39.230
-67.513 56.318 39.206
-67.589 56.380 39.182
-67.664 56.441 39.158
-67.739 56.502 39.134
-67.815 56.563 39.110
-67.890 56.624 39.086
-67.966 56.685 39.062
-68.041 56.746 39.037
-68.117 56.807 39.013
-68.192 56.868 38.989
-68.267 56.929 38.965
-68.343 56.990 38.941
-68.418 57.051 38.917
-68.494 57.112 38.893
-68.569 57.173 38.869
-68.645 57.235 38.845
-68.720 57.296 38.821
-68.796 57.357 38.797
-68.871 57.418 38.773
-68.946 57.479 38.749
-69.022 57.540 38.725
-69.097 57.601 38.701
-69.173 57.662 38.677
-69.248 57.723 38.653
-69.324 57.784 38.629
-69.399 57.845 38.605
-69.474 57.906 38.580
-69.550 57.967 38.556
-69.625 58.029 38.532
-69.701 58.090 38.508
-69.776 58.151 38.484
-69.852 58.212 38.460
-69.927 58.273 38.436
-70.003 58.334 38.412
-70.078 58.395 38.388
-70.153 58.456 38.364
-70.229 58.517 38.340
-70.304 58.578 38.316
-70.380 58.639 38.292
-70.455 58.700 38.268
-70.531 58.762 38.244
-70.606 58.823 38.220
-70.681 58.884 38.196
-70.757 58.945 38.172
-70.832 59.006 38.148
-70.908 59.067 38.123
-70.983 59.128 38.099
-71.058 59.189 38.075
-71.134 59.250 38.051
-71.209 59.312 38.027
-71.285 59.373 38.003
-71.360 59.434 37.979
-71.435 59.495 37.955
-71.511 59.556 37.931
-71.586 59.617 37.907
-71.662 59.678 37.883
-71.737 59.740 37.859
-71.812 59.801 37.835
-71.888 59.862 37.811
-71.963 59.923 37.787
-72.039 59.984 37.763
-72.114 60.045 37.739
-72.189 60.106 37.715
-72.265 60.167 37.691
-72.340 60.229 37.667
-72.416 60.290 37.643
-72.491 60.351 37.619
-72.566 60.412 37.595
-72.642 60.473 37.570
-72.717 60.534 37.546
-72.793 60.595 37.522
-72.868 60.656 37.498
-72.943 60.718 37.474
-73.019 60.779 37.450
-73.094 60.840 37.426
-73.170 60.901 37.402
-73.245 60.962 37.378
-73.320 61.023 37.354
-73.396 61.084 37.330
-73.471 61.146 37.306
-73.546 61.207 37.282
-73.622 61.268 37.258
-73.697 61.329 37.234
-73.773 61.390 37.210
-73.848 61.451 37.186
-73.923 61.512 37.162
-73.999 61.574 37.137
-74.074 61.635 37.113
-74.150 61.696 37.089
-74.225 61.757 37.065
-74.300 61.818 37.041
-74.376 61.879 37.017
-74.451 61.940 36.993
-74.526 62.002 36.969
-74.602 62.063 36.945
-74.677 62.124 36.921
-74.753 62.185 36.897
-74.828 62.246 36.873
-74.903 62.307 36.849
-74.979 62.368 36.825
-75.054 62.430 36.801
-75.129 62.491 36.777
-75.204 62.552 36.753
-75.280 62.614 36.729
-75.355 62.675 36.705
-75.430 62.737 36.682
-75.505 62.799 36.658
-75.580 62.860 36.635
-75.655 62.922 36.611
-75.730 62.984 36.588
-75.805 63.046 36.564
-75.880 63.108 36.541
-75.955 63.170 36.517
-76.030 63.231 36.494
-76.105 63.293 36.471
-76.180 63.355 36.447
-76.255 63.417 36.424
-76.330 63.479 36.400
-76.405 63.541 36.377
-76.480 63.602 36.353
-76.555 63.664 36.330
-76.630 63.726 36.306
-76.705 63.788 36.283
-76.780 63.850 36.260
-76.855 63.912 36.236
-76.930 63.973 36.213
-77.005 64.035 36.189
-77.080 64.097 36.166
-77.155 64.159 36.142
-77.230 64.221 36.119
-77.306 64.282 36.095
-77.381 64.344 36.072
-77.456 64.406 36.049
-77.531 64.468 36.025
-77.606 64.530 36.002
-77.681 64.592 35.978
-77.756 64.653 35.955
-77.831 64.715 35.931
-77.906 64.777 35.908
-77.981 64.839 35.885
-78.056 64.901 35.861
-78.131 64.963 35.838
-78.206 65.024 35.814
-78.281 65.086 35.791
-78.356 65.148 35.767
-78.431 65.210 35.744
-78.506 65.272 35.720
-78.581 65.333 35.697
-78.656 65.395 35.673
-78.731 65.457 35.650
-78.806 65.519 35.626
-78.881 65.581 35.603
-78.956 65.642 35.579
-79.031 65.704 35.556
-79.106 65.766 35.532
-79.181 65.828 35.509
-79.256 65.890 35.485
-79.331 65.951 35.462
-79.406 66.013 35.438
-79.481 66.075 35.415
-79.556 66.137 35.391
-79.631 66.199 35.368
-79.706 66.260 35.344
-79.781 66.322 35.321
-79.856 66.384 35.297
-79.931 66.446 35.274
-80.007 66.507 35.251
-80.082 66.569 35.227
-80.157 66.631 35.204
-80.232 66.692 35.180
-80.307 66.754 35.157
-80.383 66.815 35.133
-80.458 66.877 35.110
-80.533 66.938 35.087
-80.608 67.000 35.063
-80.684 67.062 35.040
-80.759 67.123 35.016
-80.834 67.185 34.993
-80.909 67.246 34.969
-80.984 67.308 34.946
-81.060 67.369 34.923
-81.135 67.431 34.899
-81.210 67.493 34.876
-81.285 67.554 34.852
-81.361 67.616 34.829
-81.436 67.677 34.805
-81.511 67.739 34.782
-81.586 67.801 34.759
-81.662 67.862 34.735
-81.737 67.924 34.712
-81.812 67.985 34.688
-81.887 68.047 34.665
-81.962 68.108 34.641
-82.038 68.170 34.618
-82.113 68.231 34.595
-82.188 68.293 34.571
-82.263 68.355 34.548
-82.339 68.416 34.524
-82.414 68.478 34.501
-82.489 68.539 34.478
-82.564 68.601 34.454
-82.640 68.662 34.431
-82.715 68.724 34.407
-82.790 68.786 34.384
-82.865 68.847 34.360
-82.941 68.909 34.337
-83.016 68.970 34.314
-83.091 69.032 34.290
-83.166 69.093 34.267
-83.241 69.155 34.243
-83.317 69.217 34.220
-83.392 69.278 34.196
-83.467 69.340 34.173
-83.542 69.401 34.150
-83.618 69.463 34.126
-83.693 69.524 34.103
-83.768 69.586 34.079
-83.843 69.648 34.056
-83.919 69.709 34.032
-83.994 69.771 34.009
-84.069 69.832 33.986
-84.144 69.894 33.962
-84.220 69.955 33.939
-84.295 70.017 33.915
-84.370 70.078 33.892
-84.445 70.140 33.869
-84.521 70.202 33.845
-84.596 70.263 33.822
-84.671 70.325 33.798
-84.746 70.386 33.775
-84.822 70.448 33.751
-84.897 70.509 33.728
-84.972 70.571 33.705
-85.047 70.632 33.681
-85.123 70.694 33.658
-85.198 70.755 33.634
-85.273 70.817 33.611
-85.348 70.879 33.587
-85.424 70.940 33.564
-85.499 71.002 33.541
-85.574 71.063 33.517
-85.649 71.125 33.494
-85.725 71.186 33.470
-85.800 71.248 33.447
-85.875 71.309 33.423
-85.950 71.371 33.400
-86.026 71.432 33.377
-86.101 71.494 33.353
-86.176 71.556 33.330
-86.251 71.617 33.306
-86.327 71.679 33.283
-86.402 71.740 33.259
-86.477 71.802 33.236
-86.552 71.863 33.213
-86.627 71.925 33.189
-86.703 71.987 33.166
-86.778 72.048 33.142
-86.853 72.110 33.119
-86.928 72.171 33.095
-87.004 72.233 33.072
-87.079 72.295 33.048
-87.154 72.356 33.025
-87.229 72.418 33.001
-87.304 72.479 32.978
-87.380 72.541 32.954
-87.455 72.602 32.931
-87.530 72.664 32.908
-87.605 72.726 32.884
-87.680 72.787 32.861
-87.756 72.849 32.837
-87.831 72.910 32.814
-87.906 72.972 32.790
-87.981 73.034 32.767
-88.056 73.095 32.743
-88.132 73.157 32.720
-88.207 73.218 32.697
-88.282 73.280 32.673
-88.357 73.342 32.650
-88.432 73.403 32.626
-88.508 73.465 32.603
-88.583 73.527 32.579
-88.658 73.588 32.556
-88.733 73.650 32.533
-88.808 73.711 32.509
-88.884 73.773 32.486
-88.959 73.835 32.462
-89.034 73.896 32.439
-89.109 73.958 32.415
-89.184 74.019 32.392
-89.259 74.081 32.369
-89.335 74.143 32.345
-89.410 74.204 32.322
-89.485 74.266 32.298
-89.560 74.328 32.275
-89.635 74.389 32.251
-89.711 74.451 32.228
-89.786 74.512 32.205
-89.861 74.574 32.181
-89.936 74.636 32.158
-90.011 74.697 32.134
-90.087 74.759 32.111
-90.162 74.821 32.087
-90.237 74.882 32.064
-90.312 74.944 32.041
-90.387 75.006 32.017
-90.462 75.067 31.994
-90.538 75.129 31.970
-90.613 75.190 31.947
-90.688 75.252 31.923
-90.763 75.314 31.900
-90.838 75.375 31.876
-90.913 75.437 31.853
-90.988 75.499 31.829
-91.064 75.560 31.805
-91.139 75.622 31.782
-91.214 75.684 31.758
-91.289 75.745 31.734
-91.364 75.807 31.711
-91.439 75.869 31.687
-91.514 75.931 31.663
-91.589 75.992 31.639
-91.664 76.054 31.616
-91.739 76.116 31.592
-91.814 76.177 31.568
-91.889 76.239 31.544
-91.964 76.301 31.520
-92.039 76.362 31.497
-92.114 76.424 31.473
-92.189 76.486 31.449
-92.264 76.548 31.426
-92.339 76.609 31.402
-92.414 76.671 31.378
-92.489 76.733 31.354
-92.564 76.794 31.331
-92.639 76.856 31.307
-92.714 76.918 31.284
-92.789 76.980 31.260
-92.864 77.041 31.236
-92.939 77.103 31.213
-93.014 77.165 31.189
-93.089 77.227 31.166
-93.164 77.288 31.142
-93.240 77.350 31.119
-93.315 77.412 31.095
-93.390 77.474 31.072
-93.465 77.535 31.048
-93.540 77.597 31.025
-93.615 77.659 31.001
-93.690 77.721 30.978
-93.765 77.782 30.954
-93.840 77.844 30.931
-93.915 77.906 30.907
-93.990 77.968 30.884
-94.065 78.029 30.860
-94.140 78.091 30.837
-94.215 78.153 30.813
-94.290 78.215 30.790
-94.366 78.276 30.766
-94.441 78.338 30.743
-94.516 78.400 30.719
-94.591 78.461 30.696
-94.666 78.523 30.672
-94.741 78.585 30.649
-94.816 78.647 30.625
-94.891 78.708 30.602
-94.966 78.770 30.578
-95.041 78.832 30.555
-95.116 78.894 30.531
-95.191 78.955 30.508
-95.266 79.017 30.484
-95.341 79.079 30.461
-95.417 79.141 30.437
-95.492 79.202 30.414
-95.567 79.264 30.390
-95.642 79.326 30.367
-95.717 79.387 30.343
-95.792 79.449 30.319
-95.867 79.511 30.296
-95.942 79.572 30.272
-96.017 79.634 30.249
-96.092 79.696 30.225
-96.168 79.757 30.202
-96.243 79.819 30.178
-96.318 79.881 30.154
-96.393 79.942 30.131
-96.468 80.004 30.107
-96.543 80.066 30.084
-96.618 80.127 30.060
-96.693 80.189 30.036
-96.768 80.251 30.013
-96.843 80.312 29.989
-96.919 80.374 29.966
-96.994 80.436 29.942
-97.069 80.497 29.919
-97.144 80.559 29.895
-97.219 80.621 29.872
-97.294 80.682 29.848
-97.369 80.744 29.824
-97.444 80.806 29.801
-97.520 80.867 29.777
-97.595 80.929 29.754
-97.670 80.990 29.730
-97.745 81.052 29.707
-97.820 81.114 29.683
-97.895 81.175 29.660
-97.971 81.237 29.636
-98.046 81.299 29.613
-98.121 81.360 29.589
-98.196 81.422 29.566
-98.271 81.483 29.542
-98.347 81.545 29.519
-98.422 81.607 29.495
-98.497 81.668 29.472
-98.572 81.730 29.448
-98.647 81.791 29.425
-98.722 81.853 29.401
-98.798 81.915 29.378
-98.873 81.976 29.354
-98.948 82.038 29.331
-99.023 82.100 29.307
-99.098 82.161 29.284
-99.173 82.223 29.260
-99.249 82.284 29.237
-99.324 82.346 29.213
-99.399 82.408 29.190
-99.474 82.469 29.166
-99.549 82.531 29.143
-99.624 82.592 29.119
-99.700 82.654 29.096
-99.775 82.716 29.072
-99.850 82.777 29.049
-99.925 82.839 29.025
-100.000 82.901 29.002
-100.075 82.962 28.978
-100.151 83.024 28.955
-100.226 83.085 28.931
-100.301 83.147 28.908
-100.376 83.209 28.884
-100.451 83.270 28.861
-100.526 83.332 28.837
-100.602 83.393 28.814
-100.677 83.455 28.790
-100.752 83.517 28.766
-100.827 83.578 28.743
-100.902 83.640 28.719
-100.978 83.701 28.696
-101.053 83.763 28.672
-101.128 83.825 28.649
-101.203 83.886 28.625
-101.278 83.948 28.602
-101.353 84.010 28.578
-101.429 84.071 28.555
-101.504 84.133 28.531
-101.579 84.194 28.508
-101.654 84.256 28.484
-101.729 84.318 28.461
-101.804 84.379 28.437
-101.880 84.441 28.414
-101.955 84.502 28.390
-102.030 84.564 28.367
-102.105 84.626 28.343
-102.180 84.687 28.320
-102.256 84.749 28.296
-102.331 84.810 28.273
-102.406 84.872 28.249
-102.481 84.934 28.226
-102.556 84.995 28.202
-102.631 85.057 28.179
-102.707 85.118 28.155
-102.782 85.180 28.132
-102.857 85.242 28.108
-102.932 85.303 28.085
-103.007 85.365 28.061
-103.082 85.426 28.038
-103.158 85.488 28.014
-103.233 85.550 27.991
-103.308 85.611 27.967
-103.383 85.673 27.943
-103.458 85.734 27.920
-103.533 85.796 27.896
-103.609 85.858 27.873
-103.684 85.919 27.849
-103.759 85.981 27.826
-103.834 86.043 27.802
-103.909 86.105 27.779
-103.984 86.166 27.755
-104.059 86.228 27.732
-104.134 86.290 27.708
-104.209 86.351 27.685
-104.284 86.413 27.661
-104.359 86.475 27.638
-104.434 86.537 27.614
-104.510 86.598 27.591
-104.585 86.660 27.567
-104.660 86.722 27.544
-104.735 86.784 27.520
-104.810 86.845 27.497
-104.885 86.907 27.473
-104.960 86.969 27.450
-105.035 87.031 27.426
-105.110 87.092 27.403
-105.185 87.154 27.379
-105.260 87.216 27.356
-105.335 87.278 27.332
-105.410 87.339 27.309
-105.485 87.401 27.285
-105.560 87.463 27.262
-105.636 87.525 27.238
-105.711 87.586 27.215
-105.786 87.648 27.191
-105.861 87.710 27.168
-105.936 87.772 27.144
-106.011 87.833 27.121
-106.086 87.895 27.097
-106.161 87.957 27.074
-106.236 88.019 27.050
-106.311 88.080 27.027
-106.386 88.142 27.003
-106.461 88.204 26.980
-106.536 88.266 26.956
-106.611 88.327 26.933
-106.686 88.389 26.909
-106.761 88.451 26.886
-106.837 88.513 26.862
-106.912 88.574 26.839
-106.987 88.636 26.815
-107.062 88.698 26.792
-107.137 88.760 26.768
-107.212 88.822 26.745
-107.287 88.883 26.721
-107.362 88.945 26.698
-107.437 89.007 26.675
-107.512 89.069 26.651
-107.587 89.130 26.628
-107.662 89.192 26.604
-107.737 89.254 26.581
-107.812 89.316 26.557
-107.887 89.377 26.534
-107.962 89.439 26.510
-108.037 89.501 26.487
-108.112 89.563 26.463
-108.187 89.624 26.439
-108.262 89.686 26.415
-108.336 89.749 26.390
-108.410 89.811 26.365
-108.484 89.874 26.340
-108.558 89.936 26.314
-108.631 89.999 26.288
-108.705 90.061 26.263
-108.779 90.124 26.237
-108.852 90.186 26.211
-108.926 90.249 26.186
-109.000 90.311 26.160
-109.074 90.374 26.134
-109.147 90.436 26.109
-109.221 90.499 26.083
-109.295 90.561 26.058
-109.368 90.624 26.032
-109.442 90.687 26.006
-109.516 90.749 25.981
-109.590 90.812 25.955
-109.663 90.874 25.929
-109.737 90.937 25.904
-109.811 90.999 25.878
-109.884 91.062 25.852
-109.958 91.124 25.827
-110.032 91.187 25.801
-110.106 91.249 25.776
-110.179 91.312 25.750
-110.253 91.374 25.725
-110.327 91.437 25.699
-110.400 91.499 25.673
-110.474 91.562 25.648
-110.548 91.624 25.622
-110.622 91.687 25.597
-110.695 91.750 25.571
-110.769 91.812 25.546
-110.843 91.875 25.520
-110.917 91.937 25.495
-110.990 92.000 25.469
-111.064 92.062 25.444
-111.138 92.125 25.418
-111.212 92.187 25.393
-111.285 92.250 25.367
-111.359 92.312 25.341
-111.433 92.375 25.316
-111.507 92.437 25.290
-111.580 92.500 25.265
-111.654 92.562 25.239
-111.728 92.625 25.214
-111.801 92.688 25.188
-111.875 92.750 25.163
-111.949 92.813 25.137
-112.023 92.875 25.112
-112.096 92.938 25.086
-112.170 93.000 25.060
-112.244 93.063 25.035
-112.318 93.125 25.009
-112.391 93.188 24.984
-112.465 93.250 24.958
-112.539 93.313 24.933
-112.613 93.375 24.907
-112.686 93.438 24.882
-112.760 93.500 24.856
-112.834 93.563 24.830
-112.908 93.625 24.805
-112.981 93.688 24.779
-113.055 93.750 24.753
-113.129 93.812 24.728
-113.203 93.874 24.702
-113.277 93.937 24.676
-113.351 93.999 24.651
-113.425 94.061 24.625
-113.499 94.124 24.599
-113.573 94.186 24.573
-113.646 94.248 24.548
-113.720 94.310 24.522
-113.794 94.373 24.496
-113.868 94.435 24.470
-113.942 94.497 24.445
-114.016 94.559 24.419
-114.090 94.622 24.393
-114.164 94.684 24.367
-114.238 94.746 24.342
-114.312 94.808 24.316
-114.386 94.871 24.290
-114.459 94.933 24.264
-114.533 94.995 24.239
-114.607 95.057 24.213
-114.681 95.120 24.187
-114.755 95.182 24.161
-114.829 95.244 24.136
-114.903 95.306 24.110
-114.977 95.368 24.084
-115.051 95.431 24.059
-115.125 95.493 24.033
-115.199 95.555 24.007
-115.273 95.617 23.981
-115.347 95.680 23.956
-115.420 95.742 23.930
-115.494 95.804 23.904
-115.568 95.866 23.879
-115.642 95.929 23.853
-115.716 95.991 23.827
-115.790 96.053 23.801
-115.864 96.115 23.776
-115.938 96.177 23.750
-116.012 96.240 23.724
-116.086 96.302 23.699
-116.160 96.364 23.673
-116.234 96.426 23.647
-116.308 96.489 23.621
-116.382 96.551 23.596
-116.455 96.613 23.570
-116.529 96.675 23.544
-116.603 96.738 23.519
-116.677 96.800 23.493
-116.751 96.862 23.467
-116.825 96.924 23.441
-116.899 96.987 23.416
-116.973 97.049 23.390
-117.047 97.111 23.364
-117.121 97.173 23.339
-117.195 97.236 23.313
-117.269 97.298 23.287
-117.343 97.360 23.261
-117.416 97.422 23.236
-117.490 97.484 23.210
-117.564 97.547 23.184
-117.638 97.609 23.159
-117.712 97.671 23.133
-117.786 97.733 23.107
-117.860 97.796 23.081
-117.934 97.858 23.056
-118.008 97.920 23.030
-118.082 97.982 23.004
-118.156 98.044 22.978
-118.230 98.107 22.953
-118.304 98.169 22.927
-118.378 98.231 22.901
-118.452 98.293 22.876
-118.525 98.356 22.850
-118.599 98.418 22.824
-118.673 98.480 22.798
-118.747 98.542 22.773
-118.821 98.604 22.747
-118.895 98.667 22.721
-118.969 98.729 22.695
-119.043 98.791 22.670
-119.117 98.853 22.644
-119.191 98.916 22.618
-119.265 98.978 22.592
-119.339 99.040 22.567
-119.413 99.102 22.541
-119.487 99.164 22.515
-119.561 99.227 22.490
-119.634 99.289 22.464
-119.708 99.351 22.438
-119.782 99.413 22.412
-119.856 99.475 22.387
-119.930 99.538 22.361
-120.004 99.600 22.335
-120.078 99.662 22.309
-120.152 99.724 22.284
-120.226 99.787 22.258
-120.300 99.849 22.232
-120.374 99.911 22.206
-120.448 99.973 22.181
-120.522 100.035 22.155
-120.596 100.098 22.129
-120.670 100.160 22.103
-120.743 100.222 22.078
-120.817 100.284 22.052
-120.891 100.347 22.026
-120.965 100.409 22.000
-121.039 100.471 21.975
-121.113 100.533 21.949
-121.187 100.596 21.923
-121.261 100.658 21.897
-121.335 100.720 21.872
-121.408 100.783 21.846
-121.482 100.845 21.820
-121.556 100.907 21.794
-121.630 100.969 21.769
-121.704 101.032 21.743
-121.778 101.094 21.717
-121.852 101.156 21.691
-121.925 101.219 21.665
-121.999 101.281 21.640
-122.073 101.343 21.614
-122.147 101.406 21.588
-122.221 101.468 21.562
-122.295 101.530 21.537
-122.369 101.592 21.511
-122.442 101.655 21.485
-122.516 101.717 21.459
-122.590 101.779 21.434
-122.664 101.842 21.408
-122.738 101.904 21.382
-122.812 101.966 21.356
-122.885 102.029 21.331
-122.959 102.091 21.305
-123.033 102.153 21.279
-123.107 102.216 21.253
-123.181 102.278 21.228
-123.255 102.340 21.202
-123.329 102.403 21.176
-123.402 102.465 21.151
-123.476 102.527 21.125
-123.550 102.590 21.099
-123.624 102.652 21.073
-123.698 102.714 21.048
-123.772 102.777 21.022
-123.845 102.839 20.996
-123.919 102.901 20.970
-123.993 102.964 20.945
-124.067 103.026 20.919
-124.141 103.088 20.893
-124.215 103.151 20.867
-124.288 103.213 20.842
-124.362 103.275 20.816
-124.436 103.338 20.790
-124.510 103.400 20.764
-124.584 103.462 20.739
-124.658 103.525 20.713
-124.731 103.587 20.687
-124.805 103.649 20.661
-124.879 103.711 20.636
-124.953 103.774 20.610
-125.027 103.836 20.584
-125.101 103.898 20.558
-125.174 103.961 20.533
-125.248 104.023 20.507
-125.322 104.086 20.481
-125.396 104.148 20.455
-125.470 104.210 20.429
-125.543 104.273 20.403
-125.617 104.335 20.377
-125.690 104.398 20.351
-125.764 104.460 20.325
-125.838 104.523 20.299
-125.911 104.585 20.273
-125.985 104.648 20.247
-126.058 104.710 20.221
-126.132 104.773 20.195
-126.205 104.835 20.168
-126.279 104.898 20.142
-126.352 104.960 20.116
-126.426 105.023 20.090
-126.499 105.085 20.064
-126.573 105.148 20.038
-126.646 105.210 20.012
-126.720 105.273 19.985
-126.793 105.335 19.959
-126.867 105.398 19.933
-126.941 105.461 19.907
-127.014 105.523 19.881
-127.088 105.586 19.855
-127.161 105.648 19.829
-127.235 105.711 19.803
-127.309 105.773 19.777
-127.382 105.836 19.751
-127.456 105.898 19.726
-127.529 105.961 19.700
-127.603 106.023 19.674
-127.677 106.086 19.648
-127.750 106.149 19.622
-127.824 106.211 19.596
-127.897 106.274 19.570
-127.971 106.336 19.545
-128.045 106.399 19.519
-128.118 106.461 19.493
-128.192 106.524 19.467
-128.265 106.586 19.441
-128.339 106.649 19.415
-128.413 106.712 19.390
-128.486 106.774 19.364
-128.560 106.837 19.338
-128.633 106.899 19.312
-128.707 106.962 19.286
-128.781 107.024 19.260
-128.854 107.087 19.234
-128.928 107.149 19.209
-129.002 107.212 19.183
-129.075 107.275 19.157
-129.149 107.337 19.131
-129.222 107.400 19.105
-129.296 107.462 19.079
-129.370 107.525 19.053
-129.443 107.587 19.028
-129.517 107.650 19.002
-129.590 107.712 18.976
-129.664 107.775 18.950
-129.738 107.837 18.924
-129.811 107.900 18.898
-129.885 107.963 18.872
-129.958 108.025 18.846
-130.032 108.088 18.821
-130.106 108.150 18.795
-130.179 108.212 18.769
-130.253 108.275 18.743
-130.327 108.337 18.717
-130.400 108.400 18.691
-130.474 108.462 18.665
-130.548 108.525 18.639
-130.621 108.587 18.613
-130.695 108.649 18.586
-130.769 108.712 18.560
-130.843 108.774 18.534
-130.916 108.837 18.508
-130.990 108.899 18.482
-131.064 108.961 18.456
-131.137 109.024 18.430
-131.211 109.086 18.404
-131.285 109.149 18.378
-131.358 109.211 18.352
-131.432 109.273 18.326
-131.506 109.336 18.300
-131.579 109.398 18.274
-131.653 109.460 18.248
-131.727 109.523 18.222
-131.801 109.585 18.196
-131.874 109.647 18.170
-131.948 109.710 18.144
-132.022 109.772 18.118
-132.096 109.834 18.093
-132.169 109.897 18.067
-132.243 109.959 18.041
-132.317 110.021 18.015
-132.391 110.084 17.989
-132.465 110.146 17.963
-132.538 110.208 17.937
-132.612 110.271 17.911
-132.686 110.333 17.885
-132.760 110.395 17.859
-132.834 110.458 17.833
-132.907 110.520 17.807
-132.981 110.582 17.781
-133.055 110.644 17.755
-133.129 110.707 17.729
-133.202 110.769 17.703
-133.276 110.831 17.677
-133.350 110.894 17.652
-133.424 110.956 17.626
-133.498 111.018 17.600
-133.571 111.081 17.574
-133.645 111.143 17.548
-133.719 111.205 17.522
-133.793 111.268 17.496
-133.866 111.330 17.470
-133.940 111.392 17.444
-134.014 111.455 17.418
-134.088 111.517 17.392
-134.162 111.579 17.366
-134.235 111.641 17.340
-134.309 111.704 17.314
-134.383 111.766 17.288
-134.457 111.828 17.262
-134.531 111.891 17.237
-134.604 111.953 17.211
-134.678 112.015 17.185
-134.752 112.078 17.159
-134.826 112.140 17.133
-134.900 112.202 17.107
-134.973 112.264 17.081
-135.047 112.327 17.055
-135.121 112.389 17.029
-135.195 112.451 17.003
-135.268 112.514 16.977
-135.342 112.576 16.951
-135.416 112.638 16.925
-135.490 112.701 16.899
-135.564 112.763 16.873
-135.637 112.825 16.847
-135.711 112.887 16.821
-135.785 112.950 16.795
-135.859 113.012 16.769
-135.933 113.074 16.743
-136.006 113.137 16.717
-136.080 113.199 16.691
-136.154 113.261 16.666
-136.228 113.324 16.640
-136.302 113.386 16.614
-136.375 113.448 16.588
-136.449 113.510 16.562
-136.523 113.573 16.536
-136.597 113.635 16.510
-136.671 113.697 16.484
-136.744 113.760 16.458
-136.818 113.822 16.432
-136.892 113.884 16.406
-136.966 113.946 16.380
-137.040 114.009 16.354
-137.113 114.071 16.328
-137.187 114.133 16.302
-137.261 114.195 16.276
-137.335 114.258 16.250
-137.409 114.320 16.224
-137.482 114.382 16.198
-137.556 114.445 16.172
-137.630 114.507 16.146
-137.704 114.569 16.121
-137.778 114.631 16.095
-137.851 114.694 16.069
-137.925 114.756 16.043
-137.999 114.818 16.017
-138.073 114.881 15.991
-138.147 114.943 15.965
-138.220 115.005 15.939
-138.294 115.067 15.913
-138.368 115.130 15.887
-138.442 115.192 15.861
-138.516 115.254 15.835
-138.589 115.317 15.809
-138.663 115.379 15.783
-138.737 115.441 15.757
-138.811 115.504 15.731
-138.885 115.566 15.705
-138.958 115.628 15.679
-139.032 115.690 15.653
-139.106 115.753 15.627
-139.180 115.815 15.601
-139.253 115.877 15.575
-139.327 115.940 15.549
-139.401 116.002 15.523
-139.475 116.064 15.497
-139.549 116.127 15.471
-139.622 116.189 15.445
-139.696 116.251 15.420
-139.770 116.314 15.394
-139.844 116.376 15.368
-139.917 116.438 15.342
-139.991 116.501 15.316
-140.065 116.563 15.290
-140.139 116.625 15.264
-140.212 116.688 15.238
-140.286 116.750 15.212
-140.360 116.812 15.186
-140.434 116.875 15.160
-140.507 116.937 15.134
-140.581 116.999 15.108
-140.655 117.062 15.082
-140.729 117.124 15.056
-140.802 117.186 15.030
-140.876 117.249 15.004
-140.950 117.311 14.978
-141.024 117.374 14.953
-141.097 117.436 14.927
-141.171 117.498 14.901
-141.245 117.561 14.875
-141.319 117.623 14.849
-141.392 117.685 14.823
-141.466 117.748 14.797
-141.540 117.810 14.771
-141.614 117.872 14.745
-141.687 117.935 14.719
-141.761 117.997 14.693
-141.835 118.059 14.667
-141.909 118.122 14.641
-141.982 118.184 14.615
-142.056 118.246 14.589
-142.130 118.309 14.563
-142.204 118.371 14.537
-142.277 118.433 14.511
-142.351 118.496 14.485
-142.425 118.558 14.459
-142.498 118.621 14.433
-142.572 118.683 14.407
-142.646 118.745 14.381
-142.720 118.808 14.355
-142.793 118.870 14.329
-142.867 118.932 14.303
-142.941 118.995 14.277
-143.014 119.057 14.251
-143.088 119.119 14.225
-143.162 119.182 14.199
-143.235 119.244 14.173
-143.309 119.307 14.147
-143.383 119.369 14.121
-143.457 119.431 14.095
-143.530 119.494 14.069
-143.604 119.556 14.043
-143.678 119.618 14.017
-143.751 119.681 13.991
-143.825 119.743 13.965
-143.899 119.806 13.939
-143.972 119.868 13.913
-144.046 119.930 13.887
-144.120 119.993 13.861
-144.193 120.055 13.835
-144.267 120.118 13.809
-144.340 120.181 13.783
-144.414 120.243 13.757
-144.488 120.306 13.732
-144.561 120.369 13.706
-144.635 120.431 13.680
-144.708 120.494 13.654
-144.782 120.557 13.629
-144.855 120.619 13.603
-144.929 120.682 13.577
-145.002 120.745 13.551
-145.076 120.808 13.526
-145.149 120.870 13.500
-145.223 120.933 13.474
-145.296 120.996 13.449
-145.370 121.059 13.423
-145.443 121.121 13.397
-145.517 121.184 13.371
-145.590 121.247 13.346
-145.664 121.309 13.320
-145.737 121.372 13.294
-145.811 121.435 13.269
-145.884 121.498 13.243
-145.958 121.560 13.217
-146.031 121.623 13.191
-146.105 121.686 13.166
-146.178 121.749 13.140
-146.252 121.811 13.114
-146.325 121.874 13.089
-146.399 121.937 13.063
-146.472 121.999 13.037
-146.546 122.062 13.012
-146.619 122.125 12.986
-146.693 122.188 12.960
-146.767 122.250 12.934
-146.840 122.313 12.909
-146.914 122.376 12.883
-146.987 122.438 12.857
-147.061 122.501 12.831
-147.134 122.564 12.806
-147.208 122.627 12.780
-147.281 122.689 12.754
-147.355 122.752 12.728
-147.428 122.815 12.703
-147.502 122.877 12.677
-147.575 122.940 12.651
-147.649 123.003 12.625
-147.722 123.066 12.600
-147.796 123.128 12.574
-147.869 123.191 12.548
-147.943 123.254 12.522
-148.016 123.316 12.496
-148.090 123.379 12.471
-148.163 123.442 12.445
-148.237 123.504 12.419
-148.310 123.567 12.393
-148.384 123.630 12.367
-148.457 123.692 12.342
-148.531 123.755 12.316
-148.604 123.818 12.290
-148.678 123.880 12.264
-148.751 123.943 12.238
-148.825 124.005 12.213
-148.899 124.068 12.187
-148.973 124.130 12.161
-149.047 124.192 12.135
-149.121 124.254 12.110
-149.195 124.316 12.084
-149.269 124.379 12.058
-149.343 124.441 12.032
-149.417 124.503 12.007
-149.491 124.565 11.981
-149.565 124.627 11.955
-149.639 124.689 11.929
-149.713 124.751 11.904
-149.787 124.814 11.878
-149.861 124.876 11.852
-149.935 124.938 11.826
-150.009 125.000 11.801
-150.083 125.062 11.775
-150.157 125.124 11.749
-150.231 125.186 11.723
-150.305 125.248 11.698
-150.379 125.310 11.672
-150.453 125.373 11.646
-150.527 125.435 11.620
-150.601 125.497 11.595
-150.675 125.559 11.569
-150.749 125.621 11.543
-150.823 125.683 11.518
-150.897 125.745 11.492
-150.971 125.807 11.466
-151.045 125.870 11.440
-151.119 125.932 11.415
-151.193 125.994 11.389
-151.267 126.056 11.363
-151.341 126.118 11.338
-151.415 126.180 11.312
-151.489 126.242 11.286
-151.563 126.304 11.260
-151.637 126.367 11.235
-151.711 126.429 11.209
-151.785 126.491 11.183
-151.859 126.553 11.157
-151.934 126.615 11.132
-152.008 126.677 11.106
-152.082 126.739 11.080
-152.156 126.801 11.055
-152.230 126.863 11.029
-152.304 126.926 11.003
-152.378 126.988 10.977
-152.452 127.050 10.952
-152.526 127.112 10.926
-152.600 127.174 10.900
-152.674 127.236 10.874
-152.748 127.298 10.849
-152.822 127.360 10.823
-152.896 127.422 10.797
-152.970 127.485 10.772
-153.044 127.547 10.746
-153.118 127.609 10.720
-153.192 127.671 10.694
-153.266 127.733 10.669
-153.340 127.795 10.643
-153.414 127.857 10.617
-153.488 127.919 10.591
-153.562 127.981 10.566
-153.636 128.043 10.540
-153.710 128.105 10.514
-153.784 128.168 10.489
-153.858 128.230 10.463
-153.932 128.292 10.437
-154.007 128.354 10.411
-154.081 128.416 10.386
-154.155 128.478 10.360
-154.229 128.540 10.334
-154.303 128.602 10.308
-154.377 128.664 10.283
-154.451 128.726 10.257
-154.525 128.788 10.231
-154.599 128.850 10.206
-154.673 128.912 10.180
-154.747 128.974 10.154
-154.821 129.036 10.128
-154.895 129.098 10.103
-154.969 129.161 10.077
-155.044 129.223 10.051
-155.118 129.285 10.025
-155.192 129.347 10.000
-155.266 129.409 9.974
-155.340 129.471 9.948
-155.414 129.533 9.923
-155.488 129.595 9.897
-155.562 129.657 9.871
-155.636 129.719 9.845
-155.710 129.781 9.820
-155.784 129.843 9.794
-155.858 129.905 9.768
-155.932 129.967 9.742
-156.006 130.029 9.717
-156.080 130.091 9.691
-156.155 130.154 9.665
-156.229 130.216 9.639
-156.303 130.278 9.614
-156.377 130.340 9.588
-156.451 130.402 9.562
-156.525 130.464 9.537
-156.599 130.526 9.511
-156.673 130.588 9.485
-156.747 130.650 9.459
-156.821 130.712 9.434
-156.895 130.774 9.408
-156.969 130.836 9.382
-157.043 130.898 9.357
-157.117 130.961 9.331
-157.191 131.023 9.305
-157.265 131.085 9.279
-157.339 131.147 9.254
-157.413 131.209 9.228
-157.487 131.271 9.202
-157.561 131.333 9.177
-157.636 131.395 9.151
-157.710 131.457 9.125
-157.784 131.519 9.099
-157.858 131.582 9.074
-157.932 131.644 9.048
-158.006 131.706 9.022
-158.080 131.768 8.997
-158.154 131.830 8.971
-158.228 131.892 8.945
-158.302 131.954 8.919
-158.376 132.016 8.894
-158.450 132.078 8.868
-158.524 132.140 8.842
-158.598 132.202 8.817
-158.672 132.265 8.791
-158.746 132.327 8.765
-158.820 132.389 8.739
-158.894 132.451 8.714
-158.968 132.513 8.688
-159.042 132.575 8.662
-159.116 132.637 8.637
-159.190 132.699 8.611
-159.265 132.761 8.585
-159.339 132.823 8.559
-159.413 132.886 8.534
-159.487 132.948 8.508
-159.561 133.010 8.482
-159.635 133.072 8.457
-159.709 133.134 8.431
-159.783 133.196 8.405
-159.857 133.258 8.379
-159.931 133.320 8.354
-160.005 133.382 8.328
-160.079 133.444 8.302
-160.153 133.507 8.276
-160.227 133.569 8.251
-160.301 133.631 8.225
-160.375 133.693 8.199
-160.449 133.755 8.173
-160.523 133.817 8.148
-160.597 133.879 8.122
-160.671 133.941 8.096
-160.745 134.003 8.071
-160.819 134.066 8.045
-160.893 134.128 8.019
-160.967 134.190 7.993
-161.041 134.252 7.968
-161.115 134.314 7.942
-161.189 134.377 7.916
-161.263 134.439 7.891
-161.336 134.502 7.865
-161.410 134.564 7.839
-161.484 134.627 7.814
-161.557 134.690 7.788
-161.631 134.752 7.763
-161.704 134.815 7.737
-161.778 134.878 7.711
-161.852 134.940 7.686
-161.925 135.003 7.660
-161.999 135.066 7.635
-162.072 135.128 7.609
-162.146 135.191 7.583
-162.219 135.254 7.558
-162.293 135.317 7.532
-162.367 135.379 7.507
-162.440 135.442 7.481
-162.514 135.505 7.456
-162.587 135.567 7.430
-162.661 135.630 7.404
-162.734 135.693 7.379
-162.808 135.755 7.353
-162.882 135.818 7.328
-162.955 135.881 7.302
-163.029 135.944 7.277
-163.102 136.006 7.251
-163.176 136.069 7.226
-163.250 136.132 7.200
-163.323 136.194 7.174
-163.397 136.257 7.149
-163.470 136.320 7.123
-163.544 136.383 7.098
-163.618 136.445 7.072
-163.691 136.508 7.047
-163.765 136.571 7.021
-163.838 136.633 6.996
-163.912 136.696 6.970
-163.985 136.759 6.945
-164.059 136.822 6.919
-164.133 136.884 6.894
-164.206 136.947 6.868
-164.280 137.010 6.843
-164.353 137.072 6.817
-164.427 137.135 6.791
-164.501 137.198 6.766
-164.574 137.260 6.740
-164.648 137.323 6.715
-164.721 137.386 6.689
-164.795 137.449 6.664
-164.868 137.511 6.638
-164.942 137.574 6.613
-165.016 137.637 6.587
-165.089 137.699 6.561
-165.163 137.762 6.536
-165.236 137.825 6.510
-165.310 137.888 6.485
-165.384 137.950 6.459
-165.457 138.013 6.434
-165.531 138.076 6.408
-165.604 138.138 6.383
-165.678 138.201 6.357
-165.752 138.263 6.331
-165.826 138.325 6.306
-165.901 138.386 6.279
-165.976 138.446 6.253
-166.052 138.507 6.227
-166.127 138.567 6.201
-166.202 138.627 6.174
-166.278 138.687 6.148
-166.353 138.747 6.122
-166.429 138.808 6.096
-166.504 138.868 6.069
-166.579 138.928 6.043
-166.655 138.988 6.017
-166.730 139.048 5.990
-166.806 139.109 5.964
-166.881 139.169 5.938
-166.956 139.229 5.912
-167.032 139.289 5.885
-167.107 139.350 5.859
-167.183 139.410 5.833
-167.258 139.470 5.807
-167.333 139.530 5.780
-167.409 139.590 5.754
-167.484 139.651 5.728
-167.560 139.711 5.702
-167.635 139.771 5.675
-167.710 139.831 5.649
-167.786 139.891 5.623
-167.861 139.951 5.597
-167.937 140.012 5.570
-168.012 140.072 5.544
-168.088 140.132 5.518
-168.163 140.192 5.492
-168.239 140.252 5.466
-168.314 140.313 5.439
-168.389 140.373 5.413
-168.465 140.433 5.387
-168.540 140.493 5.361
-168.616 140.553 5.335
-168.691 140.613 5.308
-168.767 140.674 5.282
-168.842 140.734 5.256
-168.918 140.794 5.230
-168.993 140.854 5.204
-169.068 140.914 5.177
-169.144 140.974 5.151
-169.219 141.035 5.125
-169.295 141.095 5.099
-169.370 141.155 5.072
-169.446 141.215 5.046
-169.521 141.275 5.020
-169.596 141.336 4.994
-169.672 141.396 4.968
-169.747 141.456 4.941
-169.823 141.516 4.915
-169.898 141.576 4.889
-169.974 141.636 4.863
-170.049 141.697 4.837
-170.125 141.757 4.810
-170.200 141.817 4.784
-170.275 141.877 4.758
-170.351 141.937 4.732
-170.426 141.997 4.705
-170.502 142.058 4.679
-170.577 142.118 4.653
-170.653 142.178 4.627
-170.728 142.238 4.601
-170.804 142.298 4.574
-170.879 142.358 4.548
-170.955 142.418 4.522
-171.030 142.479 4.496
-171.106 142.539 4.469
-171.181 142.599 4.443
-171.256 142.659 4.417
-171.332 142.719 4.391
-171.407 142.779 4.365
-171.483 142.839 4.338
-171.558 142.900 4.312
-171.634 142.960 4.286
-171.709 143.020 4.260
-171.785 143.080 4.233
-171.860 143.140 4.207
-171.936 143.200 4.181
-172.011 143.260 4.155
-172.087 143.321 4.128
-172.162 143.381 4.102
-172.237 143.441 4.076
-172.313 143.501 4.050
-172.388 143.561 4.024
-172.464 143.621 3.997
-172.539 143.681 3.971
-172.615 143.742 3.945
-172.690 143.802 3.919
-172.766 143.862 3.892
-172.841 143.922 3.866
-172.917 143.982 3.840
-172.992 144.042 3.814
-173.068 144.102 3.788
-173.143 144.162 3.761
-173.219 144.223 3.735
-173.294 144.283 3.709
-173.370 144.343 3.683
-173.445 144.403 3.656
-173.520 144.463 3.630
-173.596 144.523 3.604
-173.671 144.583 3.578
-173.747 144.644 3.551
-173.822 144.704 3.525
-173.898 144.764 3.499
-173.973 144.824 3.473
-174.049 144.884 3.447
-174.124 144.944 3.420
-174.199 145.005 3.394
-174.275 145.065 3.368
-174.350 145.125 3.342
-174.426 145.185 3.315
-174.501 145.246 3.289
-174.576 145.306 3.263
-174.652 145.366 3.237
-174.727 145.426 3.210
-174.803 145.486 3.184
-174.878 145.547 3.158
-174.953 145.607 3.132
-175.029 145.667 3.105
-175.104 145.727 3.079
-175.180 145.787 3.053
-175.255 145.848 3.027
-175.330 145.908 3.000
-175.406 145.968 2.974
-175.481 146.028 2.948
-175.557 146.089 2.922
-175.632 146.149 2.895
-175.707 146.209 2.869
-175.783 146.269 2.843
-175.858 146.329 2.817
-175.934 146.390 2.791
-176.009 146.450 2.764
-176.084 146.510 2.738
-176.160 146.570 2.712
-176.235 146.631 2.686
-176.311 146.691 2.660
-176.386 146.751 2.633
-176.461 146.811 2.607
-176.537 146.872 2.581
-176.612 146.932 2.555
-176.688 146.992 2.529
-176.763 147.052 2.502
-176.838 147.113 2.476
-176.914 147.173 2.450
-176.989 147.233 2.424
-177.065 147.293 2.398
-177.140 147.353 2.371
-177.215 147.414 2.345
-177.291 147.474 2.319
-177.366 147.534 2.293
-177.442 147.594 2.267
-177.517 147.655 2.240
-177.592 147.715 2.214
-177.668 147.775 2.188
-177.743 147.835 2.162
-177.818 147.896 2.135
-177.894 147.956 2.109
-177.969 148.016 2.083
-178.045 148.076 2.057
-178.120 148.137 2.031
-178.195 148.197 2.004
-178.271 148.257 1.978
-178.346 148.317 1.952
-178.421 148.377 1.926
-178.497 148.438 1.899
-178.572 148.498 1.872
-178.647 148.558 1.845
-178.722 148.619 1.818
-178.796 148.679 1.790
-178.871 148.740 1.762
-178.946 148.800 1.735
-179.021 148.860 1.707
-179.095 148.921 1.679
-179.170 148.981 1.651
-179.245 149.042 1.624
-179.319 149.102 1.596
-179.394 149.162 1.568
-179.469 149.223 1.540
-179.544 149.283 1.513
-179.618 149.344 1.485
-179.693 149.404 1.457
-179.768 149.464 1.429
-179.842 149.525 1.402
-179.917 149.585 1.374
-179.992 149.646 1.346
-180.066 149.706 1.318
-180.141 149.766 1.291
-180.216 149.827 1.263
-180.291 149.887 1.235
-180.365 149.948 1.207
-180.440 150.008 1.180
-180.515 150.068 1.152
-180.590 150.129 1.124
-180.664 150.189 1.097
-180.739 150.250 1.069
-180.814 150.310 1.041
-180.889 150.370 1.014
-180.963 150.431 0.986
-181.038 150.491 0.958
-181.113 150.552 0.931
-181.188 150.612 0.903
-181.262 150.672 0.875
-181.337 150.733 0.848
-181.412 150.793 0.820
-181.487 150.853 0.792
-181.561 150.914 0.765
-181.636 150.974 0.737
-181.711 151.035 0.709
-181.786 151.095 0.682
-181.860 151.155 0.654
-181.935 151.216 0.626
-182.010 151.276 0.599
-182.085 151.337 0.571
-182.159 151.397 0.544
-182.234 151.457 0.516
-182.309 151.518 0.488
-182.384 151.578 0.461
-182.458 151.639 0.433
-182.533 151.699 0.405
-182.608 151.759 0.378
-182.683 151.820 0.350
-182.757 151.880 0.322
-182.832 151.940 0.295
-182.907 152.001 0.267
-182.982 152.061 0.239
-183.056 152.122 0.212
-183.131 152.182 0.184
-183.206 152.242 0.156
-183.281 152.303 0.128
-183.356 152.363 0.101
-183.430 152.423 0.073
-183.505 152.484 0.045
-183.580 152.544 0.018
-183.655 152.604 -0.010
-183.729 152.665 -0.038
-183.804 152.725 -0.065
-183.879 152.785 -0.093
-183.954 152.846 -0.121
-184.029 152.906 -0.149
-184.103 152.966 -0.176
-184.178 153.027 -0.204
-184.253 153.087 -0.232
-184.328 153.147 -0.260
-184.402 153.208 -0.287
-184.477 153.268 -0.315
-184.552 153.328 -0.343
-184.627 153.389 -0.370
-184.702 153.449 -0.398
-184.776 153.509 -0.426
-184.851 153.570 -0.454
-184.926 153.630 -0.481
-185.001 153.690 -0.509
-185.075 153.751 -0.537
-185.150 153.811 -0.565
-185.225 153.871 -0.592
-185.300 153.932 -0.620
-185.375 153.992 -0.648
-185.449 154.052 -0.675
-185.524 154.112 -0.703
-185.599 154.173 -0.731
-185.674 154.233 -0.759
-185.748 154.293 -0.786
-185.823 154.354 -0.814
-185.898 154.414 -0.842
-185.973 154.474 -0.869
-186.048 154.535 -0.897
-186.122 154.595 -0.925
-186.197 154.655 -0.953
-186.272 154.716 -0.980
-186.347 154.776 -1.008
-186.422 154.836 -1.036
-186.496 154.897 -1.064
-186.571 154.957 -1.091
-186.646 155.017 -1.119
-186.721 155.078 -1.147
-186.795 155.138 -1.175
-186.870 155.198 -1.202
-186.945 155.259 -1.230
-187.020 155.319 -1.258
-187.095 155.379 -1.285
-187.169 155.440 -1.313
-187.244 155.500 -1.341
-187.319 155.560 -1.369
-187.394 155.621 -1.396
-187.468 155.681 -1.424
-187.543 155.741 -1.452
-187.618 155.802 -1.480
-187.693 155.862 -1.507
-187.768 155.922 -1.535
-187.842 155.983 -1.563
-187.917 156.043 -1.590
-187.992 156.103 -1.618
-188.067 156.164 -1.646
-188.141 156.224 -1.674
-188.216 156.284 -1.701
-188.291 156.345 -1.729
-188.366 156.405 -1.757
-188.441 156.465 -1.785
-188.515 156.526 -1.812
-188.590 156.586 -1.840
-188.665 156.646 -1.868
-188.740 156.706 -1.896
-188.814 156.767 -1.923
-188.889 156.827 -1.951
-188.964 156.887 -1.979
-189.039 156.948 -2.006
-189.114 157.008 -2.034
-189.188 157.068 -2.062
-189.263 157.129 -2.090
-189.338 157.189 -2.117
-189.413 157.249 -2.145
-189.487 157.310 -2.173
-189.562 157.370 -2.201
-189.637 157.430 -2.228
-189.712 157.491 -2.256
-189.787 157.551 -2.284
-189.861 157.611 -2.311
-189.936 157.672 -2.339
-190.011 157.732 -2.367
-190.086 157.792 -2.395
-190.160 157.853 -2.422
-190.235 157.913 -2.450
-190.310 157.973 -2.478
-190.385 158.034 -2.506
-190.460 158.094 -2.533
-190.534 158.154 -2.561
-190.609 158.215 -2.589
-190.684 158.275 -2.617
-190.759 158.335 -2.644
-190.834 158.396 -2.672
-190.908 158.456 -2.700
-190.983 158.516 -2.727
-191.058 158.577 -2.755
-191.133 158.637 -2.783
-191.207 158.697 -2.811
-191.282 158.758 -2.838
-191.357 158.818 -2.866
-191.432 158.878 -2.894
-191.507 158.939 -2.922
-191.581 158.999 -2.949
-191.656 159.059 -2.977
