7.280 7.523 -2.903
7.275 7.548 -2.806
7.270 7.573 -2.710
7.265 7.597 -2.613
7.260 7.622 -2.516
7.255 7.647 -2.419
7.250 7.672 -2.323
7.245 7.696 -2.226
7.240 7.721 -2.129
7.235 7.746 -2.032
7.230 7.771 -1.936
7.226 7.795 -1.839
7.221 7.820 -1.742
7.216 7.845 -1.645
7.211 7.870 -1.549
7.206 7.894 -1.452
7.201 7.919 -1.355
7.196 7.944 -1.258
7.191 7.969 -1.162
7.186 7.993 -1.065
7.181 8.018 -0.968
7.176 8.043 -0.871
7.171 8.068 -0.774
7.166 8.092 -0.678
7.161 8.117 -0.581
7.156 8.142 -0.484
7.151 8.167 -0.387
7.146 8.191 -0.291
7.141 8.216 -0.194
7.136 8.241 -0.097
7.131 8.266 -0.000
7.126 8.290 0.096
7.121 8.315 0.193
7.116 8.340 0.290
7.111 8.365 0.387
7.106 8.389 0.483
7.101 8.414 0.580
7.096 8.439 0.677
7.091 8.464 0.774
7.086 8.488 0.870
7.081 8.513 0.967
7.076 8.538 1.064
7.072 8.563 1.161
7.067 8.587 1.257
7.062 8.612 1.354
7.057 8.637 1.451
7.052 8.662 1.548
7.047 8.686 1.645
7.042 8.711 1.741
7.037 8.736 1.838
7.032 8.760 1.935
7.027 8.785 2.032
7.022 8.810 2.128
7.017 8.835 2.225
7.012 8.859 2.322
7.007 8.884 2.419
7.002 8.909 2.515
6.997 8.934 2.612
6.992 8.958 2.709
6.987 8.983 2.806
6.982 9.008 2.902
6.977 9.033 2.999
6.972 9.057 3.096
6.967 9.082 3.193
6.962 9.107 3.290
6.957 9.132 3.386
6.953 9.156 3.483
6.948 9.181 3.580
6.943 9.206 3.677
6.938 9.230 3.773
6.933 9.255 3.870
6.928 9.280 3.967
6.924 9.305 4.064
6.919 9.329 4.160
6.914 9.354 4.257
6.909 9.379 4.354
6.904 9.403 4.451
6.899 9.428 4.548
6.895 9.453 4.644
6.890 9.477 4.741
6.885 9.502 4.838
6.880 9.527 4.935
6.875 9.551 5.032
6.871 9.576 5.128
6.866 9.601 5.225
6.861 9.626 5.322
6.856 9.650 5.419
6.851 9.675 5.515
6.847 9.700 5.612
6.842 9.724 5.709
6.837 9.749 5.806
6.832 9.774 5.903
6.828 9.798 5.999
6.823 9.823 6.096
6.818 9.848 6.193
6.813 9.873 6.290
6.808 9.897 6.386
6.804 9.922 6.483
6.799 9.947 6.580
6.794 9.972 6.677
6.789 9.996 6.774
6.785 10.021 6.870
6.780 10.046 6.967
6.775 10.071 7.064
6.770 10.095 7.161
6.766 10.120 7.257
6.761 10.145 7.354
6.756 10.170 7.451
6.751 10.195 7.548
6.747 10.219 7.644
6.742 10.244 7.741
6.737 10.269 7.838
6.732 10.294 7.935
6.728 10.318 8.031
6.723 10.343 8.128
6.718 10.368 8.225
6.713 10.393 8.322
6.708 10.418 8.419
6.704 10.442 8.515
6.699 10.467 8.612
6.694 10.492 8.709
6.689 10.517 8.806
6.685 10.541 8.902
6.680 10.566 8.999
6.675 10.591 9.096
6.670 10.616 9.193
6.666 10.641 9.289
6.661 10.665 9.386
6.656 10.690 9.483
6.651 10.715 9.580
6.647 10.740 9.676
6.642 10.764 9.773
6.637 10.789 9.870
6.632 10.814 9.967
6.627 10.839 10.063
6.623 10.864 10.160
6.618 10.888 10.257
6.613 10.913 10.354
6.608 10.938 10.451
6.604 10.963 10.547
6.599 10.987 10.644
6.594 11.012 10.741
6.589 11.037 10.838
6.585 11.062 10.934
6.580 11.087 11.031
6.575 11.111 11.128
6.570 11.136 11.225
6.566 11.161 11.321
6.561 11.186 11.418
6.556 11.210 11.515
6.551 11.235 11.612
6.546 11.260 11.708
6.542 11.285 11.805
6.537 11.310 11.902
6.532 11.334 11.999
6.527 11.359 12.096
6.523 11.384 12.192
6.518 11.409 12.289
6.513 11.433 12.386
6.508 11.458 12.483
6.504 11.483 12.579
6.499 11.508 12.676
6.494 11.532 12.773
6.489 11.557 12.870
6.485 11.582 12.966
6.480 11.607 13.063
6.475 11.631 13.160
6.470 11.656 13.257
6.465 11.681 13.354
6.461 11.706 13.450
6.456 11.730 13.547
6.451 11.755 13.644
6.446 11.780 13.741
6.442 11.804 13.837
6.437 11.829 13.934
6.432 11.854 14.031
6.427 11.879 14.128
6.423 11.903 14.225
6.418 11.928 14.321
6.413 11.953 14.418
6.408 11.978 14.515
6.404 12.002 14.612
6.399 12.027 14.708
6.394 12.052 14.805
6.389 12.076 14.902
6.384 12.101 14.999
6.379 12.126 15.095
6.374 12.150 15.192
6.367 12.173 15.289
6.361 12.197 15.386
6.354 12.220 15.483
6.348 12.244 15.580
6.341 12.267 15.677
6.334 12.290 15.774
6.328 12.314 15.871
6.321 12.337 15.968
6.314 12.361 16.065
6.308 12.384 16.162
6.301 12.407 16.259
6.295 12.431 16.356
6.288 12.454 16.453
6.281 12.478 16.550
6.275 12.501 16.647
6.268 12.524 16.744
6.261 12.548 16.841
6.255 12.571 16.938
6.248 12.595 17.035
6.242 12.618 17.132
6.235 12.641 17.229
6.228 12.665 17.326
6.222 12.688 17.423
6.215 12.712 17.520
6.208 12.735 17.617
6.202 12.758 17.714
6.195 12.782 17.811
6.188 12.805 17.908
6.182 12.829 18.005
6.175 12.852 18.102
6.169 12.876 18.199
6.162 12.899 18.296
6.155 12.923 18.393
6.149 12.946 18.490
6.142 12.970 18.587
6.135 12.993 18.684
6.129 13.016 18.781
6.122 13.040 18.878
6.115 13.063 18.975
6.109 13.087 19.072
6.102 13.110 19.169
6.095 13.134 19.266
6.089 13.157 19.363
6.082 13.181 19.460
6.075 13.204 19.557
6.069 13.228 19.654
6.062 13.251 19.751
6.055 13.275 19.848
6.049 13.298 19.945
6.042 13.322 20.042
6.035 13.345 20.139
6.029 13.369 20.236
6.022 13.392 20.333
6.015 13.415 20.430
6.009 13.439 20.527
6.002 13.462 20.624
5.995 13.486 20.721
5.989 13.509 20.818
5.982 13.533 20.915
5.975 13.556 21.012
5.969 13.580 21.109
5.962 13.603 21.206
5.956 13.627 21.302
5.949 13.650 21.399
5.942 13.674 21.496
5.936 13.697 21.593
5.929 13.721 21.690
5.922 13.744 21.787
5.916 13.768 21.884
5.909 13.791 21.981
5.902 13.815 22.078
5.896 13.838 22.175
5.889 13.861 22.272
5.882 13.885 22.369
5.876 13.908 22.466
5.869 13.932 22.563
5.863 13.955 22.660
5.856 13.979 22.757
5.849 14.002 22.854
5.843 14.026 22.951
5.836 14.049 23.048
5.829 14.073 23.145
5.823 14.096 23.242
5.816 14.120 23.339
5.810 14.143 23.436
5.803 14.167 23.533
5.796 14.190 23.630
5.790 14.214 23.727
5.783 14.237 23.824
5.776 14.261 23.921
5.770 14.284 24.018
5.763 14.308 24.115
5.757 14.331 24.212
5.750 14.355 24.309
5.743 14.378 24.406
5.737 14.402 24.503
5.730 14.425 24.600
5.723 14.448 24.697
5.717 14.472 24.794
5.710 14.495 24.891
5.704 14.519 24.988
5.697 14.542 25.085
5.690 14.566 25.182
5.684 14.589 25.279
5.677 14.613 25.376
5.670 14.636 25.472
5.664 14.660 25.569
5.657 14.683 25.666
5.651 14.707 25.763
5.644 14.730 25.860
5.637 14.754 25.957
5.631 14.777 26.054
5.624 14.801 26.151
5.617 14.824 26.248
5.611 14.848 26.345
5.604 14.871 26.442
5.598 14.895 26.539
5.591 14.918 26.636
5.584 14.942 26.733
5.578 14.965 26.830
5.571 14.989 26.927
5.564 15.012 27.024
5.558 15.036 27.121
5.551 15.059 27.218
5.544 15.083 27.315
5.538 15.106 27.412
5.531 15.130 27.509
5.524 15.153 27.606
5.518 15.177 27.703
5.511 15.200 27.800
5.505 15.223 27.897
5.498 15.247 27.994
5.491 15.270 28.091
5.485 15.294 28.188
5.478 15.317 28.285
5.471 15.341 28.382
5.465 15.364 28.479
5.458 15.388 28.576
5.451 15.411 28.673
5.445 15.435 28.770
5.438 15.458 28.867
5.431 15.482 28.964
5.425 15.505 29.061
5.418 15.529 29.158
5.411 15.552 29.255
5.405 15.576 29.352
5.398 15.599 29.448
5.391 15.623 29.545
5.385 15.646 29.642
5.378 15.670 29.739
5.371 15.693 29.836
5.365 15.716 29.933
5.358 15.740 30.030
5.351 15.763 30.127
5.345 15.787 30.224
5.338 15.810 30.321
5.331 15.834 30.418
5.325 15.857 30.515
5.318 15.881 30.612
5.312 15.904 30.709
5.305 15.928 30.806
5.298 15.951 30.903
5.292 15.975 31.000
5.285 15.998 31.097
5.278 16.021 31.194
5.272 16.045 31.291
5.265 16.068 31.388
5.258 16.092 31.485
5.252 16.115 31.582
5.245 16.138 31.679
5.238 16.162 31.776
5.232 16.185 31.873
5.225 16.209 31.970
5.218 16.232 32.067
5.212 16.255 32.164
5.205 16.279 32.261
5.199 16.302 32.358
5.192 16.325 32.455
5.185 16.349 32.552
5.179 16.372 32.649
5.172 16.396 32.746
5.165 16.419 32.843
5.159 16.442 32.940
5.152 16.466 33.037
5.146 16.489 33.134
5.139 16.512 33.231
5.132 16.536 33.328
5.126 16.559 33.425
5.119 16.583 33.522
5.112 16.606 33.619
5.106 16.630 33.716
5.100 16.653 33.813
5.094 16.678 33.909
5.089 16.703 34.006
5.084 16.727 34.103
5.079 16.752 34.200
5.074 16.777 34.297
5.069 16.802 34.393
5.063 16.827 34.490
5.058 16.852 34.587
5.053 16.877 34.684
5.048 16.902 34.780
5.043 16.927 34.877
5.038 16.952 34.974
5.033 16.976 35.070
5.028 17.001 35.167
5.023 17.026 35.264
5.018 17.051 35.361
5.012 17.076 35.457
5.007 17.101 35.554
5.002 17.126 35.651
4.997 17.151 35.747
4.992 17.176 35.844
4.987 17.201 35.941
4.982 17.226 36.038
4.977 17.250 36.134
4.972 17.275 36.231
4.967 17.300 36.328
4.962 17.325 36.424
4.956 17.350 36.521
4.951 17.375 36.618
4.946 17.400 36.714
4.941 17.425 36.811
4.936 17.450 36.908
4.931 17.475 37.005
4.926 17.500 37.101
4.921 17.525 37.198
4.916 17.550 37.295
4.911 17.575 37.391
4.905 17.600 37.488
4.900 17.625 37.585
4.895 17.650 37.681
4.890 17.675 37.778
4.885 17.700 37.875
4.880 17.725 37.972
4.875 17.750 38.068
4.870 17.774 38.165
4.865 17.799 38.262
4.860 17.824 38.358
4.855 17.849 38.455
4.849 17.874 38.552
4.844 17.899 38.648
4.839 17.924 38.745
4.834 17.949 38.842
4.829 17.974 38.939
4.824 17.999 39.035
4.819 18.024 39.132
4.814 18.049 39.229
4.809 18.074 39.325
4.804 18.099 39.422
4.799 18.124 39.519
4.794 18.149 39.615
4.788 18.174 39.712
4.783 18.199 39.809
4.778 18.224 39.906
4.773 18.249 40.002
4.768 18.274 40.099
4.763 18.299 40.196
4.758 18.324 40.292
4.753 18.348 40.389
4.748 18.373 40.486
4.743 18.398 40.583
4.738 18.423 40.679
4.733 18.448 40.776
4.728 18.473 40.873
4.722 18.498 40.969
4.717 18.523 41.066
4.712 18.548 41.163
4.707 18.573 41.259
4.702 18.598 41.356
4.697 18.623 41.453
4.692 18.648 41.550
4.687 18.673 41.646
4.682 18.698 41.743
4.677 18.723 41.840
4.672 18.748 41.936
4.667 18.773 42.033
4.662 18.798 42.130
4.656 18.823 42.226
4.651 18.847 42.323
4.646 18.872 42.420
4.641 18.897 42.517
4.636 18.922 42.613
4.631 18.947 42.710
4.626 18.972 42.807
4.621 18.997 42.903
4.616 19.022 43.000
4.611 19.047 43.097
4.605 19.072 43.194
4.600 19.096 43.290
4.595 19.121 43.387
4.590 19.146 43.484
4.585 19.171 43.580
4.580 19.196 43.677
4.575 19.221 43.774
4.570 19.246 43.871
4.564 19.271 43.967
4.559 19.295 44.064
4.554 19.320 44.161
4.549 19.345 44.258
4.544 19.370 44.354
4.539 19.395 44.451
4.534 19.420 44.548
4.529 19.445 44.644
4.523 19.470 44.741
4.518 19.494 44.838
4.513 19.519 44.935
4.508 19.544 45.031
4.503 19.569 45.128
4.498 19.594 45.225
4.492 19.619 45.321
4.487 19.644 45.418
4.482 19.669 45.515
4.476 19.694 45.611
4.471 19.719 45.708
4.466 19.744 45.805
4.461 19.769 45.902
4.455 19.793 45.998
4.450 19.818 46.095
4.445 19.843 46.192
4.439 19.868 46.288
4.434 19.893 46.385
4.429 19.918 46.482
4.424 19.943 46.578
4.418 19.968 46.675
4.413 19.993 46.772
4.408 20.018 46.869
4.402 20.043 46.965
4.397 20.068 47.062
4.392 20.093 47.159
4.387 20.118 47.255
4.381 20.142 47.352
4.376 20.167 47.449
4.371 20.192 47.545
4.365 20.217 47.642
4.360 20.242 47.739
4.355 20.267 47.835
4.349 20.292 47.932
4.344 20.317 48.029
4.339 20.342 48.126
4.334 20.367 48.222
4.328 20.392 48.319
4.323 20.417 48.416
4.318 20.442 48.512
4.312 20.467 48.609
4.307 20.492 48.706
4.302 20.516 48.802
4.297 20.541 48.899
4.291 20.566 48.996
4.286 20.591 49.093
4.281 20.616 49.189
4.275 20.641 49.286
4.270 20.666 49.383
4.265 20.691 49.479
4.260 20.716 49.576
4.254 20.741 49.673
4.249 20.766 49.769
4.244 20.791 49.866
4.239 20.816 49.963
4.234 20.840 50.060
4.228 20.865 50.156
4.223 20.890 50.253
4.218 20.915 50.350
4.213 20.940 50.446
4.208 20.965 50.543
4.202 20.990 50.640
4.197 21.015 50.736
4.192 21.040 50.833
4.187 21.065 50.930
4.182 21.090 51.027
4.176 21.114 51.123
4.171 21.139 51.220
4.166 21.164 51.317
4.161 21.189 51.413
4.156 21.214 51.510
4.150 21.239 51.607
4.145 21.264 51.704
4.140 21.289 51.800
4.135 21.314 51.897
4.130 21.339 51.994
4.125 21.364 52.090
4.119 21.389 52.187
4.114 21.413 52.284
4.109 21.438 52.381
4.104 21.463 52.477
4.099 21.488 52.574
4.094 21.513 52.671
4.088 21.538 52.767
4.083 21.563 52.864
4.078 21.588 52.961
4.073 21.613 53.057
4.068 21.638 53.154
4.063 21.663 53.251
4.057 21.688 53.348
4.052 21.713 53.444
4.047 21.738 53.541
4.042 21.763 53.638
4.037 21.788 53.734
4.032 21.812 53.831
4.026 21.837 53.928
4.021 21.862 54.024
4.016 21.887 54.121
4.011 21.912 54.218
4.006 21.937 54.315
4.001 21.962 54.411
3.995 21.987 54.508
3.990 22.012 54.605
3.985 22.037 54.701
3.980 22.062 54.798
3.975 22.087 54.895
3.970 22.112 54.991
3.964 22.137 55.088
3.959 22.162 55.185
3.954 22.187 55.282
3.949 22.212 55.378
3.944 22.237 55.475
3.939 22.261 55.572
3.933 22.286 55.668
3.928 22.311 55.765
3.923 22.336 55.862
3.918 22.361 55.958
3.913 22.386 56.055
3.908 22.411 56.152
3.902 22.436 56.248
3.897 22.461 56.345
3.892 22.486 56.442
3.887 22.511 56.539
3.882 22.536 56.635
3.876 22.561 56.732
3.871 22.586 56.829
3.866 22.611 56.925
3.861 22.636 57.022
3.856 22.661 57.119
3.851 22.686 57.215
3.845 22.711 57.312
3.840 22.736 57.409
3.835 22.760 57.506
3.830 22.785 57.602
3.825 22.810 57.699
3.819 22.835 57.796
3.814 22.860 57.892
3.809 22.885 57.989
3.804 22.910 58.086
3.799 22.935 58.182
3.794 22.960 58.279
3.788 22.985 58.376
3.783 23.010 58.473
3.778 23.035 58.569
3.773 23.060 58.666
3.768 23.084 58.763
3.763 23.109 58.859
3.758 23.134 58.956
3.752 23.159 59.053
3.747 23.184 59.150
3.742 23.209 59.246
3.737 23.234 59.343
3.732 23.259 59.440
3.727 23.284 59.536
3.721 23.308 59.633
3.716 23.333 59.730
3.711 23.358 59.827
3.706 23.383 59.923
3.701 23.408 60.020
3.696 23.433 60.117
3.691 23.458 60.213
3.685 23.483 60.310
3.680 23.508 60.407
3.675 23.532 60.504
3.670 23.557 60.600
3.665 23.582 60.697
3.660 23.607 60.794
3.655 23.632 60.890
3.649 23.657 60.987
3.647 23.666 61.023
3.647 23.668 61.031
3.647 23.670 61.036
3.647 23.671 61.039
3.646 23.671 61.041
3.646 23.672 61.043
3.646 23.672 61.045
3.646 23.673 61.046
3.646 23.673 61.047
3.646 23.673 61.048
3.646 23.674 61.049
3.646 23.674 61.049
3.646 23.674 61.050
3.646 23.674 61.050
3.646 23.675 61.051
3.646 23.675 61.051
3.646 23.675 61.052
3.646 23.675 61.052
3.646 23.675 61.053
3.646 23.676 61.053
3.646 23.676 61.053
3.646 23.676 61.054
3.646 23.677 61.054
3.646 23.677 61.054
3.646 23.677 61.054
3.646 23.677 61.055
3.646 23.678 61.055
3.646 23.678 61.055
3.646 23.679 61.055
3.646 23.679 61.056
3.646 23.680 61.056
3.646 23.680 61.056
3.646 23.681 61.056
3.646 23.681 61.057
3.646 23.682 61.057
3.646 23.683 61.057
3.646 23.684 61.058
3.646 23.685 61.058
3.646 23.686 61.058
3.646 23.687 61.059
3.646 23.688 61.059
3.646 23.690 61.060
3.646 23.692 61.060
3.646 23.694 61.061
3.646 23.696 61.062
3.646 23.699 61.063
3.646 23.701 61.063
3.646 23.704 61.064
3.646 23.708 61.065
3.646 23.712 61.067
3.646 23.716 61.068
3.646 23.721 61.069
3.646 23.726 61.071
3.646 23.731 61.073
3.646 23.738 61.075
3.646 23.745 61.077
3.646 23.752 61.079
3.646 23.761 61.082
3.646 23.770 61.084
3.646 23.781 61.088
3.646 23.792 61.091
3.646 23.805 61.095
3.646 23.818 61.099
3.646 23.834 61.104
3.645 23.850 61.109
3.645 23.869 61.114
3.645 23.889 61.120
3.645 23.911 61.127
3.645 23.936 61.135
3.645 23.963 61.143
3.645 23.993 61.152
3.645 24.026 61.162
3.645 24.062 61.173
3.645 24.101 61.185
3.645 24.145 61.198
3.645 24.193 61.212
3.645 24.246 61.228
3.645 24.304 61.246
3.645 24.368 61.265
3.645 24.438 61.286
3.645 24.516 61.310
3.645 24.601 61.335
3.644 24.695 61.364
3.644 24.790 61.393
3.644 24.886 61.422
3.644 24.982 61.451
3.644 25.077 61.480
3.644 25.173 61.508
3.644 25.269 61.537
3.644 25.365 61.566
3.644 25.460 61.595
3.643 25.556 61.624
3.643 25.652 61.653
3.643 25.747 61.682
3.643 25.843 61.711
3.643 25.939 61.740
3.643 26.035 61.769
3.643 26.130 61.798
3.643 26.226 61.827
3.643 26.322 61.856
3.642 26.418 61.885
3.642 26.513 61.914
3.642 26.609 61.942
3.642 26.705 61.971
3.642 26.800 62.000
3.642 26.896 62.029
3.642 26.992 62.058
3.642 27.087 62.087
3.642 27.183 62.116
3.641 27.279 62.145
3.641 27.375 62.174
3.641 27.470 62.203
3.641 27.566 62.232
3.641 27.662 62.261
3.641 27.757 62.290
3.641 27.853 62.319
3.641 27.949 62.348
3.641 28.045 62.377
3.640 28.140 62.406
3.640 28.236 62.435
3.640 28.332 62.464
3.640 28.427 62.493
3.640 28.523 62.522
3.640 28.619 62.551
3.640 28.715 62.580
3.640 28.810 62.609
3.640 28.906 62.638
3.639 29.002 62.667
3.639 29.097 62.696
3.639 29.193 62.725
3.639 29.289 62.754
3.639 29.385 62.783
3.639 29.480 62.812
3.639 29.576 62.841
3.639 29.672 62.870
3.639 29.767 62.898
3.638 29.863 62.927
3.638 29.959 62.956
3.638 30.055 62.985
3.638 30.150 63.014
3.638 30.246 63.043
3.638 30.342 63.072
3.638 30.437 63.101
3.638 30.533 63.130
3.637 30.629 63.159
3.637 30.725 63.188
3.637 30.820 63.217
3.637 30.916 63.246
3.637 31.012 63.275
3.637 31.107 63.304
3.637 31.203 63.333
3.637 31.299 63.362
3.637 31.395 63.391
3.636 31.490 63.420
3.636 31.586 63.449
3.636 31.682 63.478
3.636 31.777 63.506
3.636 31.873 63.535
3.636 31.969 63.564
3.636 32.065 63.593
3.636 32.160 63.622
3.636 32.256 63.651
3.635 32.352 63.679
3.635 32.448 63.707
3.635 32.544 63.735
3.635 32.640 63.763
3.635 32.736 63.790
3.635 32.832 63.818
3.635 32.928 63.846
3.635 33.025 63.873
3.635 33.121 63.901
3.634 33.217 63.928
3.634 33.313 63.956
3.634 33.409 63.983
3.634 33.505 64.011
3.634 33.601 64.039
3.634 33.697 64.066
3.634 33.794 64.094
3.634 33.890 64.121
3.634 33.986 64.149
3.633 34.082 64.176
3.633 34.178 64.204
3.633 34.274 64.231
3.633 34.370 64.259
3.633 34.466 64.287
3.633 34.563 64.314
3.633 34.659 64.342
3.633 34.755 64.369
3.633 34.851 64.397
3.632 34.947 64.424
3.632 35.043 64.452
3.632 35.139 64.480
3.632 35.235 64.507
3.632 35.331 64.535
3.632 35.428 64.563
3.632 35.524 64.590
3.632 35.620 64.618
3.632 35.716 64.645
3.632 35.812 64.673
3.631 35.908 64.701
3.631 36.004 64.728
3.631 36.100 64.756
3.631 36.196 64.784
3.631 36.293 64.811
3.631 36.389 64.839
3.631 36.485 64.867
3.631 36.581 64.894
3.631 36.677 64.922
3.631 36.773 64.950
3.630 36.869 64.977
3.630 36.965 65.005
3.630 37.061 65.033
3.630 37.157 65.060
3.630 37.254 65.088
3.630 37.350 65.116
3.630 37.446 65.143
3.630 37.542 65.171
3.630 37.638 65.199
3.630 37.734 65.226
3.629 37.830 65.254
3.629 37.926 65.281
3.629 38.022 65.309
3.629 38.118 65.337
3.629 38.214 65.364
3.629 38.311 65.392
3.629 38.407 65.420
3.629 38.503 65.447
3.629 38.599 65.475
3.629 38.695 65.503
3.628 38.791 65.530
3.628 38.887 65.558
3.628 38.983 65.586
3.628 39.079 65.613
3.628 39.175 65.641
3.628 39.272 65.669
3.628 39.368 65.696
3.628 39.464 65.724
3.628 39.560 65.752
3.628 39.656 65.779
3.627 39.752 65.807
3.627 39.848 65.834
3.627 39.944 65.862
3.627 40.040 65.890
3.627 40.136 65.917
3.627 40.233 65.945
3.627 40.329 65.973
3.627 40.425 66.000
3.627 40.521 66.028
3.627 40.617 66.056
3.626 40.713 66.083
3.626 40.809 66.111
3.626 40.905 66.139
3.626 41.001 66.166
3.626 41.098 66.194
3.626 41.194 66.221
3.626 41.290 66.249
3.626 41.386 66.276
3.626 41.482 66.304
3.625 41.578 66.331
3.625 41.674 66.359
3.625 41.771 66.386
3.625 41.867 66.414
3.625 41.963 66.441
3.625 42.059 66.469
3.625 42.155 66.496
3.625 42.251 66.524
3.625 42.347 66.551
3.625 42.444 66.578
3.624 42.540 66.606
3.624 42.636 66.633
3.624 42.732 66.661
3.624 42.828 66.688
3.624 42.924 66.716
3.624 43.021 66.743
3.624 43.117 66.771
3.624 43.213 66.798
3.624 43.309 66.826
3.623 43.405 66.853
3.623 43.501 66.881
3.623 43.597 66.908
3.623 43.693 66.936
3.623 43.789 66.964
3.624 43.885 66.992
3.624 43.981 67.020
3.624 44.077 67.048
3.624 44.173 67.076
3.624 44.269 67.104
3.624 44.365 67.133
3.625 44.461 67.161
3.625 44.557 67.189
3.625 44.653 67.217
3.625 44.749 67.245
3.625 44.845 67.273
3.625 44.941 67.301
3.626 45.037 67.330
3.626 45.133 67.358
3.626 45.229 67.386
3.626 45.325 67.414
3.626 45.421 67.442
3.626 45.517 67.470
3.627 45.613 67.498
3.627 45.709 67.527
3.627 45.805 67.555
3.627 45.901 67.583
3.627 45.997 67.611
3.627 46.092 67.639
3.628 46.188 67.667
3.628 46.284 67.696
3.628 46.380 67.724
3.628 46.476 67.752
3.628 46.572 67.780
3.628 46.668 67.808
3.629 46.764 67.836
3.629 46.860 67.865
3.629 46.956 67.893
3.629 47.052 67.921
3.629 47.148 67.949
3.630 47.244 67.977
3.630 47.340 68.005
3.630 47.436 68.034
3.630 47.532 68.062
3.630 47.628 68.090
3.630 47.724 68.118
3.631 47.820 68.146
3.631 47.915 68.175
3.631 48.011 68.203
3.631 48.107 68.231
3.631 48.203 68.259
3.631 48.299 68.287
3.632 48.395 68.315
3.632 48.491 68.344
3.632 48.587 68.372
3.632 48.683 68.400
3.632 48.779 68.428
3.632 48.875 68.456
3.633 48.971 68.484
3.633 49.067 68.513
3.633 49.163 68.541
3.633 49.259 68.569
3.633 49.355 68.597
3.633 49.451 68.625
3.634 49.547 68.654
3.634 49.643 68.682
3.634 49.738 68.710
3.634 49.834 68.738
3.634 49.930 68.766
3.635 50.026 68.794
3.635 50.122 68.823
3.635 50.218 68.851
3.635 50.314 68.879
3.635 50.410 68.907
3.635 50.506 68.935
3.636 50.602 68.963
3.636 50.698 68.991
3.636 50.794 69.020
3.636 50.890 69.048
3.636 50.986 69.076
3.636 51.082 69.104
3.637 51.178 69.132
3.637 51.274 69.160
3.637 51.370 69.188
3.637 51.466 69.217
3.637 51.562 69.245
3.638 51.658 69.273
3.638 51.754 69.301
3.638 51.849 69.329
3.638 51.945 69.357
3.638 52.041 69.385
3.638 52.137 69.414
3.639 52.233 69.442
3.639 52.326 69.469
3.639 52.328 69.469
3.638 52.329 69.469
3.638 52.330 69.469
3.638 52.331 69.469
3.638 52.332 69.469
3.638 52.333 69.469
3.638 52.333 69.469
3.637 52.334 69.469
3.637 52.335 69.469
3.637 52.335 69.469
3.637 52.336 69.468
3.636 52.336 69.468
3.636 52.336 69.467
3.635 52.337 69.467
3.635 52.337 69.466
3.634 52.337 69.465
3.634 52.337 69.464
3.633 52.338 69.463
3.632 52.338 69.462
3.631 52.338 69.460
3.630 52.338 69.459
3.629 52.339 69.457
3.627 52.339 69.455
3.626 52.339 69.452
3.624 52.339 69.449
3.622 52.340 69.446
3.620 52.340 69.443
3.617 52.341 69.439
3.614 52.341 69.435
3.611 52.341 69.430
3.608 52.342 69.424
3.604 52.343 69.418
3.600 52.343 69.412
3.595 52.344 69.404
3.590 52.345 69.396
3.584 52.346 69.387
3.577 52.346 69.378
3.570 52.348 69.367
3.562 52.349 69.355
3.554 52.350 69.341
3.544 52.351 69.327
3.534 52.353 69.311
3.522 52.355 69.293
3.510 52.356 69.273
3.496 52.358 69.252
3.480 52.361 69.228
3.464 52.363 69.202
3.445 52.366 69.173
3.424 52.369 69.142
3.402 52.372 69.107
3.377 52.376 69.069
3.350 52.380 69.027
3.320 52.384 68.980
3.287 52.389 68.929
3.250 52.394 68.873
3.210 52.400 68.811
3.166 52.406 68.744
3.118 52.414 68.669
3.065 52.421 68.587
3.011 52.429 68.503
2.956 52.437 68.420
2.902 52.445 68.336
2.848 52.453 68.252
2.794 52.461 68.169
2.740 52.469 68.085
2.685 52.477 68.001
2.631 52.484 67.918
2.577 52.492 67.834
2.523 52.500 67.750
2.468 52.508 67.667
2.414 52.516 67.583
2.360 52.524 67.499
2.306 52.532 67.416
2.252 52.540 67.332
2.197 52.548 67.248
2.143 52.556 67.165
2.089 52.563 67.081
2.035 52.571 66.997
1.980 52.579 66.914
1.926 52.587 66.830
1.872 52.595 66.747
1.818 52.603 66.663
1.764 52.611 66.579
1.709 52.619 66.496
1.655 52.627 66.412
1.601 52.635 66.328
1.547 52.642 66.245
1.492 52.650 66.161
1.438 52.658 66.077
1.384 52.666 65.994
1.330 52.674 65.910
1.276 52.682 65.826
1.221 52.690 65.743
1.167 52.698 65.659
1.113 52.706 65.575
1.059 52.714 65.492
1.005 52.721 65.408
0.951 52.729 65.324
0.896 52.737 65.241
0.842 52.745 65.157
0.788 52.753 65.073
0.734 52.761 64.990
0.680 52.769 64.906
0.625 52.777 64.822
0.571 52.785 64.739
0.517 52.793 64.655
0.463 52.801 64.571
0.409 52.808 64.488
0.354 52.816 64.404
0.300 52.824 64.320
0.246 52.832 64.237
0.192 52.840 64.153
0.137 52.848 64.069
0.083 52.856 63.986
0.029 52.864 63.902
-0.025 52.872 63.819
-0.080 52.880 63.735
-0.134 52.888 63.651
-0.188 52.896 63.568
-0.243 52.904 63.484
-0.297 52.912 63.401
-0.351 52.920 63.317
-0.406 52.928 63.234
-0.460 52.936 63.150
-0.514 52.944 63.066
-0.569 52.952 62.983
-0.623 52.960 62.899
-0.677 52.968 62.816
-0.732 52.976 62.732
-0.786 52.984 62.649
-0.840 52.992 62.565
-0.895 53.000 62.481
-0.949 53.008 62.398
-1.003 53.016 62.314
-1.058 53.023 62.231
-1.112 53.031 62.147
-1.166 53.039 62.064
-1.221 53.047 61.980
-1.275 53.055 61.896
-1.329 53.063 61.813
-1.384 53.071 61.729
-1.438 53.079 61.646
-1.492 53.086 61.562
-1.547 53.094 61.479
-1.601 53.102 61.395
-1.656 53.110 61.311
-1.710 53.118 61.228
-1.764 53.126 61.144
-1.819 53.134 61.061
-1.873 53.141 60.977
-1.927 53.149 60.894
-1.982 53.157 60.810
-2.036 53.165 60.727
-2.090 53.173 60.643
-2.145 53.181 60.559
-2.199 53.189 60.476
-2.253 53.197 60.392
-2.308 53.205 60.309
-2.362 53.213 60.225
-2.416 53.221 60.142
-2.471 53.229 60.058
-2.525 53.237 59.974
-2.579 53.245 59.891
-2.634 53.252 59.807
-2.688 53.260 59.724
-2.742 53.268 59.640
-2.797 53.276 59.557
-2.851 53.284 59.473
-2.905 53.292 59.389
-2.960 53.300 59.306
-3.014 53.308 59.222
-3.068 53.316 59.139
-3.123 53.324 59.055
-3.177 53.332 58.971
-3.231 53.340 58.888
-3.285 53.348 58.804
-3.340 53.356 58.721
-3.394 53.363 58.637
-3.448 53.371 58.553
-3.503 53.379 58.470
-3.557 53.387 58.386
-3.611 53.395 58.303
-3.665 53.403 58.219
-3.720 53.411 58.135
-3.774 53.419 58.052
-3.828 53.427 57.968
-3.883 53.435 57.885
-3.937 53.443 57.801
-3.991 53.450 57.717
-4.045 53.458 57.634
-4.100 53.466 57.550
-4.154 53.474 57.466
-4.208 53.482 57.383
-4.263 53.490 57.299
-4.317 53.498 57.216
-4.371 53.506 57.132
-4.426 53.514 57.049
-4.480 53.522 56.965
-4.534 53.529 56.881
-4.588 53.537 56.798
-4.643 53.545 56.714
-4.697 53.553 56.631
-4.751 53.561 56.547
-4.806 53.569 56.463
-4.860 53.577 56.380
-4.914 53.585 56.296
-4.969 53.593 56.213
-5.023 53.601 56.129
-5.077 53.608 56.045
-5.132 53.616 55.962
-5.186 53.624 55.878
-5.240 53.632 55.795
-5.295 53.640 55.711
-5.349 53.648 55.628
-5.403 53.656 55.544
-5.458 53.664 55.460
-5.512 53.672 55.377
-5.566 53.680 55.293
-5.621 53.687 55.210
-5.675 53.695 55.126
-5.729 53.703 55.042
-5.783 53.711 54.959
-5.838 53.719 54.875
-5.892 53.727 54.792
-5.946 53.735 54.708
-6.001 53.743 54.625
-6.055 53.751 54.541
-6.109 53.759 54.457
-6.164 53.767 54.374
-6.218 53.774 54.290
-6.272 53.782 54.207
-6.327 53.790 54.123
-6.381 53.798 54.040
-6.436 53.806 53.956
-6.490 53.814 53.873
-6.545 53.822 53.790
-6.602 53.830 53.708
-6.658 53.839 53.626
-6.715 53.847 53.544
-6.772 53.856 53.462
-6.829 53.864 53.380
-6.886 53.873 53.298
-6.943 53.881 53.216
-7.000 53.890 53.135
-7.056 53.898 53.053
-7.113 53.907 52.971
-7.170 53.915 52.889
-7.227 53.923 52.807
-7.284 53.932 52.725
-7.341 53.940 52.644
-7.398 53.949 52.562
-7.455 53.957 52.480
-7.511 53.966 52.398
-7.568 53.974 52.316
-7.625 53.983 52.235
-7.682 53.991 52.153
-7.739 54.000 52.071
-7.796 54.008 51.989
-7.853 54.017 51.907
-7.910 54.025 51.826
-7.967 54.033 51.744
-8.023 54.042 51.662
-8.080 54.050 51.580
-8.137 54.059 51.498
-8.194 54.067 51.417
-8.251 54.076 51.335
-8.308 54.084 51.253
-8.365 54.093 51.171
-8.422 54.101 51.089
-8.479 54.110 51.008
-8.535 54.118 50.926
-8.592 54.126 50.844
-8.649 54.135 50.762
-8.706 54.143 50.680
-8.763 54.152 50.598
-8.820 54.160 50.517
-8.877 54.169 50.435
-8.933 54.177 50.353
-8.990 54.186 50.271
-9.047 54.194 50.189
-9.104 54.203 50.107
-9.161 54.211 50.026
-9.217 54.220 49.944
-9.274 54.228 49.862
-9.331 54.237 49.780
-9.388 54.245 49.698
-9.445 54.254 49.616
-9.501 54.262 49.534
-9.558 54.271 49.453
-9.615 54.279 49.371
-9.672 54.288 49.289
-9.729 54.296 49.207
-9.785 54.305 49.125
-9.842 54.313 49.043
-9.899 54.322 48.961
-9.956 54.330 48.880
-10.013 54.339 48.798
-10.069 54.347 48.716
-10.126 54.356 48.634
-10.183 54.364 48.552
-10.240 54.373 48.470
-10.297 54.381 48.388
-10.354 54.390 48.307
-10.410 54.398 48.225
-10.467 54.407 48.143
-10.524 54.415 48.061
-10.581 54.424 47.979
-10.638 54.432 47.897
-10.694 54.441 47.816
-10.751 54.450 47.734
-10.808 54.458 47.652
-10.865 54.467 47.570
-10.922 54.475 47.488
-10.979 54.484 47.406
-11.035 54.492 47.324
-11.092 54.501 47.243
-11.149 54.509 47.161
-11.206 54.518 47.079
-11.263 54.526 46.997
-11.320 54.535 46.915
-11.376 54.543 46.833
-11.433 54.552 46.752
-11.490 54.560 46.670
-11.547 54.569 46.588
-11.604 54.577 46.506
-11.661 54.586 46.424
-11.717 54.594 46.342
-11.774 54.602 46.261
-11.831 54.611 46.179
-11.888 54.619 46.097
-11.945 54.628 46.015
-12.002 54.636 45.933
-12.059 54.645 45.852
-12.115 54.653 45.770
-12.172 54.662 45.688
-12.229 54.670 45.606
-12.286 54.679 45.524
-12.343 54.687 45.442
-12.400 54.696 45.361
-12.457 54.704 45.279
-12.513 54.713 45.197
-12.570 54.722 45.115
-12.627 54.730 45.033
-12.684 54.739 44.952
-12.741 54.747 44.870
-12.798 54.756 44.788
-12.855 54.764 44.706
-12.912 54.773 44.624
-12.968 54.782 44.543
-13.025 54.790 44.461
-13.082 54.799 44.379
-13.139 54.807 44.297
-13.196 54.816 44.215
-13.253 54.825 44.134
-13.310 54.833 44.052
-13.367 54.842 43.970
-13.423 54.850 43.888
-13.480 54.859 43.806
-13.537 54.867 43.725
-13.594 54.875 43.643
-13.651 54.883 43.561
-13.708 54.891 43.479
-13.764 54.899 43.397
-13.821 54.907 43.315
-13.878 54.915 43.233
-13.935 54.923 43.151
-13.992 54.931 43.069
-14.049 54.939 42.987
-14.105 54.947 42.905
-14.162 54.955 42.824
-14.219 54.963 42.742
-14.276 54.970 42.660
-14.333 54.978 42.578
-14.389 54.986 42.496
-14.446 54.994 42.414
-14.503 55.002 42.332
-14.560 55.010 42.250
-14.617 55.018 42.168
-14.673 55.026 42.086
-14.730 55.034 42.004
-14.787 55.041 41.923
-14.844 55.049 41.841
-14.901 55.057 41.759
-14.957 55.065 41.677
-15.014 55.073 41.595
-15.071 55.081 41.513
-15.128 55.089 41.431
-15.185 55.097 41.349
-15.242 55.105 41.267
-15.298 55.113 41.185
-15.355 55.120 41.103
-15.412 55.128 41.021
-15.469 55.136 40.940
-15.526 55.144 40.858
-15.582 55.152 40.776
-15.639 55.160 40.694
-15.696 55.168 40.612
-15.753 55.176 40.530
-15.810 55.184 40.448
-15.866 55.192 40.366
-15.923 55.200 40.284
-15.980 55.207 40.202
-16.037 55.215 40.120
-16.093 55.223 40.038
-16.150 55.231 39.956
-16.207 55.239 39.874
-16.264 55.247 39.792
-16.320 55.255 39.710
-16.377 55.263 39.628
-16.434 55.271 39.547
-16.491 55.279 39.465
-16.547 55.286 39.383
-16.604 55.294 39.301
-16.661 55.302 39.219
-16.717 55.310 39.137
-16.774 55.318 39.055
-16.831 55.326 38.973
-16.888 55.334 38.891
-16.944 55.342 38.809
-17.001 55.350 38.727
-17.058 55.358 38.645
-17.115 55.365 38.563
-17.172 55.373 38.481
-17.228 55.381 38.399
-17.285 55.389 38.317
-17.342 55.397 38.235
-17.399 55.405 38.154
-17.456 55.413 38.072
-17.513 55.421 37.990
-17.570 55.429 37.908
-17.626 55.437 37.826
-17.683 55.445 37.744
-17.740 55.453 37.662
-17.797 55.461 37.580
-17.854 55.469 37.499
-17.911 55.477 37.417
-17.968 55.485 37.335
-18.024 55.492 37.253
-18.081 55.500 37.171
-18.138 55.508 37.089
-18.195 55.516 37.007
-18.252 55.524 36.926
-18.309 55.532 36.844
-18.366 55.540 36.762
-18.423 55.548 36.680
-18.479 55.556 36.598
-18.536 55.564 36.516
-18.593 55.572 36.434
-18.650 55.580 36.352
-18.707 55.588 36.271
-18.764 55.596 36.189
-18.821 55.604 36.107
-18.877 55.612 36.025
-18.934 55.619 35.943
-18.991 55.627 35.861
-19.048 55.635 35.779
-19.105 55.643 35.697
-19.162 55.651 35.616
-19.219 55.659 35.534
-19.275 55.667 35.452
-19.332 55.675 35.370
-19.389 55.683 35.288
-19.446 55.692 35.206
-19.503 55.700 35.124
-19.560 55.708 35.043
-19.617 55.717 34.961
-19.673 55.725 34.879
-19.730 55.734 34.797
-19.787 55.742 34.715
-19.844 55.751 34.633
-19.901 55.759 34.552
-19.958 55.768 34.470
-20.014 55.776 34.388
-20.071 55.785 34.306
-20.128 55.793 34.224
-20.185 55.802 34.142
-20.242 55.810 34.061
-20.299 55.819 33.979
-20.355 55.827 33.897
-20.412 55.836 33.815
-20.469 55.844 33.733
-20.526 55.853 33.651
-20.583 55.861 33.570
-20.640 55.870 33.488
-20.696 55.878 33.406
-20.753 55.886 33.324
-20.810 55.895 33.242
-20.867 55.903 33.160
-20.924 55.912 33.078
-20.981 55.920 32.997
-21.037 55.929 32.915
-21.094 55.937 32.833
-21.151 55.946 32.751
-21.208 55.954 32.669
-21.265 55.962 32.587
-21.322 55.971 32.505
-21.378 55.979 32.424
-21.435 55.988 32.342
-21.492 55.996 32.260
-21.549 56.005 32.178
-21.606 56.013 32.096
-21.662 56.021 32.014
-21.719 56.030 31.933
-21.776 56.038 31.851
-21.833 56.047 31.769
-21.890 56.055 31.687
-21.946 56.064 31.605
-22.003 56.072 31.523
-22.060 56.081 31.441
-22.117 56.089 31.359
-22.174 56.098 31.278
-22.230 56.106 31.196
-22.287 56.115 31.114
-22.344 56.123 31.032
-22.401 56.131 30.950
-22.458 56.140 30.868
-22.514 56.148 30.786
-22.571 56.157 30.705
-22.628 56.165 30.623
-22.685 56.174 30.541
-22.742 56.182 30.459
-22.798 56.191 30.377
-22.855 56.199 30.295
-22.912 56.208 30.213
-22.969 56.216 30.131
-23.026 56.225 30.050
-23.082 56.233 29.968
-23.139 56.241 29.886
-23.196 56.250 29.804
-23.253 56.258 29.722
-23.309 56.267 29.640
-23.366 56.275 29.558
-23.423 56.284 29.476
-23.480 56.292 29.395
-23.537 56.301 29.313
-23.593 56.309 29.231
-23.650 56.318 29.149
-23.707 56.326 29.067
-23.764 56.334 28.985
-23.820 56.343 28.903
-23.877 56.351 28.821
-23.934 56.360 28.740
-23.991 56.368 28.658
-24.048 56.377 28.576
-24.104 56.385 28.494
-24.161 56.394 28.412
-24.218 56.402 28.330
-24.275 56.410 28.248
-24.332 56.419 28.166
-24.388 56.427 28.085
-24.445 56.436 28.003
-24.502 56.444 27.921
-24.559 56.452 27.839
-24.616 56.461 27.757
-24.673 56.469 27.676
-24.730 56.478 27.594
-24.787 56.486 27.512
-24.843 56.494 27.430
-24.900 56.503 27.348
-24.957 56.511 27.266
-25.014 56.519 27.185
-25.071 56.528 27.103
-25.128 56.536 27.021
-25.185 56.545 26.939
-25.242 56.553 26.857
-25.299 56.561 26.776
-25.355 56.570 26.694
-25.412 56.578 26.612
-25.469 56.587 26.530
-25.526 56.595 26.448
-25.583 56.603 26.367
-25.640 56.612 26.285
-25.697 56.620 26.203
-25.754 56.628 26.121
-25.811 56.637 26.039
-25.867 56.645 25.957
-25.924 56.654 25.876
-25.981 56.662 25.794
-26.038 56.670 25.712
-26.095 56.679 25.630
-26.152 56.687 25.548
-26.209 56.696 25.467
-26.266 56.704 25.385
-26.322 56.713 25.303
-26.379 56.722 25.222
-26.436 56.732 25.141
-26.494 56.745 25.059
-26.551 56.757 24.978
-26.609 56.770 24.897
-26.666 56.782 24.816
-26.723 56.795 24.735
-26.781 56.808 24.654
-26.838 56.820 24.573
-26.895 56.833 24.492
-26.953 56.846 24.411
-27.010 56.858 24.330
-27.067 56.871 24.249
-27.125 56.884 24.169
-27.182 56.896 24.088
-27.239 56.909 24.007
-27.297 56.922 23.926
-27.354 56.934 23.845
-27.411 56.947 23.764
-27.469 56.960 23.683
-27.526 56.972 23.602
-27.583 56.985 23.521
-27.641 56.998 23.440
-27.698 57.010 23.359
-27.756 57.023 23.278
-27.813 57.036 23.197
-27.870 57.048 23.116
-27.928 57.061 23.035
-27.985 57.074 22.955
-28.042 57.086 22.874
-28.100 57.099 22.793
-28.157 57.112 22.712
-28.214 57.124 22.631
-28.272 57.137 22.550
-28.329 57.150 22.469
-28.386 57.162 22.388
-28.444 57.175 22.307
-28.501 57.188 22.226
-28.558 57.200 22.145
-28.616 57.213 22.064
-28.673 57.226 21.983
-28.730 57.238 21.902
-28.788 57.251 21.821
-28.845 57.264 21.740
-28.902 57.276 21.659
-28.960 57.289 21.578
-29.017 57.302 21.498
-29.074 57.314 21.417
-29.132 57.327 21.336
-29.189 57.340 21.255
-29.246 57.352 21.174
-29.303 57.365 21.093
-29.361 57.378 21.012
-29.418 57.390 20.931
-29.475 57.403 20.850
-29.533 57.416 20.769
-29.590 57.429 20.688
-29.647 57.441 20.607
-29.705 57.454 20.526
-29.762 57.467 20.445
-29.819 57.479 20.364
-29.876 57.492 20.283
-29.934 57.505 20.202
-29.991 57.517 20.121
-30.048 57.530 20.040
-30.106 57.543 19.959
-30.163 57.555 19.878
-30.220 57.568 19.797
-30.278 57.581 19.716
-30.335 57.593 19.635
-30.392 57.606 19.554
-30.450 57.619 19.473
-30.507 57.632 19.393
-30.564 57.644 19.312
-30.621 57.657 19.231
-30.679 57.670 19.150
-30.736 57.682 19.069
-30.793 57.695 18.988
-30.851 57.708 18.907
-30.908 57.720 18.826
-30.965 57.733 18.745
-31.023 57.746 18.664
-31.080 57.758 18.583
-31.137 57.771 18.502
-31.194 57.784 18.421
-31.252 57.796 18.340
-31.309 57.809 18.259
-31.366 57.822 18.178
-31.424 57.834 18.097
-31.481 57.847 18.016
-31.539 57.860 17.935
-31.596 57.872 17.855
-31.653 57.885 17.774
-31.711 57.898 17.693
-31.768 57.910 17.612
-31.826 57.923 17.531
-31.883 57.936 17.450
-31.940 57.948 17.369
-31.998 57.961 17.288
-32.055 57.974 17.207
-32.113 57.986 17.126
-32.170 57.999 17.045
-32.227 58.011 16.965
-32.285 58.024 16.884
-32.342 58.037 16.803
-32.400 58.049 16.722
-32.457 58.062 16.641
-32.514 58.075 16.560
-32.572 58.087 16.479
-32.629 58.100 16.398
-32.687 58.113 16.317
-32.744 58.125 16.237
-32.801 58.138 16.156
-32.859 58.150 16.075
-32.916 58.163 15.994
-32.974 58.176 15.913
-33.031 58.188 15.832
-33.089 58.201 15.751
-33.146 58.214 15.670
-33.203 58.226 15.589
-33.261 58.239 15.508
-33.318 58.252 15.428
-33.375 58.264 15.347
-33.433 58.277 15.266
-33.490 58.290 15.185
-33.547 58.303 15.104
-33.605 58.316 15.023
-33.662 58.329 14.942
-33.719 58.342 14.861
-33.776 58.355 14.780
-33.833 58.368 14.699
-33.890 58.382 14.618
-33.947 58.395 14.537
-34.004 58.408 14.456
-34.061 58.422 14.375
-34.119 58.435 14.294
-34.176 58.448 14.213
-34.233 58.462 14.132
-34.290 58.475 14.051
-34.347 58.488 13.970
-34.404 58.501 13.888
-34.461 58.515 13.807
-34.518 58.528 13.726
-34.575 58.541 13.645
-34.632 58.555 13.564
-34.689 58.568 13.483
-34.746 58.581 13.402
-34.803 58.595 13.321
-34.860 58.608 13.240
-34.917 58.621 13.159
-34.974 58.635 13.078
-35.031 58.648 12.997
-35.088 58.661 12.916
-35.145 58.674 12.835
-35.202 58.688 12.754
-35.260 58.701 12.673
-35.317 58.714 12.592
-35.374 58.728 12.511
-35.431 58.741 12.430
-35.488 58.754 12.349
-35.545 58.768 12.268
-35.602 58.781 12.187
-35.659 58.794 12.105
-35.716 58.807 12.024
-35.773 58.821 11.943
-35.830 58.834 11.862
-35.887 58.847 11.781
-35.944 58.861 11.700
-36.001 58.874 11.619
-36.058 58.887 11.538
-36.115 58.900 11.457
-36.172 58.914 11.376
-36.229 58.927 11.295
-36.286 58.940 11.214
-36.343 58.954 11.133
-36.400 58.967 11.052
-36.457 58.980 10.971
-36.514 58.994 10.890
-36.571 59.007 10.809
-36.628 59.020 10.728
-36.685 59.034 10.646
-36.742 59.047 10.565
-36.799 59.060 10.484
-36.856 59.074 10.403
-36.913 59.087 10.322
-36.970 59.100 10.241
-37.027 59.113 10.160
-37.084 59.127 10.079
-37.141 59.140 9.998
-37.198 59.153 9.917
-37.256 59.167 9.836
-37.313 59.180 9.755
-37.370 59.193 9.674
-37.427 59.207 9.593
-37.484 59.220 9.512
-37.541 59.233 9.430
-37.598 59.247 9.349
-37.655 59.260 9.268
-37.712 59.273 9.187
-37.769 59.287 9.106
-37.826 59.300 9.025
-37.883 59.313 8.944
-37.940 59.326 8.863
-37.997 59.340 8.782
-38.054 59.353 8.701
-38.111 59.366 8.620
-38.168 59.380 8.539
-38.225 59.393 8.458
-38.282 59.406 8.377
-38.339 59.420 8.296
-38.396 59.433 8.215
-38.453 59.446 8.134
-38.510 59.459 8.053
-38.567 59.473 7.972
-38.625 59.486 7.891
-38.682 59.499 7.810
-38.739 59.512 7.729
-38.797 59.526 7.648
-38.854 59.539 7.567
-38.911 59.552 7.486
-38.968 59.565 7.406
-39.026 59.579 7.325
-39.083 59.592 7.244
-39.140 59.605 7.163
-39.198 59.618 7.082
-39.255 59.632 7.001
-39.312 59.645 6.920
-39.370 59.658 6.839
-39.427 59.671 6.759
-39.484 59.685 6.678
-39.542 59.698 6.597
-39.599 59.711 6.516
-39.656 59.724 6.435
-39.714 59.737 6.354
-39.771 59.751 6.273
-39.828 59.764 6.193
-39.885 59.777 6.112
-39.943 59.790 6.031
-40.000 59.804 5.950
-40.057 59.817 5.869
-40.115 59.830 5.788
-40.172 59.843 5.707
-40.229 59.856 5.626
-40.287 59.870 5.546
-40.344 59.883 5.465
-40.401 59.896 5.384
-40.459 59.909 5.303
-40.516 59.923 5.222
-40.573 59.936 5.141
-40.630 59.949 5.060
-40.688 59.963 4.979
-40.745 59.976 4.899
-40.802 59.990 4.818
-40.859 60.003 4.737
-40.916 60.017 4.656
-40.973 60.031 4.575
-41.030 60.044 4.494
-41.087 60.058 4.413
-41.145 60.072 4.332
-41.202 60.085 4.251
-41.259 60.099 4.170
-41.316 60.113 4.089
-41.373 60.127 4.008
-41.430 60.140 3.927
-41.487 60.154 3.846
-41.544 60.168 3.765
-41.601 60.181 3.684
-41.658 60.195 3.603
-41.715 60.209 3.522
-41.772 60.223 3.441
-41.829 60.236 3.360
-41.886 60.250 3.279
-41.944 60.264 3.198
-42.001 60.277 3.117
-42.058 60.291 3.036
-42.115 60.305 2.955
-42.172 60.318 2.874
-42.229 60.332 2.793
-42.286 60.345 2.712
-42.343 60.359 2.631
-42.400 60.373 2.551
-42.457 60.386 2.470
-42.514 60.400 2.389
-42.571 60.414 2.308
-42.628 60.427 2.227
-42.685 60.441 2.146
-42.742 60.454 2.065
-42.799 60.468 1.984
-42.856 60.482 1.903
-42.913 60.495 1.822
-42.970 60.509 1.741
-43.027 60.523 1.660
-43.084 60.536 1.579
-43.142 60.550 1.498
-43.199 60.564 1.417
-43.256 60.577 1.336
-43.313 60.591 1.255
-43.370 60.604 1.174
-43.427 60.618 1.093
-43.484 60.632 1.012
-43.541 60.645 0.931
-43.598 60.659 0.850
-43.655 60.673 0.769
-43.712 60.686 0.688
-43.769 60.700 0.607
-43.826 60.713 0.526
-43.883 60.727 0.445
-43.940 60.741 0.364
-43.997 60.754 0.283
-44.054 60.768 0.202
-44.111 60.782 0.121
-44.168 60.795 0.040
-44.225 60.809 -0.041
-44.282 60.822 -0.122
-44.339 60.836 -0.203
-44.397 60.850 -0.284
-44.454 60.863 -0.365
-44.511 60.877 -0.446
-44.568 60.890 -0.527
-44.625 60.904 -0.608
-44.682 60.918 -0.689
-44.739 60.931 -0.770
-44.796 60.945 -0.851
-44.853 60.959 -0.932
-44.910 60.972 -1.013
-44.967 60.986 -1.094
-45.024 60.999 -1.175
-45.081 61.013 -1.256
-45.138 61.027 -1.337
-45.195 61.040 -1.418
-45.252 61.054 -1.499
-45.309 61.068 -1.580
-45.366 61.081 -1.661
-45.423 61.095 -1.742
-45.480 61.108 -1.823
-45.537 61.122 -1.904
-45.594 61.136 -1.985
-45.651 61.149 -2.066
-45.708 61.163 -2.147
-45.765 61.177 -2.228
-45.822 61.190 -2.309
-45.880 61.204 -2.390
-45.937 61.217 -2.471
-45.994 61.231 -2.552
-46.051 61.245 -2.633
-46.108 61.258 -2.714
-46.165 61.272 -2.795
-46.222 61.285 -2.876
-46.279 61.299 -2.957
