7.503 9.623 -2.904
7.476 9.625 -2.807
7.450 9.626 -2.711
7.424 9.628 -2.614
7.397 9.630 -2.518
7.371 9.632 -2.421
7.345 9.634 -2.325
7.318 9.635 -2.228
7.292 9.637 -2.132
7.266 9.639 -2.035
7.239 9.641 -1.939
7.213 9.643 -1.843
7.187 9.644 -1.746
7.160 9.646 -1.650
7.134 9.648 -1.553
7.108 9.650 -1.457
7.081 9.652 -1.360
7.055 9.653 -1.264
7.029 9.655 -1.167
7.002 9.657 -1.071
6.976 9.659 -0.974
6.950 9.661 -0.878
6.923 9.663 -0.782
6.897 9.664 -0.685
6.871 9.666 -0.589
6.844 9.668 -0.492
6.818 9.670 -0.396
6.792 9.672 -0.299
6.765 9.673 -0.203
6.739 9.675 -0.106
6.713 9.677 -0.010
6.687 9.679 0.087
6.660 9.681 0.183
6.634 9.682 0.279
6.608 9.684 0.376
6.581 9.686 0.472
6.555 9.688 0.569
6.529 9.690 0.665
6.502 9.692 0.762
6.476 9.694 0.858
6.449 9.697 0.954
6.423 9.699 1.051
6.397 9.702 1.147
6.370 9.704 1.244
6.344 9.707 1.340
6.317 9.709 1.437
6.291 9.712 1.533
6.265 9.714 1.629
6.238 9.717 1.726
6.212 9.719 1.822
6.185 9.722 1.919
6.159 9.724 2.015
6.133 9.727 2.112
6.106 9.729 2.208
6.080 9.731 2.304
6.053 9.734 2.401
6.027 9.736 2.497
6.001 9.739 2.594
5.974 9.741 2.690
5.948 9.744 2.787
5.921 9.746 2.883
5.895 9.749 2.979
5.869 9.751 3.076
5.842 9.754 3.172
5.816 9.756 3.269
5.789 9.759 3.365
5.763 9.761 3.461
5.737 9.764 3.558
5.710 9.766 3.654
5.684 9.769 3.751
5.657 9.772 3.847
5.631 9.774 3.944
5.604 9.777 4.040
5.578 9.779 4.136
5.552 9.782 4.233
5.525 9.784 4.329
5.499 9.787 4.426
5.472 9.789 4.522
5.446 9.792 4.618
5.419 9.794 4.715
5.393 9.797 4.811
5.367 9.799 4.908
5.340 9.802 5.004
5.314 9.804 5.100
5.287 9.807 5.197
5.261 9.809 5.293
5.234 9.812 5.390
5.208 9.814 5.486
5.182 9.817 5.582
5.155 9.819 5.679
5.129 9.822 5.775
5.102 9.824 5.872
5.076 9.827 5.968
5.049 9.829 6.065
5.023 9.832 6.161
4.997 9.834 6.257
4.970 9.837 6.354
4.944 9.839 6.450
4.917 9.841 6.547
4.891 9.844 6.643
4.864 9.846 6.739
4.838 9.849 6.836
4.812 9.851 6.932
4.785 9.854 7.029
4.759 9.856 7.125
4.732 9.859 7.221
4.706 9.861 7.318
4.679 9.864 7.414
4.653 9.866 7.511
4.626 9.869 7.607
4.600 9.871 7.703
4.574 9.874 7.800
4.547 9.876 7.896
4.521 9.879 7.993
4.494 9.881 8.089
4.468 9.884 8.186
4.441 9.886 8.282
4.415 9.889 8.378
4.389 9.891 8.475
4.362 9.893 8.571
4.336 9.896 8.668
4.309 9.898 8.764
4.283 9.901 8.860
4.256 9.903 8.957
4.230 9.906 9.053
4.203 9.908 9.150
4.177 9.911 9.246
4.151 9.913 9.342
4.124 9.916 9.439
4.098 9.918 9.535
4.071 9.921 9.632
4.045 9.923 9.728
4.019 9.926 9.825
3.992 9.928 9.921
3.966 9.931 10.017
3.939 9.933 10.114
3.913 9.936 10.210
3.886 9.938 10.307
3.860 9.940 10.403
3.834 9.943 10.499
3.807 9.945 10.596
3.781 9.948 10.692
3.754 9.950 10.789
3.728 9.953 10.885
3.702 9.955 10.982
3.675 9.958 11.078
3.649 9.960 11.174
3.622 9.963 11.271
3.596 9.965 11.367
3.570 9.968 11.464
3.543 9.970 11.560
3.517 9.973 11.656
3.490 9.975 11.753
3.464 9.978 11.849
3.438 9.981 11.946
3.411 9.983 12.042
3.385 9.986 12.138
3.358 9.988 12.235
3.332 9.991 12.331
3.305 9.993 12.428
3.279 9.996 12.524
3.253 9.998 12.621
3.226 10.001 12.717
3.200 10.003 12.813
3.173 10.006 12.910
3.147 10.009 13.006
3.120 10.011 13.103
3.094 10.014 13.199
3.068 10.016 13.295
3.041 10.019 13.392
3.015 10.021 13.488
2.988 10.024 13.585
2.962 10.027 13.681
2.935 10.029 13.777
2.909 10.032 13.874
2.883 10.034 13.970
2.856 10.037 14.067
2.830 10.039 14.163
2.803 10.042 14.260
2.777 10.045 14.356
2.750 10.047 14.452
2.724 10.050 14.549
2.698 10.052 14.645
2.671 10.055 14.742
2.645 10.057 14.838
2.618 10.060 14.934
2.592 10.063 15.031
2.565 10.065 15.127
2.539 10.068 15.224
2.513 10.070 15.320
2.486 10.073 15.416
2.460 10.075 15.513
2.433 10.078 15.609
2.407 10.081 15.706
2.380 10.083 15.802
2.354 10.086 15.898
2.328 10.088 15.995
2.301 10.091 16.091
2.275 10.093 16.188
2.248 10.096 16.284
2.222 10.098 16.381
2.195 10.101 16.477
2.169 10.103 16.573
2.143 10.106 16.670
2.116 10.109 16.766
2.090 10.111 16.863
2.063 10.114 16.959
2.037 10.116 17.055
2.010 10.119 17.152
1.984 10.121 17.248
1.958 10.124 17.345
1.931 10.126 17.441
1.905 10.129 17.537
1.878 10.131 17.634
1.852 10.134 17.730
1.826 10.136 17.827
1.799 10.139 17.923
1.773 10.141 18.020
1.746 10.144 18.116
1.720 10.146 18.212
1.693 10.149 18.309
1.667 10.151 18.405
1.641 10.154 18.502
1.614 10.156 18.598
1.588 10.159 18.694
1.561 10.161 18.791
1.535 10.164 18.887
1.508 10.166 18.984
1.482 10.168 19.080
1.456 10.171 19.176
1.429 10.173 19.273
1.403 10.176 19.369
1.376 10.178 19.466
1.350 10.181 19.562
1.323 10.183 19.658
1.297 10.186 19.755
1.270 10.188 19.851
1.244 10.191 19.948
1.217 10.193 20.044
1.191 10.196 20.140
1.165 10.198 20.237
1.138 10.201 20.333
1.112 10.203 20.430
1.085 10.206 20.526
1.059 10.208 20.623
1.032 10.211 20.719
1.006 10.213 20.815
0.979 10.216 20.912
0.953 10.218 21.008
0.926 10.221 21.105
0.900 10.223 21.201
0.874 10.226 21.297
0.847 10.228 21.394
0.821 10.231 21.490
0.794 10.233 21.587
0.768 10.236 21.683
0.741 10.238 21.779
0.715 10.241 21.876
0.688 10.243 21.972
0.662 10.246 22.069
0.635 10.248 22.165
0.609 10.251 22.261
0.583 10.253 22.358
0.556 10.256 22.454
0.530 10.258 22.551
0.503 10.261 22.647
0.477 10.263 22.743
0.450 10.266 22.840
0.424 10.268 22.936
0.397 10.271 23.033
0.371 10.273 23.129
0.344 10.276 23.225
0.318 10.278 23.322
0.292 10.281 23.418
0.265 10.283 23.515
0.239 10.286 23.611
0.212 10.288 23.707
0.186 10.291 23.804
0.159 10.293 23.900
0.133 10.296 23.997
0.106 10.298 24.093
0.080 10.301 24.189
0.053 10.303 24.286
0.027 10.306 24.382
0.001 10.308 24.479
-0.026 10.311 24.575
-0.052 10.313 24.671
-0.079 10.316 24.768
-0.105 10.318 24.864
-0.132 10.321 24.961
-0.158 10.323 25.057
-0.185 10.326 25.153
-0.211 10.328 25.250
-0.238 10.331 25.346
-0.264 10.333 25.443
-0.290 10.336 25.539
-0.317 10.338 25.636
-0.343 10.341 25.732
-0.370 10.343 25.828
-0.396 10.346 25.925
-0.422 10.348 26.021
-0.449 10.351 26.118
-0.475 10.353 26.214
-0.502 10.356 26.310
-0.528 10.358 26.407
-0.554 10.361 26.503
-0.581 10.363 26.600
-0.607 10.366 26.696
-0.634 10.368 26.793
-0.660 10.370 26.889
-0.686 10.373 26.985
-0.713 10.375 27.082
-0.739 10.378 27.178
-0.766 10.380 27.275
-0.792 10.383 27.371
-0.818 10.385 27.467
-0.845 10.388 27.564
-0.871 10.390 27.660
-0.898 10.392 27.757
-0.924 10.395 27.853
-0.951 10.397 27.949
-0.977 10.399 28.046
-1.004 10.402 28.142
-1.030 10.404 28.239
-1.057 10.406 28.335
-1.083 10.408 28.431
-1.110 10.410 28.528
-1.136 10.413 28.624
-1.163 10.415 28.721
-1.189 10.417 28.817
-1.216 10.419 28.913
-1.242 10.421 29.010
-1.269 10.424 29.106
-1.295 10.426 29.203
-1.322 10.428 29.299
-1.349 10.430 29.395
-1.375 10.432 29.492
-1.402 10.434 29.588
-1.428 10.437 29.685
-1.455 10.439 29.781
-1.481 10.441 29.877
-1.508 10.443 29.974
-1.534 10.445 30.070
-1.561 10.448 30.167
-1.587 10.450 30.263
-1.614 10.452 30.359
-1.640 10.454 30.456
-1.667 10.456 30.552
-1.693 10.459 30.648
-1.720 10.461 30.745
-1.747 10.463 30.841
-1.773 10.465 30.938
-1.800 10.467 31.034
-1.826 10.470 31.130
-1.853 10.472 31.227
-1.879 10.474 31.323
-1.906 10.476 31.420
-1.932 10.478 31.516
-1.959 10.481 31.612
-1.986 10.483 31.709
-2.012 10.485 31.805
-2.039 10.487 31.901
-2.065 10.489 31.998
-2.092 10.491 32.094
-2.118 10.494 32.191
-2.145 10.496 32.287
-2.171 10.498 32.383
-2.198 10.500 32.480
-2.224 10.502 32.576
-2.251 10.505 32.673
-2.278 10.507 32.769
-2.304 10.509 32.865
-2.331 10.511 32.962
-2.357 10.513 33.058
-2.384 10.516 33.154
-2.410 10.518 33.251
-2.437 10.520 33.347
-2.463 10.522 33.444
-2.490 10.524 33.540
-2.517 10.527 33.636
-2.543 10.529 33.733
-2.570 10.531 33.829
-2.596 10.533 33.926
-2.623 10.535 34.022
-2.649 10.538 34.118
-2.676 10.540 34.215
-2.702 10.542 34.311
-2.729 10.544 34.407
-2.755 10.547 34.504
-2.782 10.549 34.600
-2.809 10.551 34.697
-2.835 10.553 34.793
-2.862 10.555 34.889
-2.888 10.558 34.986
-2.915 10.560 35.082
-2.941 10.562 35.179
-2.968 10.564 35.275
-2.994 10.566 35.371
-3.021 10.569 35.468
-3.047 10.571 35.564
-3.074 10.573 35.661
-3.100 10.575 35.757
-3.127 10.577 35.853
-3.153 10.580 35.950
-3.180 10.582 36.046
-3.207 10.584 36.142
-3.233 10.586 36.239
-3.260 10.588 36.335
-3.286 10.591 36.432
-3.312 10.593 36.528
-3.339 10.595 36.624
-3.365 10.597 36.721
-3.391 10.599 36.817
-3.417 10.601 36.914
-3.443 10.603 37.011
-3.469 10.605 37.107
-3.495 10.607 37.204
-3.521 10.609 37.300
-3.547 10.611 37.397
-3.572 10.613 37.493
-3.598 10.615 37.590
-3.624 10.617 37.687
-3.650 10.619 37.783
-3.676 10.621 37.880
-3.702 10.623 37.976
-3.728 10.625 38.073
-3.754 10.627 38.169
-3.780 10.629 38.266
-3.806 10.631 38.363
-3.831 10.633 38.459
-3.857 10.635 38.556
-3.883 10.637 38.652
-3.909 10.639 38.749
-3.935 10.641 38.845
-3.961 10.643 38.942
-3.987 10.645 39.038
-4.013 10.647 39.135
-4.039 10.649 39.232
-4.065 10.651 39.328
-4.091 10.653 39.425
-4.117 10.655 39.521
-4.143 10.657 39.618
-4.169 10.659 39.714
-4.195 10.661 39.811
-4.221 10.663 39.907
-4.248 10.665 40.004
-4.274 10.667 40.100
-4.300 10.669 40.197
-4.326 10.671 40.293
-4.352 10.673 40.390
-4.378 10.675 40.486
-4.404 10.677 40.583
-4.430 10.679 40.679
-4.457 10.681 40.776
-4.483 10.683 40.872
-4.509 10.685 40.969
-4.535 10.687 41.065
-4.561 10.689 41.162
-4.587 10.691 41.258
-4.613 10.693 41.355
-4.639 10.695 41.451
-4.666 10.697 41.548
-4.692 10.699 41.644
-4.718 10.701 41.741
-4.744 10.703 41.837
-4.770 10.704 41.934
-4.796 10.706 42.030
-4.822 10.708 42.127
-4.848 10.710 42.223
-4.875 10.712 42.320
-4.901 10.714 42.416
-4.927 10.716 42.513
-4.953 10.718 42.609
-4.979 10.720 42.706
-5.005 10.722 42.802
-5.031 10.724 42.899
-5.057 10.726 42.995
-5.084 10.728 43.092
-5.110 10.730 43.188
-5.136 10.732 43.285
-5.162 10.734 43.381
-5.188 10.736 43.478
-5.214 10.738 43.574
-5.240 10.740 43.671
-5.266 10.742 43.767
-5.293 10.744 43.864
-5.319 10.746 43.960
-5.345 10.748 44.057
-5.371 10.750 44.153
-5.397 10.752 44.250
-5.423 10.754 44.346
-5.449 10.756 44.443
-5.476 10.758 44.539
-5.502 10.760 44.636
-5.528 10.762 44.732
-5.554 10.763 44.829
-5.580 10.765 44.925
-5.606 10.767 45.022
-5.632 10.769 45.118
-5.658 10.771 45.215
-5.685 10.773 45.311
-5.711 10.775 45.408
-5.737 10.777 45.505
-5.763 10.779 45.601
-5.789 10.781 45.698
-5.815 10.783 45.794
-5.841 10.785 45.891
-5.867 10.787 45.987
-5.893 10.789 46.084
-5.919 10.791 46.180
-5.945 10.793 46.277
-5.971 10.795 46.373
-5.998 10.797 46.470
-6.024 10.799 46.566
-6.050 10.801 46.663
-6.076 10.803 46.759
-6.102 10.805 46.856
-6.128 10.807 46.952
-6.154 10.809 47.049
-6.180 10.811 47.145
-6.206 10.813 47.242
-6.232 10.815 47.338
-6.258 10.817 47.435
-6.284 10.819 47.531
-6.310 10.820 47.628
-6.336 10.822 47.724
-6.363 10.824 47.821
-6.389 10.826 47.917
-6.415 10.828 48.014
-6.441 10.830 48.110
-6.443 10.830 48.119
-6.445 10.831 48.126
-6.446 10.831 48.132
-6.448 10.831 48.137
-6.449 10.831 48.141
-6.450 10.831 48.145
-6.451 10.831 48.148
-6.452 10.831 48.151
-6.452 10.831 48.153
-6.453 10.831 48.155
-6.453 10.831 48.158
-6.454 10.831 48.159
-6.454 10.831 48.161
-6.455 10.831 48.163
-6.455 10.831 48.164
-6.456 10.831 48.166
-6.456 10.831 48.167
-6.456 10.832 48.168
-6.457 10.832 48.169
-6.457 10.832 48.170
-6.457 10.832 48.171
-6.457 10.832 48.172
-6.458 10.832 48.173
-6.458 10.832 48.174
-6.458 10.832 48.174
-6.458 10.832 48.175
-6.458 10.832 48.176
-6.459 10.832 48.177
-6.459 10.832 48.177
-6.459 10.832 48.178
-6.459 10.832 48.178
-6.459 10.832 48.179
-6.459 10.832 48.179
-6.460 10.832 48.180
-6.460 10.832 48.180
-6.460 10.832 48.181
-6.460 10.832 48.181
-6.460 10.832 48.182
-6.460 10.832 48.182
-6.460 10.832 48.182
-6.460 10.832 48.183
-6.460 10.832 48.183
-6.461 10.832 48.184
-6.461 10.832 48.184
-6.461 10.832 48.184
-6.461 10.832 48.185
-6.461 10.832 48.185
-6.461 10.832 48.185
-6.461 10.832 48.185
-6.461 10.832 48.186
-6.461 10.832 48.186
-6.461 10.832 48.186
-6.461 10.832 48.187
-6.461 10.832 48.187
-6.462 10.832 48.187
-6.462 10.832 48.187
-6.462 10.832 48.187
-6.462 10.832 48.188
-6.462 10.832 48.188
-6.462 10.832 48.188
-6.462 10.832 48.188
-6.462 10.832 48.189
-6.462 10.832 48.189
-6.462 10.832 48.189
-6.462 10.832 48.189
-6.462 10.832 48.189
-6.462 10.832 48.189
-6.462 10.832 48.190
-6.462 10.832 48.190
-6.462 10.832 48.190
-6.462 10.832 48.190
-6.462 10.832 48.190
-6.463 10.832 48.190
-6.463 10.832 48.191
-6.463 10.832 48.191
-6.463 10.832 48.191
-6.463 10.832 48.191
-6.463 10.832 48.191
-6.463 10.832 48.191
-6.463 10.832 48.191
-6.463 10.832 48.192
-6.463 10.832 48.192
-6.463 10.832 48.192
-6.463 10.832 48.192
-6.463 10.832 48.192
-6.463 10.832 48.192
-6.463 10.832 48.192
-6.463 10.832 48.192
-6.463 10.832 48.192
-6.463 10.832 48.193
-6.463 10.832 48.193
-6.463 10.832 48.193
-6.463 10.832 48.193
-6.463 10.832 48.193
-6.463 10.832 48.193
-6.463 10.832 48.193
-6.463 10.832 48.193
-6.463 10.832 48.193
-6.463 10.832 48.193
-6.463 10.832 48.194
-6.464 10.832 48.194
-6.464 10.832 48.194
-6.464 10.832 48.194
-6.464 10.832 48.194
-6.464 10.832 48.194
-6.464 10.832 48.194
-6.464 10.832 48.194
-6.464 10.832 48.194
-6.464 10.832 48.194
-6.464 10.832 48.194
-6.464 10.832 48.194
-6.464 10.832 48.195
-6.464 10.832 48.195
-6.464 10.832 48.195
-6.464 10.832 48.195
-6.464 10.832 48.195
-6.464 10.832 48.195
-6.464 10.832 48.195
-6.464 10.832 48.195
-6.464 10.832 48.195
-6.464 10.832 48.195
-6.464 10.832 48.195
-6.464 10.832 48.195
-6.464 10.832 48.195
-6.464 10.832 48.195
-6.464 10.832 48.195
-6.464 10.832 48.196
-6.464 10.832 48.196
-6.464 10.832 48.196
-6.464 10.832 48.196
-6.464 10.832 48.196
-6.464 10.832 48.196
-6.464 10.832 48.196
-6.464 10.832 48.196
-6.464 10.832 48.196
-6.464 10.832 48.196
-6.464 10.832 48.196
-6.464 10.832 48.196
-6.464 10.832 48.196
-6.464 10.833 48.196
-6.464 10.833 48.196
-6.464 10.833 48.196
-6.464 10.833 48.196
-6.465 10.833 48.196
-6.465 10.833 48.196
-6.465 10.833 48.197
-6.465 10.833 48.197
-6.465 10.833 48.197
-6.465 10.833 48.197
-6.465 10.833 48.197
-6.465 10.833 48.197
-6.465 10.833 48.197
-6.465 10.833 48.197
-6.465 10.833 48.197
-6.465 10.833 48.197
-6.465 10.833 48.197
-6.465 10.833 48.197
-6.465 10.833 48.197
-6.465 10.833 48.197
-6.465 10.833 48.197
-6.465 10.833 48.197
-6.465 10.833 48.197
-6.465 10.833 48.197
-6.465 10.833 48.197
-6.465 10.833 48.197
-6.465 10.833 48.197
-6.465 10.833 48.197
-6.465 10.833 48.197
-6.465 10.833 48.197
-6.465 10.833 48.198
-6.465 10.833 48.198
-6.465 10.833 48.198
-6.465 10.833 48.198
-6.465 10.833 48.198
-6.465 10.833 48.198
-6.465 10.833 48.198
-6.465 10.833 48.198
-6.465 10.833 48.198
-6.465 10.833 48.198
-6.465 10.833 48.198
-6.465 10.833 48.198
-6.465 10.833 48.198
-6.465 10.833 48.198
-6.465 10.833 48.198
-6.465 10.833 48.198
-6.465 10.833 48.198
-6.465 10.833 48.198
-6.465 10.833 48.198
-6.465 10.833 48.198
-6.465 10.833 48.198
-6.465 10.833 48.198
-6.465 10.833 48.198
-6.465 10.833 48.198
-6.465 10.833 48.198
-6.466 10.833 48.198
-6.466 10.833 48.198
-6.466 10.833 48.198
-6.466 10.833 48.198
-6.466 10.833 48.198
-6.466 10.833 48.198
-6.466 10.833 48.198
-6.466 10.833 48.199
-6.466 10.833 48.199
-6.466 10.833 48.199
-6.466 10.833 48.199
-6.466 10.833 48.199
-6.466 10.833 48.199
-6.466 10.833 48.199
-6.466 10.833 48.199
-6.466 10.833 48.199
-6.466 10.833 48.199
-6.466 10.833 48.199
-6.466 10.833 48.199
-6.466 10.833 48.199
-6.466 10.833 48.199
-6.466 10.833 48.199
-6.466 10.833 48.199
-6.466 10.833 48.199
-6.466 10.833 48.199
-6.466 10.833 48.199
-6.466 10.833 48.199
-6.466 10.833 48.199
-6.466 10.833 48.199
-6.466 10.833 48.199
-6.466 10.833 48.199
-6.466 10.833 48.199
-6.466 10.833 48.199
-6.466 10.833 48.199
-6.466 10.833 48.199
-6.466 10.833 48.199
-6.466 10.833 48.199
-6.466 10.834 48.199
-6.466 10.834 48.199
-6.466 10.834 48.199
-6.466 10.834 48.199
-6.466 10.834 48.199
-6.466 10.834 48.199
-6.466 10.834 48.199
-6.467 10.834 48.199
-6.467 10.834 48.199
-6.467 10.834 48.199
-6.467 10.834 48.199
-6.467 10.834 48.199
-6.467 10.834 48.199
-6.467 10.834 48.199
-6.467 10.834 48.199
-6.467 10.834 48.199
-6.467 10.834 48.199
-6.467 10.834 48.199
-6.467 10.834 48.199
-6.467 10.834 48.199
-6.467 10.834 48.199
-6.467 10.834 48.199
-6.467 10.834 48.199
-6.467 10.834 48.199
-6.467 10.834 48.199
-6.467 10.834 48.199
-6.467 10.834 48.199
-6.467 10.834 48.199
-6.467 10.834 48.199
-6.467 10.834 48.199
-6.467 10.834 48.199
-6.467 10.834 48.199
-6.467 10.834 48.199
-6.467 10.834 48.199
-6.467 10.834 48.200
-6.467 10.834 48.200
-6.467 10.834 48.200
-6.467 10.834 48.200
-6.467 10.834 48.200
-6.467 10.834 48.200
-6.467 10.834 48.200
-6.468 10.834 48.200
-6.468 10.834 48.200
-6.468 10.834 48.200
-6.468 10.835 48.200
-6.468 10.835 48.200
-6.468 10.835 48.200
-6.468 10.835 48.200
-6.468 10.835 48.200
-6.468 10.835 48.200
-6.468 10.835 48.200
-6.468 10.835 48.200
-6.468 10.835 48.200
-6.468 10.835 48.200
-6.468 10.835 48.200
-6.468 10.835 48.200
-6.468 10.835 48.200
-6.468 10.835 48.200
-6.468 10.835 48.200
-6.468 10.835 48.200
-6.468 10.835 48.200
-6.468 10.835 48.200
-6.468 10.835 48.200
-6.468 10.835 48.200
-6.468 10.835 48.200
-6.468 10.835 48.200
-6.468 10.835 48.200
-6.469 10.835 48.200
-6.469 10.835 48.200
-6.469 10.835 48.200
-6.469 10.835 48.200
-6.469 10.836 48.200
-6.469 10.836 48.200
-6.469 10.836 48.200
-6.469 10.836 48.200
-6.469 10.836 48.200
-6.469 10.836 48.200
-6.470 10.836 48.200
-6.470 10.836 48.200
-6.470 10.837 48.200
-6.470 10.837 48.200
-6.471 10.837 48.200
-6.471 10.837 48.199
-6.471 10.838 48.199
-6.472 10.838 48.199
-6.472 10.838 48.199
-6.472 10.839 48.199
-6.473 10.839 48.199
-6.473 10.840 48.199
-6.474 10.840 48.199
-6.475 10.841 48.199
-6.476 10.841 48.199
-6.477 10.842 48.199
-6.477 10.843 48.198
-6.479 10.844 48.198
-6.480 10.845 48.198
-6.481 10.846 48.198
-6.483 10.848 48.197
-6.484 10.849 48.197
-6.486 10.851 48.197
-6.488 10.853 48.196
-6.491 10.855 48.196
-6.493 10.857 48.195
-6.496 10.859 48.195
-6.499 10.862 48.194
-6.502 10.865 48.193
-6.506 10.869 48.193
-6.510 10.872 48.192
-6.515 10.876 48.191
-6.520 10.881 48.190
-6.526 10.886 48.189
-6.532 10.891 48.188
-6.539 10.897 48.186
-6.546 10.904 48.185
-6.554 10.911 48.183
-6.563 10.920 48.181
-6.574 10.929 48.179
-6.585 10.938 48.177
-6.597 10.949 48.174
-6.610 10.961 48.172
-6.625 10.974 48.169
-6.641 10.989 48.165
-6.659 11.005 48.162
-6.679 11.022 48.158
-6.700 11.042 48.153
-6.724 11.063 48.148
-6.750 11.086 48.143
-6.779 11.112 48.137
-6.811 11.140 48.131
-6.846 11.171 48.123
-6.884 11.205 48.116
-6.927 11.243 48.107
-6.973 11.284 48.097
-7.024 11.330 48.087
-7.081 11.380 48.075
-7.143 11.435 48.063
-7.211 11.496 48.049
-7.285 11.562 48.034
-7.358 11.627 48.019
-7.432 11.693 48.004
-7.506 11.759 47.989
-7.580 11.825 47.973
-7.654 11.890 47.958
-7.728 11.956 47.943
-7.801 12.022 47.928
-7.875 12.088 47.913
-7.949 12.153 47.898
-8.023 12.219 47.883
-8.097 12.285 47.868
-8.171 12.350 47.853
-8.244 12.416 47.838
-8.318 12.482 47.823
-8.392 12.548 47.808
-8.466 12.613 47.793
-8.540 12.679 47.777
-8.614 12.745 47.762
-8.687 12.811 47.747
-8.761 12.876 47.732
-8.835 12.942 47.717
-8.909 13.008 47.702
-8.983 13.074 47.687
-9.057 13.139 47.672
-9.130 13.205 47.657
-9.204 13.271 47.642
-9.278 13.336 47.627
-9.352 13.402 47.611
-9.426 13.468 47.596
-9.500 13.534 47.581
-9.573 13.599 47.566
-9.647 13.665 47.551
-9.721 13.731 47.535
-9.795 13.796 47.520
-9.869 13.862 47.505
-9.943 13.928 47.490
-10.017 13.993 47.474
-10.090 14.059 47.459
-10.164 14.125 47.444
-10.238 14.190 47.429
-10.312 14.256 47.413
-10.386 14.322 47.398
-10.460 14.387 47.383
-10.534 14.453 47.367
-10.607 14.519 47.352
-10.681 14.584 47.337
-10.755 14.650 47.322
-10.829 14.716 47.306
-10.903 14.781 47.291
-10.977 14.847 47.276
-11.051 14.913 47.261
-11.124 14.978 47.245
-11.198 15.044 47.230
-11.272 15.109 47.215
-11.346 15.175 47.200
-11.420 15.241 47.185
-11.494 15.306 47.169
-11.568 15.372 47.154
-11.642 15.438 47.139
-11.716 15.503 47.124
-11.790 15.569 47.109
-11.863 15.635 47.093
-11.937 15.700 47.078
-12.011 15.766 47.063
-12.085 15.831 47.048
-12.159 15.897 47.033
-12.233 15.963 47.017
-12.307 16.028 47.002
-12.381 16.094 46.987
-12.455 16.160 46.972
-12.528 16.225 46.957
-12.602 16.291 46.941
-12.676 16.357 46.926
-12.750 16.422 46.911
-12.824 16.488 46.896
-12.898 16.553 46.880
-12.972 16.619 46.865
-13.046 16.685 46.850
-13.120 16.750 46.835
-13.194 16.816 46.820
-13.267 16.882 46.804
-13.341 16.947 46.789
-13.415 17.013 46.774
-13.489 17.079 46.759
-13.563 17.144 46.744
-13.637 17.210 46.728
-13.711 17.275 46.713
-13.785 17.341 46.698
-13.859 17.407 46.683
-13.933 17.472 46.668
-14.007 17.538 46.652
-14.081 17.603 46.637
-14.155 17.669 46.622
-14.229 17.734 46.607
-14.303 17.800 46.591
-14.377 17.865 46.576
-14.451 17.931 46.561
-14.525 17.996 46.546
-14.599 18.062 46.530
-14.673 18.127 46.515
-14.747 18.193 46.500
-14.821 18.258 46.485
-14.895 18.324 46.470
-14.969 18.389 46.454
-15.043 18.455 46.439
-15.117 18.520 46.424
-15.191 18.586 46.409
-15.265 18.651 46.393
-15.339 18.717 46.378
-15.413 18.782 46.363
-15.487 18.848 46.348
-15.561 18.913 46.333
-15.635 18.979 46.317
-15.709 19.044 46.302
-15.783 19.110 46.287
-15.857 19.175 46.272
-15.931 19.241 46.256
-16.005 19.306 46.241
-16.079 19.372 46.226
-16.153 19.437 46.211
-16.227 19.503 46.196
-16.301 19.568 46.180
-16.375 19.634 46.165
-16.449 19.699 46.150
-16.523 19.765 46.135
-16.597 19.830 46.119
-16.671 19.896 46.104
-16.745 19.961 46.089
-16.819 20.027 46.074
-16.893 20.092 46.059
-16.967 20.158 46.043
-17.041 20.223 46.028
-17.115 20.289 46.013
-17.189 20.354 45.998
-17.263 20.420 45.982
-17.337 20.485 45.967
-17.411 20.551 45.952
-17.485 20.616 45.937
-17.559 20.682 45.922
-17.633 20.747 45.906
-17.707 20.812 45.891
-17.781 20.878 45.876
-17.855 20.943 45.861
-17.929 21.009 45.845
-18.003 21.074 45.830
-18.078 21.140 45.815
-18.152 21.205 45.800
-18.226 21.271 45.784
-18.300 21.336 45.769
-18.374 21.402 45.754
-18.448 21.467 45.739
-18.522 21.533 45.724
-18.596 21.598 45.708
-18.670 21.664 45.693
-18.744 21.729 45.678
-18.818 21.795 45.663
-18.892 21.860 45.647
-18.966 21.926 45.632
-19.040 21.991 45.617
-19.114 22.057 45.602
-19.188 22.122 45.586
-19.262 22.188 45.571
-19.336 22.253 45.556
-19.410 22.318 45.541
-19.484 22.384 45.526
-19.558 22.449 45.510
-19.632 22.515 45.495
-19.706 22.580 45.480
-19.780 22.646 45.465
-19.854 22.711 45.449
-19.928 22.777 45.434
-20.002 22.842 45.419
-20.076 22.908 45.404
-20.150 22.973 45.389
-20.224 23.039 45.373
-20.298 23.104 45.358
-20.372 23.170 45.343
-20.447 23.235 45.328
-20.521 23.301 45.312
-20.595 23.366 45.297
-20.669 23.432 45.282
-20.743 23.497 45.267
-20.817 23.563 45.252
-20.891 23.628 45.236
-20.965 23.694 45.221
-21.039 23.759 45.206
-21.113 23.825 45.191
-21.187 23.890 45.175
-21.261 23.956 45.160
-21.335 24.021 45.145
-21.409 24.087 45.130
-21.483 24.152 45.115
-21.557 24.218 45.099
-21.631 24.283 45.084
-21.705 24.349 45.069
-21.779 24.414 45.054
-21.853 24.480 45.038
-21.927 24.545 45.023
-22.001 24.610 45.008
-22.075 24.676 44.993
-22.149 24.741 44.978
-22.223 24.807 44.962
-22.297 24.872 44.947
-22.371 24.938 44.932
-22.445 25.003 44.917
-22.519 25.069 44.902
-22.593 25.134 44.886
-22.667 25.200 44.871
-22.741 25.265 44.856
-22.815 25.331 44.841
-22.889 25.396 44.825
-22.963 25.462 44.810
-23.037 25.527 44.795
-23.111 25.593 44.780
-23.185 25.658 44.765
-23.259 25.724 44.749
-23.333 25.789 44.734
-23.407 25.855 44.719
-23.481 25.920 44.704
-23.555 25.986 44.688
-23.629 26.051 44.673
-23.703 26.117 44.658
-23.777 26.182 44.643
-23.851 26.248 44.627
-23.925 26.313 44.612
-23.999 26.379 44.597
-24.073 26.445 44.582
-24.147 26.510 44.566
-24.221 26.576 44.551
-24.295 26.641 44.536
-24.369 26.707 44.521
-24.443 26.772 44.505
-24.517 26.838 44.490
-24.591 26.903 44.475
-24.665 26.969 44.460
-24.739 27.034 44.444
-24.813 27.100 44.429
-24.887 27.165 44.414
-24.961 27.231 44.399
-25.035 27.296 44.384
-25.109 27.362 44.368
-25.183 27.427 44.353
-25.257 27.493 44.338
-25.331 27.558 44.323
-25.405 27.624 44.308
-25.479 27.690 44.292
-25.553 27.755 44.277
-25.627 27.821 44.262
-25.701 27.886 44.247
-25.775 27.952 44.231
-25.849 28.017 44.216
-25.923 28.083 44.201
-25.997 28.148 44.186
-26.071 28.214 44.171
-26.145 28.279 44.155
-26.219 28.345 44.140
-26.293 28.411 44.125
-26.367 28.476 44.110
-26.441 28.542 44.094
-26.515 28.607 44.079
-26.589 28.673 44.064
-26.663 28.738 44.049
-26.736 28.804 44.034
-26.810 28.869 44.018
-26.884 28.935 44.003
-26.958 29.000 43.988
-27.032 29.066 43.973
-27.106 29.132 43.957
-27.180 29.197 43.942
-27.254 29.263 43.927
-27.328 29.328 43.912
-27.402 29.394 43.897
-27.476 29.459 43.881
-27.550 29.525 43.866
-27.624 29.591 43.851
-27.698 29.656 43.836
-27.772 29.722 43.821
-27.845 29.788 43.806
-27.919 29.854 43.791
-27.993 29.920 43.775
-28.066 29.986 43.760
-28.140 30.051 43.745
-28.214 30.117 43.730
-28.287 30.183 43.715
-28.361 30.249 43.700
-28.435 30.315 43.685
-28.508 30.381 43.670
-28.582 30.447 43.655
-28.656 30.513 43.640
-28.729 30.579 43.625
-28.803 30.645 43.610
-28.877 30.711 43.595
-28.950 30.777 43.580
-29.024 30.843 43.565
-29.098 30.909 43.550
-29.171 30.975 43.534
-29.245 31.041 43.519
-29.318 31.107 43.504
-29.392 31.173 43.489
-29.466 31.238 43.474
-29.539 31.304 43.459
-29.613 31.370 43.444
-29.687 31.436 43.429
-29.760 31.502 43.414
-29.834 31.568 43.399
-29.908 31.634 43.384
-29.981 31.700 43.369
-30.055 31.766 43.354
-30.129 31.832 43.339
-30.202 31.898 43.324
-30.276 31.964 43.309
-30.350 32.030 43.294
-30.423 32.096 43.279
-30.497 32.162 43.264
-30.571 32.228 43.249
-30.644 32.294 43.233
-30.718 32.360 43.218
-30.791 32.426 43.203
-30.865 32.492 43.188
-30.939 32.557 43.173
-31.012 32.623 43.158
-31.086 32.689 43.143
-31.160 32.755 43.128
-31.233 32.821 43.112
-31.307 32.887 43.097
-31.380 32.953 43.082
-31.454 33.019 43.067
-31.528 33.085 43.052
-31.601 33.151 43.037
-31.675 33.217 43.022
-31.748 33.283 43.006
-31.822 33.349 42.991
-31.896 33.415 42.976
-31.969 33.481 42.961
-32.043 33.547 42.946
-32.117 33.613 42.931
-32.190 33.679 42.916
-32.264 33.745 42.900
-32.337 33.811 42.885
-32.411 33.877 42.870
-32.485 33.943 42.855
-32.558 34.009 42.840
-32.632 34.075 42.825
-32.706 34.141 42.810
-32.779 34.207 42.796
-32.853 34.273 42.781
-32.926 34.339 42.766
-33.000 34.405 42.751
-33.074 34.471 42.736
-33.147 34.537 42.721
-33.221 34.603 42.706
-33.295 34.669 42.691
-33.368 34.735 42.676
-33.442 34.801 42.661
-33.516 34.867 42.646
-33.589 34.933 42.631
-33.663 34.999 42.616
-33.736 35.064 42.601
-33.810 35.130 42.586
-33.884 35.196 42.571
-33.957 35.262 42.556
-34.031 35.328 42.542
-34.105 35.394 42.527
-34.178 35.460 42.512
-34.252 35.526 42.497
-34.325 35.592 42.482
-34.399 35.658 42.467
-34.473 35.724 42.452
-34.546 35.790 42.437
-34.620 35.856 42.422
-34.694 35.922 42.407
-34.767 35.988 42.392
-34.841 36.054 42.377
-34.915 36.120 42.362
-34.988 36.186 42.347
-35.062 36.252 42.332
-35.135 36.318 42.317
-35.209 36.384 42.302
-35.283 36.449 42.287
-35.357 36.515 42.272
-35.432 36.580 42.257
-35.506 36.645 42.242
-35.580 36.710 42.226
-35.655 36.775 42.211
-35.729 36.841 42.196
-35.804 36.906 42.181
-35.878 36.971 42.165
-35.952 37.036 42.150
-36.027 37.101 42.135
-36.101 37.166 42.120
-36.175 37.231 42.104
-36.250 37.296 42.089
-36.324 37.361 42.074
-36.399 37.426 42.059
-36.473 37.491 42.043
-36.547 37.556 42.028
-36.622 37.621 42.013
-36.696 37.686 41.998
-36.771 37.751 41.982
-36.845 37.816 41.967
-36.919 37.882 41.952
-36.994 37.947 41.937
-37.068 38.012 41.921
-37.143 38.077 41.906
-37.217 38.142 41.891
-37.291 38.207 41.876
-37.366 38.272 41.860
-37.440 38.337 41.845
-37.515 38.402 41.830
-37.589 38.467 41.815
-37.663 38.532 41.799
-37.738 38.597 41.784
-37.812 38.662 41.769
-37.887 38.727 41.754
-37.961 38.792 41.738
-38.035 38.857 41.723
-38.110 38.922 41.708
-38.184 38.987 41.693
-38.259 39.052 41.677
-38.333 39.117 41.662
-38.407 39.183 41.647
-38.482 39.248 41.632
-38.556 39.313 41.616
-38.631 39.378 41.601
-38.705 39.443 41.586
-38.780 39.508 41.571
-38.854 39.573 41.555
-38.928 39.638 41.540
-39.003 39.703 41.525
-39.077 39.768 41.509
-39.152 39.833 41.494
-39.226 39.898 41.479
-39.300 39.963 41.464
-39.375 40.028 41.448
-39.449 40.093 41.433
-39.524 40.158 41.418
-39.598 40.223 41.403
-39.672 40.288 41.387
-39.747 40.353 41.372
-39.821 40.418 41.357
-39.896 40.483 41.342
-39.970 40.548 41.326
-40.045 40.613 41.311
-40.119 40.678 41.296
-40.194 40.743 41.281
-40.268 40.808 41.265
-40.342 40.873 41.250
-40.417 40.938 41.235
-40.491 41.003 41.220
-40.566 41.068 41.205
-40.640 41.133 41.189
-40.715 41.198 41.174
-40.789 41.263 41.159
-40.864 41.328 41.144
-40.938 41.393 41.128
-41.013 41.458 41.113
-41.087 41.523 41.098
-41.162 41.588 41.083
-41.236 41.653 41.068
-41.311 41.718 41.052
-41.385 41.783 41.037
-41.459 41.848 41.022
-41.534 41.913 41.007
-41.608 41.978 40.991
-41.683 42.043 40.976
-41.757 42.108 40.961
-41.832 42.173 40.946
-41.906 42.238 40.931
-41.981 42.303 40.915
-42.055 42.368 40.900
-42.130 42.433 40.885
-42.204 42.498 40.870
-42.279 42.563 40.854
-42.353 42.628 40.839
-42.427 42.693 40.824
-42.502 42.758 40.809
-42.576 42.823 40.794
-42.651 42.888 40.778
-42.725 42.953 40.763
-42.800 43.018 40.748
-42.874 43.083 40.733
-42.949 43.148 40.717
-43.023 43.213 40.702
-43.098 43.278 40.687
-43.172 43.343 40.672
-43.247 43.407 40.656
-43.321 43.472 40.641
-43.396 43.537 40.626
-43.470 43.602 40.611
-43.545 43.667 40.595
-43.619 43.732 40.580
-43.694 43.797 40.565
-43.768 43.862 40.550
-43.843 43.927 40.535
-43.917 43.992 40.519
-43.992 44.057 40.504
-44.066 44.122 40.489
-44.141 44.187 40.474
-44.215 44.252 40.458
-44.290 44.317 40.443
-44.364 44.382 40.428
-44.438 44.447 40.413
-44.513 44.512 40.397
-44.587 44.577 40.382
-44.662 44.642 40.367
-44.736 44.707 40.352
-44.811 44.771 40.336
-44.885 44.836 40.321
-44.960 44.901 40.306
-45.034 44.966 40.291
-45.109 45.031 40.276
-45.183 45.096 40.260
-45.258 45.161 40.245
-45.332 45.226 40.230
-45.407 45.291 40.215
-45.481 45.356 40.199
-45.556 45.421 40.184
-45.630 45.486 40.169
-45.705 45.551 40.154
-45.779 45.616 40.138
-45.854 45.681 40.123
-45.928 45.746 40.108
-46.003 45.811 40.093
-46.077 45.876 40.077
-46.152 45.941 40.062
-46.226 46.006 40.047
-46.301 46.071 40.032
-46.375 46.136 40.017
-46.450 46.201 40.001
-46.524 46.265 39.986
-46.599 46.330 39.971
-46.673 46.395 39.956
-46.748 46.460 39.940
-46.822 46.525 39.925
-46.897 46.590 39.910
-46.971 46.655 39.895
-47.046 46.720 39.879
-47.120 46.785 39.864
-47.195 46.850 39.849
-47.269 46.915 39.834
-47.343 46.980 39.818
-47.418 47.045 39.803
-47.492 47.110 39.788
-47.567 47.175 39.773
-47.641 47.240 39.758
-47.716 47.305 39.742
-47.790 47.370 39.727
-47.865 47.435 39.712
-47.939 47.500 39.697
-48.014 47.565 39.681
-48.088 47.630 39.666
-48.163 47.695 39.651
-48.237 47.759 39.636
-48.312 47.824 39.620
-48.386 47.889 39.605
-48.461 47.954 39.590
-48.535 48.019 39.575
-48.610 48.084 39.559
-48.684 48.149 39.544
-48.759 48.214 39.529
-48.833 48.279 39.514
-48.908 48.344 39.498
-48.982 48.409 39.483
-49.057 48.474 39.468
-49.131 48.539 39.453
-49.205 48.604 39.437
-49.280 48.669 39.422
-49.354 48.734 39.407
-49.429 48.799 39.392
-49.503 48.864 39.376
-49.578 48.929 39.361
-49.652 48.994 39.346
-49.726 49.059 39.331
-49.801 49.124 39.315
-49.875 49.189 39.300
-49.950 49.254 39.285
-50.024 49.319 39.270
-50.098 49.385 39.254
-50.173 49.450 39.239
-50.247 49.515 39.224
-50.322 49.580 39.209
-50.396 49.645 39.193
-50.471 49.710 39.178
-50.545 49.775 39.163
-50.619 49.840 39.148
-50.694 49.905 39.132
-50.768 49.970 39.117
-50.843 50.035 39.102
-50.917 50.100 39.087
-50.991 50.165 39.071
-51.066 50.230 39.056
-51.140 50.295 39.041
-51.215 50.360 39.026
-51.289 50.425 39.010
-51.363 50.490 38.995
-51.438 50.555 38.980
-51.512 50.620 38.965
-51.587 50.685 38.949
-51.661 50.750 38.934
-51.736 50.815 38.919
-51.810 50.880 38.904
-51.884 50.945 38.888
-51.959 51.010 38.873
-52.033 51.075 38.858
-52.108 51.141 38.842
-52.182 51.206 38.827
-52.256 51.271 38.812
-52.331 51.336 38.797
-52.405 51.401 38.781
-52.479 51.466 38.766
-52.554 51.531 38.751
-52.628 51.596 38.735
-52.703 51.661 38.720
-52.777 51.726 38.705
-52.851 51.791 38.689
-52.926 51.856 38.674
-53.000 51.921 38.659
-53.075 51.986 38.643
-53.149 52.051 38.628
-53.223 52.116 38.613
-53.298 52.181 38.597
-53.372 52.247 38.582
-53.446 52.312 38.567
-53.521 52.377 38.552
-53.595 52.442 38.536
-53.670 52.507 38.521
-53.744 52.572 38.506
-53.818 52.637 38.491
-53.893 52.702 38.476
-53.967 52.767 38.460
-54.041 52.832 38.445
-54.116 52.897 38.430
-54.190 52.963 38.415
-54.265 53.028 38.400
-54.339 53.093 38.385
-54.413 53.158 38.370
-54.488 53.223 38.355
-54.562 53.288 38.340
-54.636 53.353 38.325
-54.711 53.418 38.310
-54.785 53.483 38.294
-54.860 53.549 38.279
-54.934 53.614 38.264
-55.008 53.679 38.249
-55.083 53.744 38.234
-55.157 53.809 38.219
-55.231 53.874 38.204
-55.306 53.939 38.189
-55.380 54.004 38.174
-55.455 54.070 38.159
-55.529 54.135 38.143
-55.603 54.200 38.128
-55.678 54.265 38.113
-55.752 54.330 38.098
-55.826 54.395 38.083
-55.901 54.460 38.068
-55.975 54.525 38.053
-56.050 54.590 38.038
-56.124 54.656 38.023
-56.198 54.721 38.008
-56.273 54.786 37.993
-56.347 54.851 37.977
-56.421 54.916 37.962
-56.496 54.981 37.947
-56.570 55.046 37.932
-56.644 55.111 37.917
-56.719 55.176 37.902
-56.793 55.240 37.886
-56.822 55.265 37.878
-56.855 55.292 37.870
-56.891 55.322 37.860
-56.932 55.355 37.850
-56.976 55.392 37.838
-57.024 55.432 37.825
-57.078 55.476 37.811
-57.137 55.524 37.795
-57.202 55.578 37.778
-57.273 55.637 37.759
-57.349 55.699 37.739
-57.425 55.761 37.719
-57.500 55.823 37.699
-57.576 55.886 37.678
-57.652 55.948 37.658
-57.727 56.010 37.638
-57.803 56.072 37.618
-57.879 56.135 37.598
-57.954 56.197 37.578
-58.030 56.259 37.558
-58.106 56.321 37.538
-58.181 56.384 37.517
-58.257 56.446 37.497
-58.332 56.508 37.477
-58.408 56.570 37.457
-58.484 56.632 37.437
-58.559 56.695 37.417
-58.635 56.757 37.397
-58.711 56.819 37.377
-58.786 56.881 37.357
-58.862 56.944 37.337
-58.938 57.006 37.316
-59.013 57.068 37.296
-59.089 57.130 37.276
-59.165 57.193 37.256
-59.240 57.255 37.236
-59.316 57.317 37.216
-59.392 57.379 37.196
-59.467 57.441 37.176
-59.543 57.504 37.156
-59.619 57.566 37.136
-59.694 57.628 37.116
-59.770 57.690 37.095
-59.846 57.753 37.075
-59.921 57.815 37.055
-59.997 57.877 37.035
-60.072 57.939 37.015
-60.148 58.002 36.995
-60.224 58.064 36.975
-60.299 58.126 36.955
-60.375 58.188 36.935
-60.451 58.250 36.915
-60.526 58.313 36.894
-60.602 58.375 36.874
-60.678 58.437 36.854
-60.753 58.499 36.834
-60.829 58.562 36.814
-60.905 58.624 36.794
-60.980 58.686 36.774
-61.056 58.748 36.754
-61.132 58.810 36.734
-61.207 58.873 36.714
-61.283 58.935 36.693
-61.359 58.997 36.673
-61.434 59.059 36.653
-61.510 59.121 36.633
-61.586 59.184 36.613
-61.661 59.246 36.593
-61.737 59.308 36.573
-61.813 59.370 36.553
-61.889 59.432 36.533
-61.964 59.494 36.513
-62.040 59.557 36.492
-62.116 59.619 36.472
-62.191 59.681 36.452
-62.267 59.743 36.432
-62.343 59.805 36.412
-62.419 59.867 36.392
-62.494 59.929 36.372
-62.570 59.992 36.352
-62.646 60.054 36.332
-62.721 60.116 36.312
-62.797 60.178 36.292
-62.873 60.240 36.271
-62.949 60.302 36.251
-63.024 60.365 36.231
-63.100 60.427 36.211
-63.176 60.489 36.191
-63.251 60.551 36.171
-63.327 60.613 36.151
-63.403 60.675 36.131
-63.479 60.738 36.111
-63.554 60.800 36.091
-63.630 60.862 36.070
-63.706 60.924 36.050
-63.781 60.986 36.030
-63.857 61.048 36.010
-63.933 61.111 35.990
-64.008 61.173 35.970
-64.084 61.235 35.950
-64.160 61.297 35.930
-64.236 61.359 35.910
-64.311 61.421 35.890
-64.387 61.484 35.869
-64.463 61.546 35.849
-64.538 61.608 35.829
-64.614 61.670 35.809
-64.690 61.732 35.789
-64.766 61.794 35.769
-64.841 61.857 35.749
-64.917 61.919 35.729
-64.993 61.981 35.709
-65.068 62.043 35.689
-65.144 62.105 35.669
-65.220 62.167 35.648
-65.295 62.230 35.628
-65.371 62.292 35.608
-65.447 62.354 35.588
-65.523 62.416 35.568
-65.598 62.478 35.548
-65.674 62.540 35.528
-65.750 62.603 35.508
-65.825 62.665 35.488
-65.901 62.727 35.468
-65.977 62.789 35.448
-66.052 62.851 35.427
-66.128 62.913 35.407
-66.204 62.976 35.387
-66.280 63.038 35.367
-66.355 63.100 35.347
-66.431 63.162 35.327
-66.507 63.224 35.307
-66.582 63.286 35.287
-66.658 63.349 35.267
-66.734 63.411 35.247
-66.809 63.473 35.227
-66.885 63.535 35.206
-66.961 63.597 35.186
-67.037 63.659 35.166
-67.112 63.722 35.146
-67.188 63.784 35.126
-67.264 63.846 35.106
-67.339 63.908 35.086
-67.415 63.970 35.066
-67.491 64.033 35.046
-67.566 64.095 35.026
-67.642 64.157 35.005
-67.718 64.219 34.985
-67.793 64.281 34.965
-67.869 64.344 34.945
-67.945 64.406 34.925
-68.020 64.468 34.905
-68.096 64.530 34.885
-68.172 64.593 34.865
-68.247 64.655 34.845
-68.323 64.717 34.824
-68.398 64.779 34.804
-68.474 64.842 34.784
-68.550 64.904 34.764
-68.625 64.966 34.744
-68.701 65.028 34.724
-68.777 65.091 34.704
-68.852 65.153 34.684
-68.928 65.215 34.663
-69.003 65.278 34.643
-69.079 65.340 34.623
-69.155 65.402 34.603
-69.230 65.464 34.583
-69.306 65.527 34.563
-69.381 65.589 34.543
-69.457 65.651 34.523
-69.533 65.713 34.502
-69.608 65.776 34.482
-69.684 65.838 34.462
-69.759 65.900 34.442
-69.835 65.963 34.422
-69.911 66.025 34.402
-69.986 66.087 34.382
-70.062 66.149 34.362
-70.138 66.212 34.342
-70.213 66.274 34.322
-70.289 66.336 34.302
-70.364 66.399 34.281
-70.440 66.461 34.261
-70.516 66.523 34.241
-70.591 66.585 34.221
-70.667 66.648 34.201
-70.742 66.710 34.181
-70.818 66.772 34.161
-70.894 66.835 34.141
-70.969 66.897 34.121
-71.045 66.959 34.101
-71.120 67.021 34.081
-71.196 67.084 34.060
-71.272 67.146 34.040
-71.347 67.208 34.020
-71.423 67.271 34.000
-71.499 67.333 33.980
-71.574 67.395 33.960
-71.650 67.457 33.940
-71.725 67.520 33.920
-71.801 67.582 33.900
-71.877 67.644 33.880
-71.952 67.706 33.859
-72.028 67.769 33.839
-72.103 67.831 33.819
-72.179 67.893 33.799
-72.255 67.956 33.779
-72.330 68.018 33.759
-72.406 68.080 33.739
-72.481 68.142 33.719
-72.509 68.165 33.711
-72.525 68.178 33.707
-72.537 68.188 33.704
-72.545 68.195 33.702
-72.552 68.201 33.700
-72.558 68.205 33.699
-72.563 68.209 33.697
-72.567 68.213 33.696
-72.571 68.216 33.695
-72.575 68.219 33.694
-72.578 68.221 33.694
-72.581 68.223 33.693
-72.584 68.226 33.692
-72.586 68.228 33.692
-72.588 68.229 33.691
-72.591 68.231 33.690
-72.593 68.233 33.690
-72.595 68.235 33.689
-72.597 68.236 33.689
-72.599 68.238 33.688
-72.601 68.239 33.688
-72.603 68.241 33.688
-72.605 68.242 33.687
-72.607 68.244 33.687
-72.609 68.245 33.686
-72.611 68.246 33.686
-72.612 68.248 33.685
-72.614 68.249 33.685
-72.616 68.251 33.685
-72.618 68.252 33.684
-72.621 68.254 33.684
-72.623 68.255 33.683
-72.625 68.257 33.683
-72.627 68.259 33.682
-72.630 68.261 33.682
-72.633 68.263 33.681
-72.636 68.265 33.681
-72.640 68.268 33.680
-72.644 68.271 33.679
-72.649 68.274 33.678
-72.653 68.277 33.677
-72.659 68.281 33.676
-72.665 68.285 33.675
-72.671 68.290 33.674
-72.679 68.295 33.672
-72.687 68.301 33.671
-72.696 68.307 33.669
-72.705 68.314 33.667
-72.716 68.321 33.665
-72.728 68.329 33.663
-72.741 68.338 33.661
-72.755 68.348 33.658
-72.771 68.359 33.655
-72.789 68.371 33.652
-72.808 68.384 33.649
-72.829 68.399 33.645
-72.852 68.415 33.640
-72.878 68.433 33.636
-72.906 68.452 33.631
-72.937 68.473 33.625
-72.971 68.497 33.619
-73.008 68.523 33.612
-73.049 68.551 33.604
-73.095 68.583 33.596
-73.145 68.617 33.587
-73.199 68.655 33.577
-73.260 68.697 33.566
-73.326 68.743 33.553
-73.399 68.793 33.540
-73.479 68.849 33.525
-73.561 68.905 33.510
-73.642 68.961 33.495
-73.724 69.017 33.480
-73.805 69.073 33.465
-73.886 69.130 33.451
-73.968 69.186 33.436
-74.049 69.242 33.421
-74.130 69.298 33.406
-74.212 69.354 33.391
-74.293 69.411 33.376
-74.374 69.467 33.361
-74.456 69.523 33.346
-74.537 69.579 33.331
-74.618 69.635 33.316
-74.700 69.692 33.301
-74.781 69.748 33.286
-74.862 69.804 33.271
-74.944 69.860 33.257
-75.025 69.917 33.242
-75.106 69.973 33.227
-75.188 70.029 33.212
-75.269 70.085 33.197
-75.351 70.141 33.182
-75.432 70.198 33.167
-75.513 70.254 33.152
-75.595 70.310 33.137
-75.676 70.366 33.122
-75.757 70.422 33.107
-75.839 70.479 33.092
-75.920 70.535 33.077
-76.001 70.591 33.062
-76.083 70.647 33.047
-76.164 70.703 33.033
-76.245 70.759 33.018
-76.327 70.816 33.003
-76.408 70.872 32.988
-76.489 70.928 32.973
-76.571 70.984 32.958
-76.652 71.040 32.943
-76.734 71.097 32.928
-76.815 71.153 32.913
-76.896 71.209 32.898
-76.978 71.265 32.883
-77.059 71.321 32.868
-77.140 71.378 32.853
-77.222 71.434 32.838
-77.303 71.490 32.823
-77.384 71.546 32.808
-77.466 71.602 32.794
-77.547 71.659 32.779
-77.628 71.715 32.764
-77.710 71.771 32.749
-77.791 71.827 32.734
-77.873 71.883 32.719
-77.954 71.940 32.704
-78.035 71.996 32.689
-78.117 72.052 32.674
-78.198 72.108 32.659
-78.279 72.164 32.644
-78.361 72.220 32.629
-78.442 72.277 32.614
-78.523 72.333 32.599
-78.605 72.389 32.584
-78.686 72.445 32.569
-78.768 72.501 32.555
-78.849 72.558 32.540
-78.930 72.614 32.525
-79.012 72.670 32.510
-79.093 72.726 32.495
-79.174 72.782 32.480
-79.256 72.839 32.465
-79.337 72.895 32.450
-79.418 72.951 32.435
-79.499 73.008 32.420
-79.581 73.064 32.405
-79.662 73.120 32.391
-79.743 73.177 32.376
-79.825 73.233 32.361
-79.906 73.289 32.346
-79.987 73.346 32.331
-80.068 73.402 32.316
-80.150 73.458 32.301
-80.231 73.515 32.287
-80.312 73.571 32.272
-80.393 73.627 32.257
-80.475 73.684 32.242
-80.556 73.740 32.227
-80.637 73.796 32.212
-80.719 73.853 32.197
-80.800 73.909 32.183
-80.881 73.965 32.168
-80.962 74.022 32.153
-81.044 74.078 32.138
-81.125 74.134 32.123
-81.206 74.191 32.108
-81.287 74.247 32.093
-81.369 74.303 32.079
-81.450 74.360 32.064
-81.531 74.416 32.049
-81.612 74.472 32.034
-81.694 74.529 32.019
-81.775 74.585 32.004
-81.856 74.642 31.989
-81.938 74.698 31.975
-82.019 74.754 31.960
-82.100 74.811 31.945
-82.181 74.867 31.930
-82.263 74.923 31.915
-82.344 74.980 31.900
-82.425 75.036 31.885
-82.506 75.092 31.871
-82.588 75.148 31.856
-82.669 75.205 31.841
-82.750 75.261 31.826
-82.832 75.317 31.811
-82.913 75.373 31.796
-82.994 75.430 31.781
-83.076 75.486 31.766
-83.157 75.542 31.751
-83.238 75.598 31.736
-83.320 75.655 31.721
-83.401 75.711 31.706
-83.482 75.767 31.691
-83.564 75.823 31.676
-83.645 75.879 31.661
-83.726 75.936 31.646
-83.808 75.992 31.631
-83.889 76.048 31.616
-83.970 76.104 31.601
-84.052 76.161 31.586
-84.133 76.217 31.571
-84.214 76.273 31.556
-84.296 76.329 31.541
-84.377 76.385 31.526
-84.458 76.442 31.511
-84.540 76.498 31.496
-84.621 76.554 31.481
-84.702 76.610 31.466
-84.784 76.666 31.451
-84.865 76.723 31.436
-84.946 76.779 31.421
-85.028 76.835 31.406
-85.109 76.891 31.391
-85.190 76.947 31.376
-85.272 77.004 31.361
-85.353 77.060 31.346
-85.434 77.116 31.331
-85.516 77.172 31.316
-85.597 77.228 31.301
-85.678 77.285 31.286
-85.760 77.341 31.271
-85.841 77.397 31.256
-85.922 77.453 31.241
-86.004 77.509 31.226
-86.085 77.566 31.211
-86.166 77.622 31.196
-86.248 77.678 31.181
-86.329 77.734 31.166
-86.410 77.790 31.151
-86.492 77.847 31.136
-86.573 77.903 31.121
-86.654 77.959 31.106
-86.736 78.015 31.091
-86.817 78.072 31.076
-86.898 78.128 31.061
-86.980 78.184 31.046
-87.061 78.240 31.031
-87.142 78.296 31.016
-87.224 78.353 31.001
-87.305 78.409 30.986
-87.386 78.465 30.971
-87.468 78.521 30.956
-87.549 78.577 30.941
-87.630 78.634 30.926
-87.712 78.690 30.911
-87.793 78.746 30.896
-87.874 78.802 30.881
-87.956 78.858 30.866
-88.037 78.915 30.851
-88.118 78.971 30.836
-88.200 79.027 30.821
-88.281 79.083 30.806
-88.363 79.139 30.791
-88.444 79.196 30.777
-88.525 79.252 30.762
-88.607 79.308 30.747
-88.688 79.364 30.732
-88.769 79.421 30.717
-88.851 79.477 30.702
-88.932 79.533 30.687
-89.013 79.589 30.672
-89.095 79.645 30.657
-89.176 79.702 30.642
-89.257 79.758 30.627
-89.338 79.814 30.612
-89.420 79.870 30.596
-89.501 79.927 30.581
-89.582 79.983 30.566
-89.663 80.039 30.551
-89.745 80.096 30.536
-89.826 80.152 30.521
-89.907 80.208 30.505
-89.988 80.265 30.490
-90.069 80.321 30.475
-90.151 80.378 30.460
-90.232 80.434 30.445
-90.313 80.490 30.429
-90.394 80.547 30.414
-90.475 80.603 30.399
-90.556 80.659 30.384
-90.638 80.716 30.368
-90.719 80.772 30.353
-90.800 80.828 30.338
-90.881 80.885 30.323
-90.962 80.941 30.308
-91.044 80.998 30.292
-91.125 81.054 30.277
-91.206 81.110 30.262
-91.287 81.167 30.247
-91.368 81.223 30.232
-91.449 81.279 30.216
-91.531 81.336 30.201
-91.612 81.392 30.186
-91.693 81.449 30.171
-91.774 81.505 30.156
-91.855 81.561 30.141
-91.937 81.618 30.125
-92.018 81.674 30.110
-92.099 81.730 30.095
-92.180 81.787 30.080
-92.261 81.843 30.065
-92.343 81.899 30.049
-92.424 81.956 30.034
-92.505 82.012 30.019
-92.586 82.069 30.004
-92.667 82.125 29.989
-92.749 82.181 29.974
-92.830 82.238 29.958
-92.911 82.294 29.943
-92.992 82.350 29.928
-93.073 82.407 29.913
-93.155 82.463 29.898
-93.236 82.519 29.882
-93.317 82.576 29.867
-93.398 82.632 29.852
-93.479 82.689 29.837
-93.560 82.745 29.821
-93.642 82.801 29.806
-93.723 82.858 29.791
-93.804 82.914 29.776
-93.885 82.970 29.761
-93.966 83.027 29.745
-94.048 83.083 29.730
-94.129 83.139 29.715
-94.210 83.196 29.700
-94.291 83.252 29.685
-94.372 83.308 29.669
-94.454 83.365 29.654
-94.535 83.421 29.639
-94.616 83.477 29.624
-94.697 83.534 29.609
-94.779 83.590 29.593
-94.860 83.646 29.578
-94.941 83.703 29.563
-95.022 83.759 29.548
-95.103 83.815 29.533
-95.185 83.872 29.517
-95.266 83.928 29.502
-95.347 83.984 29.487
-95.428 84.041 29.472
-95.510 84.097 29.457
-95.591 84.153 29.441
-95.672 84.210 29.426
-95.753 84.266 29.411
-95.834 84.322 29.396
-95.916 84.378 29.381
-95.997 84.435 29.365
-96.078 84.491 29.350
-96.159 84.547 29.335
-96.241 84.604 29.320
-96.322 84.660 29.305
-96.403 84.716 29.289
-96.484 84.773 29.274
-96.565 84.829 29.259
-96.647 84.885 29.244
-96.728 84.942 29.229
-96.809 84.998 29.213
-96.890 85.054 29.198
-96.971 85.111 29.183
-97.053 85.167 29.168
-97.134 85.223 29.153
-97.215 85.280 29.137
-97.296 85.336 29.122
-97.377 85.392 29.107
-97.459 85.449 29.092
-97.540 85.505 29.077
-97.621 85.561 29.061
-97.702 85.618 29.046
-97.784 85.674 29.031
-97.865 85.730 29.016
-97.946 85.787 29.001
-98.027 85.843 28.985
-98.108 85.899 28.970
-98.190 85.956 28.955
-98.271 86.012 28.940
-98.352 86.068 28.925
-98.433 86.125 28.910
-98.514 86.181 28.894
-98.596 86.238 28.879
-98.677 86.294 28.864
-98.758 86.350 28.849
-98.839 86.407 28.834
-98.920 86.463 28.818
-99.002 86.519 28.803
-99.083 86.576 28.788
-99.164 86.632 28.773
-99.245 86.688 28.758
-99.326 86.745 28.742
-99.408 86.801 28.727
-99.489 86.857 28.712
-99.570 86.914 28.697
-99.651 86.970 28.682
-99.732 87.026 28.666
-99.814 87.083 28.651
-99.895 87.139 28.636
-99.976 87.195 28.621
-100.057 87.252 28.605
-100.138 87.308 28.590
-100.220 87.364 28.575
-100.301 87.421 28.560
-100.382 87.477 28.544
-100.463 87.533 28.529
-100.544 87.590 28.514
-100.626 87.646 28.499
-100.707 87.702 28.483
-100.788 87.759 28.468
-100.869 87.815 28.453
-100.950 87.871 28.437
-101.032 87.928 28.422
-101.113 87.984 28.407
-101.194 88.040 28.392
-101.275 88.097 28.377
-101.356 88.153 28.361
-101.438 88.209 28.346
-101.519 88.266 28.331
-101.600 88.322 28.316
-101.681 88.378 28.301
-101.763 88.435 28.286
-101.844 88.491 28.271
-101.925 88.547 28.256
-102.006 88.603 28.241
-102.088 88.660 28.226
-102.169 88.716 28.210
-102.250 88.772 28.195
-102.332 88.829 28.180
-102.413 88.885 28.165
-102.494 88.941 28.150
-102.575 88.997 28.135
-102.657 89.054 28.120
-102.738 89.110 28.105
-102.819 89.166 28.090
-102.901 89.222 28.075
-102.982 89.279 28.060
-103.063 89.335 28.045
-103.144 89.391 28.030
-103.226 89.448 28.015
-103.307 89.504 28.000
-103.388 89.560 27.985
-103.469 89.616 27.970
-103.551 89.673 27.955
-103.632 89.729 27.939
-103.713 89.785 27.924
-103.795 89.842 27.909
-103.876 89.898 27.894
-103.957 89.954 27.879
-104.038 90.010 27.864
-104.120 90.067 27.849
-104.201 90.123 27.834
-104.282 90.179 27.819
-104.364 90.235 27.804
-104.445 90.292 27.789
-104.526 90.348 27.774
-104.607 90.404 27.759
-104.689 90.460 27.744
-104.770 90.517 27.729
-104.851 90.573 27.714
-104.933 90.629 27.699
-105.014 90.685 27.683
-105.095 90.742 27.668
-105.176 90.798 27.653
-105.258 90.854 27.638
-105.339 90.910 27.623
-105.420 90.967 27.608
-105.502 91.023 27.593
-105.583 91.079 27.578
-105.664 91.135 27.563
-105.745 91.192 27.548
-105.827 91.248 27.533
-105.908 91.304 27.518
-105.989 91.360 27.503
-106.071 91.417 27.488
-106.152 91.473 27.473
-106.233 91.529 27.457
-106.315 91.585 27.442
-106.396 91.642 27.427
-106.477 91.698 27.412
-106.558 91.754 27.397
-106.640 91.811 27.382
-106.721 91.867 27.367
-106.802 91.923 27.352
-106.884 91.979 27.337
-106.965 92.036 27.322
-107.046 92.092 27.307
-107.127 92.148 27.292
-107.209 92.204 27.276
-107.290 92.261 27.261
-107.371 92.317 27.246
-107.452 92.373 27.231
-107.534 92.429 27.216
-107.615 92.486 27.201
-107.696 92.542 27.186
-107.778 92.598 27.171
-107.859 92.655 27.156
-107.940 92.711 27.141
-108.021 92.767 27.126
-108.103 92.823 27.111
-108.184 92.880 27.095
-108.265 92.936 27.080
-108.346 92.992 27.065
-108.428 93.049 27.050
-108.509 93.105 27.035
-108.590 93.161 27.020
-108.671 93.218 27.005
-108.753 93.274 26.990
-108.834 93.330 26.975
-108.915 93.387 26.960
-108.996 93.443 26.945
-109.078 93.499 26.930
-109.159 93.556 26.915
-109.240 93.612 26.900
-109.321 93.668 26.885
-109.403 93.725 26.870
-109.484 93.781 26.855
-109.565 93.837 26.840
-109.646 93.894 26.825
-109.728 93.950 26.810
-109.809 94.006 26.795
-109.890 94.063 26.780
-109.971 94.119 26.765
-110.053 94.175 26.750
-110.134 94.232 26.735
-110.215 94.288 26.720
-110.296 94.344 26.705
-110.378 94.401 26.690
-110.459 94.457 26.675
-110.540 94.513 26.660
-110.621 94.570 26.645
-110.703 94.626 26.630
-110.784 94.682 26.615
-110.865 94.739 26.600
-110.946 94.795 26.585
-111.028 94.851 26.570
-111.109 94.908 26.555
-111.190 94.964 26.540
-111.271 95.020 26.525
-111.353 95.076 26.510
-111.434 95.132 26.495
-111.516 95.188 26.479
-111.597 95.244 26.464
-111.679 95.300 26.449
-111.760 95.355 26.434
-111.842 95.411 26.418
-111.924 95.467 26.403
-112.005 95.523 26.388
-112.087 95.578 26.373
-112.169 95.634 26.357
-112.250 95.690 26.342
-112.332 95.746 26.327
-112.413 95.801 26.312
-112.495 95.857 26.296
-112.577 95.913 26.281
-112.658 95.969 26.266
-112.740 96.024 26.250
-112.821 96.080 26.235
-112.903 96.136 26.220
-112.985 96.191 26.205
-113.066 96.247 26.189
-113.148 96.303 26.174
-113.230 96.359 26.159
-113.311 96.414 26.144
-113.393 96.470 26.128
-113.474 96.526 26.113
-113.556 96.582 26.098
-113.638 96.637 26.083
-113.719 96.693 26.067
-113.801 96.749 26.052
-113.882 96.805 26.037
-113.964 96.860 26.022
-114.046 96.916 26.006
-114.127 96.972 25.991
-114.209 97.028 25.976
-114.290 97.083 25.961
-114.372 97.139 25.945
-114.454 97.195 25.930
-114.535 97.250 25.915
-114.617 97.306 25.899
-114.698 97.362 25.884
-114.780 97.418 25.869
-114.862 97.473 25.854
-114.943 97.529 25.838
-115.025 97.585 25.823
-115.107 97.641 25.808
-115.188 97.696 25.793
-115.270 97.752 25.777
-115.351 97.808 25.762
-115.433 97.864 25.747
-115.515 97.919 25.732
-115.596 97.975 25.716
-115.678 98.031 25.701
-115.759 98.087 25.686
-115.841 98.142 25.671
-115.923 98.198 25.655
-116.004 98.254 25.640
-116.086 98.310 25.625
-116.167 98.365 25.610
-116.249 98.421 25.594
-116.331 98.477 25.579
-116.412 98.533 25.564
-116.494 98.588 25.549
-116.575 98.644 25.533
-116.657 98.700 25.518
-116.739 98.756 25.503
-116.820 98.811 25.488
-116.902 98.867 25.472
-116.983 98.923 25.457
-117.065 98.978 25.442
-117.147 99.034 25.426
-117.228 99.090 25.411
-117.310 99.146 25.396
-117.391 99.201 25.381
-117.473 99.257 25.365
-117.555 99.313 25.350
-117.636 99.369 25.335
-117.718 99.424 25.320
-117.799 99.480 25.304
-117.881 99.536 25.289
-117.963 99.592 25.274
-118.044 99.647 25.259
-118.126 99.703 25.243
-118.207 99.759 25.228
-118.289 99.815 25.213
-118.370 99.871 25.199
-118.451 99.928 25.185
-118.532 99.985 25.171
-118.613 100.042 25.158
-118.694 100.100 25.144
-118.775 100.157 25.130
-118.856 100.214 25.117
-118.937 100.271 25.103
-119.018 100.328 25.089
-119.099 100.385 25.076
-119.180 100.442 25.062
-119.261 100.499 25.048
-119.342 100.556 25.035
-119.423 100.613 25.021
-119.504 100.670 25.008
-119.585 100.727 24.994
-119.666 100.784 24.980
-119.747 100.841 24.967
-119.828 100.898 24.953
-119.909 100.955 24.939
-119.990 101.013 24.926
-120.071 101.070 24.912
-120.152 101.127 24.899
-120.233 101.184 24.885
-120.314 101.241 24.871
-120.395 101.298 24.858
-120.476 101.355 24.844
-120.557 101.412 24.830
-120.638 101.469 24.817
-120.719 101.526 24.803
-120.800 101.583 24.790
-120.881 101.640 24.776
-120.962 101.697 24.762
-121.043 101.754 24.749
-121.124 101.811 24.735
-121.205 101.869 24.721
-121.286 101.926 24.708
-121.367 101.983 24.694
-121.448 102.040 24.680
-121.529 102.097 24.667
-121.610 102.154 24.653
-121.691 102.211 24.640
-121.772 102.268 24.626
-121.853 102.325 24.612
-121.934 102.382 24.599
-122.015 102.439 24.585
-122.096 102.496 24.571
-122.177 102.553 24.557
-122.258 102.610 24.544
-122.339 102.667 24.530
-122.420 102.724 24.516
-122.501 102.781 24.503
-122.582 102.838 24.489
-122.663 102.895 24.475
-122.744 102.952 24.462
-122.825 103.009 24.448
-122.906 103.066 24.434
-122.987 103.123 24.421
-123.068 103.180 24.407
-123.149 103.237 24.393
-123.230 103.294 24.380
-123.311 103.351 24.366
-123.392 103.408 24.352
-123.473 103.465 24.339
-123.554 103.522 24.325
-123.635 103.579 24.311
-123.716 103.636 24.298
-123.797 103.693 24.284
-123.878 103.750 24.270
-123.959 103.807 24.257
-124.040 103.864 24.243
-124.121 103.921 24.229
-124.202 103.978 24.216
-124.283 104.035 24.202
-124.364 104.092 24.188
-124.445 104.149 24.175
-124.526 104.206 24.161
-124.607 104.263 24.147
-124.688 104.320 24.134
-124.769 104.377 24.120
-124.850 104.434 24.106
-124.931 104.491 24.093
-125.012 104.548 24.079
-125.093 104.605 24.065
-125.174 104.662 24.052
-125.255 104.719 24.038
-125.336 104.776 24.024
-125.417 104.833 24.011
-125.498 104.890 23.997
-125.579 104.947 23.983
-125.660 105.004 23.970
-125.741 105.061 23.956
-125.822 105.118 23.942
-125.903 105.175 23.929
-125.984 105.232 23.915
-126.065 105.289 23.901
-126.146 105.346 23.888
-126.227 105.403 23.874
-126.308 105.460 23.861
-126.389 105.517 23.847
-126.470 105.574 23.833
-126.551 105.631 23.820
-126.632 105.688 23.806
-126.713 105.745 23.792
-126.794 105.803 23.779
-126.875 105.860 23.765
-126.956 105.917 23.751
-127.037 105.974 23.738
-127.118 106.031 23.724
-127.199 106.088 23.710
-127.280 106.145 23.697
-127.361 106.202 23.683
-127.442 106.259 23.669
-127.523 106.316 23.656
-127.604 106.373 23.642
-127.685 106.430 23.628
-127.766 106.487 23.615
-127.847 106.544 23.601
-127.928 106.601 23.587
-128.009 106.658 23.574
-128.090 106.715 23.560
-128.171 106.772 23.546
-128.252 106.829 23.533
-128.333 106.886 23.519
-128.412 106.943 23.504
-128.469 106.985 23.492
-128.531 107.031 23.479
-128.600 107.081 23.464
-128.675 107.137 23.447
-128.754 107.196 23.430
-128.833 107.254 23.412
-128.913 107.313 23.395
-128.992 107.371 23.378
-129.071 107.430 23.360
-129.150 107.488 23.343
-129.229 107.547 23.325
-129.308 107.606 23.308
-129.388 107.664 23.291
-129.467 107.723 23.273
-129.546 107.781 23.256
-129.625 107.840 23.238
-129.704 107.898 23.221
-129.783 107.957 23.204
-129.863 108.015 23.186
-129.942 108.074 23.169
-130.021 108.133 23.151
-130.100 108.191 23.134
-130.179 108.250 23.117
-130.259 108.308 23.099
-130.338 108.367 23.082
-130.417 108.425 23.064
-130.496 108.484 23.047
-130.575 108.542 23.030
-130.654 108.601 23.012
-130.734 108.660 22.995
-130.813 108.718 22.978
-130.892 108.777 22.960
-130.971 108.835 22.943
-131.050 108.894 22.925
-131.130 108.952 22.908
-131.209 109.011 22.891
-131.288 109.069 22.873
-131.367 109.128 22.856
-131.446 109.186 22.839
-131.525 109.245 22.821
-131.605 109.304 22.804
-131.684 109.362 22.786
-131.763 109.421 22.769
-131.842 109.479 22.752
-131.921 109.538 22.734
-132.001 109.596 22.717
-132.080 109.655 22.700
-132.159 109.713 22.682
-132.238 109.772 22.665
-132.317 109.830 22.647
-132.397 109.889 22.630
-132.476 109.947 22.613
-132.555 110.006 22.595
-132.634 110.065 22.578
-132.713 110.123 22.560
-132.792 110.182 22.543
-132.872 110.240 22.526
-132.951 110.299 22.508
-133.030 110.357 22.491
-133.109 110.416 22.473
-133.188 110.474 22.456
-133.268 110.533 22.439
-133.347 110.591 22.421
-133.426 110.650 22.404
-133.505 110.708 22.387
-133.584 110.767 22.369
-133.664 110.825 22.352
-133.743 110.884 22.334
-133.822 110.942 22.317
-133.901 111.001 22.300
-133.981 111.059 22.282
-134.060 111.118 22.265
-134.139 111.176 22.247
-134.218 111.235 22.230
-134.297 111.293 22.213
-134.377 111.352 22.195
-134.456 111.410 22.178
-134.535 111.469 22.161
-134.614 111.527 22.143
-134.693 111.586 22.126
-134.773 111.644 22.108
-134.852 111.703 22.091
-134.931 111.761 22.074
-135.010 111.820 22.056
-135.089 111.879 22.039
-135.169 111.937 22.021
-135.248 111.996 22.004
-135.327 112.054 21.987
-135.406 112.113 21.969
-135.485 112.171 21.952
-135.565 112.230 21.935
-135.644 112.288 21.917
-135.723 112.347 21.900
-135.802 112.405 21.882
-135.881 112.464 21.865
-135.961 112.522 21.848
-136.040 112.581 21.830
-136.119 112.639 21.813
-136.198 112.698 21.795
-136.277 112.757 21.778
-136.356 112.815 21.761
-136.436 112.874 21.743
-136.515 112.932 21.726
-136.594 112.991 21.708
-136.673 113.049 21.691
-136.752 113.108 21.674
-136.832 113.166 21.656
-136.911 113.225 21.639
-136.990 113.283 21.622
-137.069 113.342 21.604
-137.148 113.401 21.587
-137.227 113.459 21.569
-137.307 113.518 21.552
-137.386 113.576 21.535
-137.465 113.635 21.517
-137.544 113.693 21.500
-137.623 113.752 21.483
-137.703 113.810 21.465
-137.782 113.869 21.448
-137.861 113.928 21.431
-137.940 113.986 21.413
-138.019 114.045 21.396
-138.098 114.103 21.378
-138.178 114.162 21.361
-138.257 114.220 21.344
-138.336 114.279 21.326
-138.415 114.338 21.309
-138.494 114.396 21.291
-138.573 114.455 21.274
-138.653 114.513 21.257
-138.732 114.572 21.239
-138.811 114.630 21.222
-138.890 114.689 21.204
-138.969 114.747 21.187
-139.048 114.806 21.170
-139.128 114.865 21.152
-139.207 114.923 21.135
-139.286 114.982 21.117
-139.365 115.040 21.100
-139.444 115.099 21.083
-139.523 115.157 21.065
-139.603 115.216 21.048
-139.682 115.274 21.030
-139.761 115.333 21.013
-139.840 115.392 20.996
-139.919 115.450 20.979
-139.998 115.509 20.961
-140.077 115.567 20.945
-140.157 115.626 20.928
-140.236 115.685 20.912
-140.315 115.744 20.896
-140.394 115.803 20.880
-140.474 115.862 20.864
-140.553 115.921 20.848
-140.632 115.980 20.832
-140.711 116.039 20.816
-140.790 116.098 20.800
-140.870 116.157 20.784
-140.949 116.216 20.768
-141.028 116.274 20.752
-141.107 116.333 20.736
-141.186 116.392 20.720
-141.266 116.451 20.704
-141.345 116.510 20.688
-141.424 116.569 20.672
-141.503 116.628 20.656
-141.582 116.687 20.640
-141.662 116.746 20.624
-141.741 116.805 20.608
-141.820 116.864 20.592
-141.899 116.923 20.576
-141.978 116.982 20.560
-142.058 117.040 20.544
-142.137 117.099 20.529
-142.216 117.158 20.513
-142.295 117.217 20.497
-142.374 117.276 20.481
-142.454 117.335 20.465
-142.533 117.394 20.449
-142.612 117.453 20.433
-142.691 117.512 20.417
-142.771 117.571 20.401
-142.850 117.630 20.385
-142.929 117.688 20.369
-143.008 117.747 20.353
-143.087 117.806 20.337
-143.167 117.865 20.321
-143.246 117.924 20.305
-143.325 117.983 20.289
-143.404 118.042 20.273
-143.484 118.101 20.257
-143.563 118.160 20.241
-143.642 118.218 20.225
-143.721 118.277 20.209
-143.800 118.336 20.193
-143.880 118.395 20.177
-143.959 118.454 20.161
-144.038 118.513 20.145
-144.117 118.572 20.129
-144.197 118.630 20.113
-144.276 118.689 20.096
-144.355 118.748 20.080
-144.434 118.807 20.064
-144.514 118.866 20.048
-144.593 118.925 20.032
-144.672 118.984 20.016
-144.751 119.042 20.000
-144.831 119.101 19.984
-144.910 119.160 19.968
-144.989 119.219 19.952
-145.068 119.278 19.936
-145.147 119.337 19.920
-145.227 119.396 19.904
-145.306 119.454 19.888
-145.385 119.513 19.872
-145.464 119.572 19.856
-145.544 119.631 19.840
-145.623 119.690 19.824
-145.702 119.749 19.808
-145.781 119.808 19.792
-145.861 119.866 19.776
-145.940 119.925 19.760
-146.019 119.984 19.744
-146.098 120.043 19.728
-146.178 120.102 19.712
-146.257 120.161 19.696
-146.336 120.220 19.680
-146.415 120.278 19.664
-146.495 120.337 19.648
-146.574 120.396 19.632
-146.653 120.455 19.616
-146.732 120.514 19.600
-146.811 120.573 19.584
-146.891 120.632 19.568
-146.970 120.691 19.552
-147.049 120.749 19.536
-147.128 120.808 19.520
-147.208 120.867 19.504
-147.287 120.926 19.488
-147.366 120.985 19.472
-147.445 121.044 19.456
-147.524 121.103 19.440
-147.604 121.162 19.424
-147.683 121.221 19.408
-147.762 121.279 19.392
-147.841 121.338 19.376
-147.921 121.397 19.360
-148.000 121.456 19.344
-148.079 121.515 19.328
-148.158 121.574 19.312
-148.237 121.633 19.296
-148.317 121.692 19.280
-148.396 121.751 19.264
-148.475 121.810 19.248
-148.554 121.868 19.232
-148.633 121.927 19.216
-148.713 121.986 19.200
-148.792 122.045 19.184
-148.871 122.104 19.168
-148.950 122.163 19.152
-149.030 122.222 19.136
-149.109 122.281 19.120
-149.188 122.340 19.104
-149.267 122.398 19.088
-149.346 122.457 19.072
-149.426 122.516 19.056
-149.505 122.575 19.040
-149.584 122.634 19.024
-149.663 122.693 19.008
-149.742 122.752 18.992
-149.822 122.811 18.976
-149.901 122.870 18.959
-149.980 122.929 18.943
-150.059 122.988 18.927
-150.138 123.046 18.911
-150.217 123.105 18.894
-150.296 123.164 18.878
-150.376 123.223 18.862
-150.455 123.282 18.845
-150.534 123.341 18.829
-150.613 123.400 18.813
-150.692 123.459 18.796
-150.771 123.518 18.780
-150.850 123.577 18.764
-150.929 123.636 18.748
-151.009 123.695 18.731
-151.088 123.754 18.715
-151.167 123.812 18.699
-151.246 123.871 18.682
-151.325 123.930 18.666
-151.404 123.989 18.650
-151.483 124.048 18.633
-151.563 124.107 18.617
-151.642 124.166 18.601
-151.721 124.225 18.585
-151.800 124.284 18.569
-151.879 124.343 18.552
-151.958 124.402 18.536
-152.038 124.461 18.520
-152.117 124.519 18.504
-152.196 124.578 18.488
-152.275 124.637 18.472
-152.354 124.696 18.455
-152.433 124.755 18.439
-152.513 124.814 18.423
-152.592 124.873 18.407
-152.671 124.932 18.391
-152.750 124.991 18.375
-152.829 125.050 18.358
-152.908 125.109 18.342
-152.988 125.167 18.326
-153.067 125.226 18.310
-153.146 125.285 18.294
-153.225 125.344 18.278
-153.304 125.403 18.261
-153.383 125.462 18.245
-153.463 125.521 18.229
-153.542 125.580 18.213
-153.621 125.639 18.197
-153.700 125.698 18.180
-153.779 125.757 18.164
-153.858 125.815 18.148
-153.938 125.874 18.132
-154.017 125.933 18.116
-154.096 125.992 18.100
-154.175 126.051 18.083
-154.254 126.110 18.067
-154.334 126.169 18.051
-154.413 126.228 18.035
-154.492 126.287 18.019
-154.571 126.346 18.002
-154.650 126.404 17.986
-154.729 126.463 17.970
-154.809 126.522 17.954
-154.888 126.581 17.938
-154.967 126.640 17.922
-155.046 126.699 17.905
-155.126 126.757 17.889
-155.205 126.816 17.873
-155.284 126.875 17.857
-155.363 126.934 17.841
-155.442 126.993 17.824
-155.522 127.052 17.808
-155.601 127.110 17.792
-155.680 127.169 17.776
-155.759 127.228 17.760
-155.839 127.287 17.744
-155.918 127.346 17.727
-155.997 127.405 17.711
-156.076 127.463 17.695
-156.156 127.522 17.679
-156.235 127.581 17.663
-156.314 127.640 17.646
-156.393 127.699 17.630
-156.472 127.758 17.614
-156.552 127.816 17.598
-156.631 127.875 17.582
-156.710 127.934 17.565
-156.789 127.993 17.549
-156.868 128.052 17.533
-156.948 128.111 17.517
-157.027 128.170 17.501
-157.106 128.228 17.485
-157.185 128.287 17.468
-157.265 128.346 17.452
-157.344 128.405 17.436
-157.423 128.464 17.420
-157.502 128.523 17.404
-157.581 128.581 17.387
-157.661 128.640 17.371
-157.740 128.699 17.355
-157.819 128.758 17.339
-157.898 128.817 17.323
-157.977 128.876 17.306
-158.057 128.935 17.290
-158.136 128.993 17.274
-158.215 129.052 17.258
-158.294 129.111 17.242
-158.373 129.170 17.226
-158.453 129.229 17.209
-158.532 129.288 17.193
-158.611 129.347 17.177
-158.690 129.405 17.161
-158.769 129.464 17.145
-158.849 129.523 17.128
-158.928 129.582 17.112
-159.007 129.641 17.096
-159.086 129.700 17.080
-159.166 129.759 17.064
-159.245 129.817 17.048
-159.324 129.876 17.031
-159.403 129.935 17.015
-159.482 129.994 16.999
-159.562 130.053 16.983
-159.641 130.112 16.967
-159.720 130.171 16.950
-159.799 130.230 16.934
-159.878 130.288 16.918
-159.957 130.347 16.902
-160.037 130.406 16.886
-160.116 130.465 16.869
-160.195 130.524 16.853
-160.274 130.583 16.837
-160.353 130.642 16.821
-160.433 130.700 16.805
-160.512 130.759 16.788
-160.591 130.818 16.772
-160.670 130.877 16.756
-160.749 130.936 16.740
-160.829 130.995 16.724
-160.908 131.054 16.707
-160.987 131.113 16.691
-161.066 131.171 16.675
-161.145 131.230 16.659
-161.224 131.289 16.643
-161.303 131.349 16.627
-161.382 131.408 16.611
-161.461 131.468 16.596
-161.539 131.528 16.581
-161.618 131.588 16.565
-161.696 131.648 16.550
-161.775 131.708 16.535
-161.853 131.768 16.520
-161.932 131.828 16.504
-162.010 131.888 16.489
-162.089 131.948 16.474
-162.167 132.008 16.458
-162.246 132.068 16.443
-162.325 132.128 16.428
-162.403 132.188 16.413
-162.482 132.248 16.397
-162.560 132.308 16.382
-162.639 132.368 16.367
-162.717 132.428 16.352
-162.796 132.488 16.336
-162.874 132.548 16.321
-162.953 132.608 16.306
-163.031 132.668 16.290
-163.110 132.728 16.275
-163.188 132.788 16.260
-163.267 132.848 16.245
-163.345 132.908 16.229
-163.424 132.968 16.214
-163.502 133.028 16.199
-163.581 133.088 16.184
-163.659 133.148 16.168
-163.738 133.208 16.153
-163.816 133.268 16.138
-163.895 133.329 16.123
-163.973 133.389 16.107
-164.052 133.449 16.092
-164.130 133.509 16.077
-164.209 133.569 16.061
-164.287 133.629 16.046
-164.366 133.689 16.031
-164.445 133.748 16.016
-164.523 133.808 16.000
-164.602 133.868 15.985
-164.680 133.928 15.970
-164.759 133.988 15.954
-164.837 134.048 15.939
-164.916 134.108 15.924
-164.994 134.168 15.908
-165.073 134.228 15.893
-165.151 134.288 15.877
-165.230 134.348 15.862
-165.309 134.408 15.847
-165.387 134.468 15.831
-165.466 134.528 15.816
-165.544 134.588 15.801
-165.623 134.648 15.785
-165.701 134.708 15.770
-165.780 134.768 15.755
-165.858 134.828 15.739
-165.937 134.888 15.724
-166.016 134.947 15.709
-166.094 135.007 15.693
-166.173 135.067 15.678
-166.251 135.127 15.663
-166.330 135.187 15.647
-166.408 135.247 15.632
-166.487 135.307 15.616
-166.566 135.367 15.601
-166.644 135.427 15.586
-166.723 135.487 15.570
-166.801 135.547 15.555
-166.880 135.607 15.540
-166.958 135.667 15.524
-167.037 135.727 15.509
-167.116 135.786 15.494
-167.194 135.846 15.478
-167.273 135.906 15.463
-167.351 135.966 15.448
-167.430 136.026 15.432
-167.508 136.086 15.417
-167.587 136.146 15.402
-167.666 136.206 15.386
-167.744 136.266 15.371
-167.823 136.326 15.356
-167.901 136.386 15.340
-167.980 136.446 15.325
-168.058 136.506 15.310
-168.137 136.566 15.294
-168.215 136.625 15.279
-168.294 136.685 15.264
-168.373 136.745 15.248
-168.451 136.805 15.233
-168.530 136.865 15.218
-168.608 136.925 15.202
-168.687 136.985 15.187
-168.765 137.045 15.172
-168.844 137.105 15.156
-168.923 137.165 15.141
-169.001 137.225 15.126
-169.080 137.285 15.110
-169.158 137.345 15.095
-169.237 137.405 15.080
-169.315 137.465 15.064
-169.394 137.524 15.049
-169.473 137.584 15.034
-169.551 137.644 15.018
-169.630 137.704 15.003
-169.708 137.764 14.988
-169.787 137.824 14.972
-169.865 137.884 14.957
-169.944 137.944 14.942
-170.022 138.004 14.926
-170.101 138.064 14.911
-170.180 138.124 14.896
-170.258 138.184 14.880
-170.337 138.244 14.865
-170.415 138.304 14.850
-170.494 138.364 14.834
-170.572 138.423 14.819
-170.651 138.483 14.804
-170.730 138.543 14.788
-170.808 138.603 14.773
-170.887 138.663 14.758
-170.965 138.723 14.742
-171.044 138.783 14.727
-171.122 138.843 14.712
-171.201 138.903 14.696
-171.279 138.963 14.681
-171.358 139.023 14.665
-171.436 139.083 14.650
-171.514 139.144 14.635
-171.593 139.204 14.619
-171.671 139.264 14.604
-171.750 139.324 14.588
-171.828 139.384 14.573
-171.907 139.444 14.557
-171.985 139.504 14.542
-172.063 139.564 14.527
-172.142 139.624 14.511
-172.220 139.684 14.496
-172.299 139.745 14.480
-172.377 139.805 14.465
-172.455 139.865 14.449
-172.534 139.925 14.434
-172.612 139.985 14.418
-172.691 140.045 14.403
-172.769 140.105 14.388
-172.848 140.165 14.372
-172.926 140.225 14.357
-173.004 140.286 14.341
-173.083 140.346 14.326
-173.161 140.406 14.311
-173.240 140.466 14.295
-173.318 140.526 14.280
-173.396 140.586 14.264
-173.475 140.646 14.249
-173.553 140.706 14.234
-173.632 140.766 14.218
-173.710 140.827 14.203
-173.788 140.887 14.187
-173.867 140.947 14.172
-173.945 141.007 14.157
-174.024 141.067 14.141
-174.102 141.127 14.126
-174.181 141.187 14.110
-174.259 141.247 14.095
-174.337 141.308 14.080
-174.416 141.368 14.064
-174.494 141.428 14.049
-174.573 141.488 14.033
-174.651 141.548 14.018
-174.729 141.608 14.003
-174.808 141.668 13.987
-174.886 141.728 13.972
-174.965 141.788 13.956
-175.043 141.849 13.941
-175.122 141.909 13.926
-175.200 141.969 13.910
-175.278 142.029 13.895
-175.357 142.089 13.879
-175.435 142.149 13.864
-175.514 142.209 13.848
-175.592 142.269 13.833
-175.670 142.329 13.818
-175.749 142.389 13.802
-175.827 142.450 13.787
-175.906 142.510 13.771
-175.984 142.570 13.756
-176.063 142.629 13.741
-176.142 142.689 13.726
-176.221 142.749 13.711
-176.300 142.808 13.696
-176.379 142.868 13.681
-176.458 142.927 13.666
-176.537 142.987 13.651
-176.616 143.046 13.636
-176.695 143.106 13.621
-176.774 143.165 13.606
-176.853 143.225 13.591
-176.932 143.284 13.576
-177.010 143.343 13.561
-177.089 143.403 13.546
-177.168 143.462 13.531
-177.247 143.522 13.516
-177.326 143.581 13.501
-177.405 143.641 13.486
-177.484 143.700 13.471
-177.563 143.760 13.457
-177.642 143.819 13.442
-177.721 143.879 13.427
-177.800 143.938 13.412
-177.879 143.998 13.397
-177.958 144.057 13.382
-178.037 144.117 13.367
-178.116 144.176 13.352
-178.195 144.235 13.337
-178.274 144.295 13.322
-178.353 144.354 13.307
-178.432 144.414 13.292
-178.511 144.473 13.277
-178.590 144.533 13.262
-178.669 144.592 13.247
-178.748 144.652 13.232
-178.827 144.711 13.217
-178.906 144.771 13.202
-178.985 144.830 13.187
-179.064 144.890 13.172
-179.143 144.949 13.158
-179.222 145.008 13.143
-179.301 145.068 13.128
-179.380 145.127 13.113
-179.459 145.187 13.098
-179.538 145.246 13.083
-179.617 145.306 13.068
-179.696 145.365 13.053
-179.775 145.425 13.038
-179.854 145.484 13.023
-179.933 145.544 13.008
-180.012 145.603 12.993
-180.091 145.662 12.978
-180.170 145.722 12.963
-180.249 145.781 12.948
-180.328 145.841 12.933
-180.407 145.900 12.918
-180.486 145.960 12.903
-180.565 146.019 12.888
-180.644 146.079 12.873
-180.723 146.138 12.858
-180.802 146.197 12.843
-180.881 146.257 12.828
-180.960 146.316 12.813
-181.039 146.376 12.798
-181.118 146.435 12.783
-181.197 146.495 12.768
-181.276 146.554 12.754
-181.355 146.614 12.739
-181.434 146.673 12.724
-181.513 146.732 12.709
-181.592 146.792 12.694
-181.671 146.851 12.679
-181.750 146.911 12.664
-181.829 146.970 12.649
-181.908 147.030 12.634
-181.987 147.089 12.619
-182.067 147.149 12.604
-182.146 147.208 12.589
-182.224 147.268 12.574
-182.303 147.327 12.559
-182.382 147.386 12.544
-182.461 147.446 12.529
-182.540 147.505 12.514
-182.619 147.565 12.499
-182.698 147.624 12.484
-182.777 147.684 12.469
-182.856 147.743 12.454
-182.935 147.803 12.439
-183.014 147.862 12.425
-183.093 147.922 12.410
-183.172 147.982 12.395
-183.251 148.041 12.380
-183.330 148.101 12.365
-183.409 148.160 12.350
-183.488 148.220 12.335
-183.567 148.279 12.320
-183.646 148.339 12.305
-183.725 148.398 12.290
-183.804 148.458 12.275
-183.883 148.517 12.261
-183.962 148.577 12.246
-184.041 148.637 12.231
-184.119 148.696 12.216
-184.198 148.756 12.201
-184.277 148.815 12.186
-184.356 148.875 12.171
-184.435 148.934 12.156
-184.514 148.994 12.141
-184.593 149.053 12.126
-184.672 149.113 12.111
-184.751 149.172 12.097
-184.830 149.232 12.082
-184.909 149.292 12.067
-184.988 149.351 12.052
-185.067 149.411 12.037
-185.146 149.470 12.022
-185.225 149.530 12.007
-185.304 149.589 11.992
-185.383 149.649 11.977
-185.461 149.708 11.962
-185.540 149.768 11.947
-185.619 149.827 11.932
-185.698 149.887 11.917
-185.777 149.947 11.902
-185.856 150.006 11.887
-185.934 150.066 11.871
-186.013 150.126 11.855
-186.092 150.185 11.839
-186.170 150.245 11.824
-186.249 150.305 11.808
-186.328 150.364 11.792
-186.406 150.424 11.776
-186.485 150.484 11.760
-186.564 150.543 11.745
-186.642 150.603 11.729
-186.721 150.663 11.713
-186.800 150.723 11.697
-186.878 150.782 11.681
-186.957 150.842 11.665
-187.036 150.902 11.649
-187.114 150.961 11.634
-187.193 151.021 11.618
-187.272 151.081 11.602
-187.350 151.140 11.586
-187.429 151.200 11.570
-187.507 151.260 11.555
-187.586 151.320 11.539
-187.665 151.379 11.523
-187.743 151.439 11.507
-187.822 151.499 11.491
-187.901 151.558 11.475
-187.979 151.618 11.460
-188.058 151.678 11.444
-188.137 151.737 11.428
-188.215 151.797 11.412
-188.294 151.857 11.397
-188.373 151.917 11.381
-188.451 151.976 11.365
-188.530 152.036 11.349
-188.609 152.096 11.333
-188.687 152.155 11.318
-188.766 152.215 11.302
-188.845 152.275 11.286
-188.923 152.334 11.270
-189.002 152.394 11.254
-189.081 152.454 11.239
-189.159 152.513 11.223
-189.238 152.573 11.207
-189.317 152.633 11.191
-189.395 152.693 11.175
-189.474 152.752 11.159
-189.553 152.812 11.144
-189.631 152.872 11.128
-189.710 152.931 11.112
-189.789 152.991 11.096
-189.867 153.051 11.080
-189.946 153.110 11.065
-190.024 153.170 11.049
-190.103 153.230 11.033
-190.182 153.289 11.017
-190.260 153.349 11.001
-190.339 153.409 10.986
-190.418 153.468 10.970
-190.496 153.528 10.954
-190.575 153.588 10.938
-190.654 153.647 10.922
-190.733 153.707 10.906
-190.811 153.767 10.891
-190.890 153.826 10.875
-190.969 153.886 10.859
-191.047 153.946 10.843
-191.126 154.005 10.827
-191.205 154.065 10.812
-191.283 154.124 10.796
-191.362 154.184 10.780
-191.441 154.244 10.764
-191.520 154.303 10.748
-191.598 154.363 10.733
-191.677 154.423 10.717
-191.756 154.482 10.701
-191.834 154.542 10.685
-191.913 154.602 10.669
-191.992 154.661 10.654
-192.070 154.721 10.638
-192.149 154.780 10.622
-192.228 154.840 10.606
-192.307 154.900 10.590
-192.385 154.959 10.575
-192.464 155.019 10.559
-192.543 155.079 10.543
-192.621 155.138 10.527
-192.700 155.198 10.511
-192.779 155.258 10.496
-192.857 155.317 10.480
-192.936 155.377 10.464
-193.015 155.437 10.448
-193.093 155.496 10.432
-193.172 155.556 10.416
-193.251 155.616 10.401
-193.329 155.675 10.385
-193.408 155.735 10.369
-193.487 155.794 10.353
-193.565 155.854 10.337
-193.644 155.914 10.322
-193.723 155.973 10.306
-193.802 156.033 10.290
-193.880 156.093 10.274
-193.959 156.152 10.258
-194.038 156.212 10.243
-194.116 156.272 10.227
-194.195 156.331 10.211
-194.274 156.391 10.195
-194.352 156.451 10.179
-194.431 156.510 10.164
-194.510 156.570 10.148
-194.588 156.630 10.132
-194.667 156.689 10.116
-194.746 156.749 10.100
-194.824 156.809 10.085
-194.903 156.868 10.069
-194.982 156.928 10.053
-195.060 156.988 10.037
-195.139 157.047 10.021
-195.218 157.107 10.006
-195.296 157.167 9.990
-195.375 157.226 9.974
-195.454 157.286 9.958
-195.532 157.346 9.942
-195.611 157.405 9.927
-195.690 157.465 9.911
-195.768 157.525 9.895
-195.847 157.584 9.879
-195.926 157.644 9.863
-196.004 157.704 9.847
-196.083 157.763 9.831
-196.162 157.823 9.816
-196.240 157.883 9.800
-196.319 157.942 9.784
-196.398 158.002 9.768
-196.476 158.062 9.752
-196.555 158.121 9.736
-196.634 158.181 9.720
-196.712 158.241 9.705
-196.791 158.300 9.689
-196.870 158.360 9.673
-196.948 158.420 9.657
-197.027 158.479 9.641
-197.106 158.539 9.626
-197.184 158.599 9.610
-197.263 158.659 9.594
-197.342 158.718 9.579
-197.420 158.778 9.564
-197.499 158.838 9.549
-197.578 158.898 9.534
-197.656 158.958 9.519
-197.735 159.018 9.505
-197.814 159.078 9.490
-197.892 159.138 9.475
-197.971 159.198 9.460
-198.050 159.258 9.445
-198.128 159.318 9.431
-198.207 159.378 9.416
-198.286 159.438 9.401
-198.364 159.498 9.386
-198.443 159.558 9.371
-198.522 159.618 9.357
-198.600 159.678 9.342
-198.679 159.737 9.327
-198.758 159.797 9.312
-198.836 159.857 9.297
-198.915 159.917 9.282
-198.994 159.977 9.268
-199.072 160.037 9.253
-199.151 160.097 9.238
-199.229 160.157 9.223
-199.308 160.217 9.208
-199.387 160.277 9.194
-199.465 160.337 9.179
-199.544 160.397 9.164
-199.623 160.457 9.149
-199.701 160.517 9.134
-199.780 160.577 9.120
-199.859 160.637 9.105
-199.937 160.697 9.090
-200.016 160.756 9.075
-200.095 160.816 9.060
-200.173 160.876 9.046
-200.252 160.936 9.031
-200.331 160.996 9.016
-200.409 161.056 9.001
-200.488 161.116 8.986
-200.567 161.176 8.971
-200.646 161.235 8.956
-200.725 161.295 8.941
-200.803 161.355 8.927
-200.882 161.415 8.912
-200.961 161.474 8.897
-201.040 161.534 8.882
-201.119 161.594 8.867
-201.197 161.654 8.852
-201.276 161.713 8.837
-201.355 161.773 8.822
-201.434 161.833 8.807
-201.513 161.892 8.792
-201.591 161.952 8.777
-201.670 162.012 8.762
-201.749 162.072 8.747
-201.828 162.131 8.732
-201.907 162.191 8.718
-201.985 162.251 8.703
-202.064 162.310 8.688
-202.143 162.370 8.673
-202.222 162.430 8.658
-202.301 162.490 8.643
-202.379 162.549 8.628
-202.458 162.609 8.613
-202.537 162.669 8.598
-202.616 162.728 8.583
-202.695 162.788 8.568
-202.773 162.848 8.553
-202.852 162.908 8.538
-202.931 162.967 8.524
-203.010 163.027 8.509
-203.089 163.087 8.494
-203.168 163.146 8.479
-203.246 163.206 8.464
-203.325 163.266 8.449
-203.404 163.326 8.434
-203.483 163.385 8.419
-203.562 163.445 8.404
-203.640 163.505 8.389
-203.719 163.564 8.374
-203.798 163.624 8.359
-203.877 163.684 8.345
-203.956 163.744 8.330
-204.035 163.803 8.315
-204.113 163.863 8.300
-204.192 163.923 8.285
-204.271 163.982 8.270
-204.350 164.042 8.255
-204.429 164.102 8.240
-204.507 164.162 8.225
-204.586 164.221 8.210
-204.665 164.281 8.195
-204.744 164.341 8.180
-204.823 164.401 8.166
-204.901 164.460 8.151
-204.980 164.520 8.136
-205.059 164.580 8.121
-205.138 164.639 8.106
-205.217 164.699 8.091
-205.295 164.759 8.076
-205.374 164.819 8.061
-205.453 164.878 8.046
-205.532 164.938 8.031
-205.611 164.998 8.016
-205.689 165.057 8.001
-205.768 165.117 7.987
-205.847 165.177 7.972
-205.926 165.237 7.957
-206.005 165.296 7.942
-206.084 165.356 7.927
-206.162 165.416 7.912
-206.241 165.475 7.897
-206.320 165.535 7.882
-206.399 165.595 7.867
-206.478 165.655 7.852
-206.556 165.714 7.837
-206.635 165.774 7.822
-206.714 165.834 7.808
-206.793 165.894 7.793
-206.872 165.953 7.778
-206.950 166.013 7.763
-207.029 166.073 7.748
-207.108 166.133 7.733
-207.186 166.193 7.718
-207.265 166.252 7.703
-207.344 166.312 7.688
-207.423 166.372 7.673
-207.501 166.432 7.658
-207.580 166.492 7.643
-207.658 166.552 7.628
-207.737 166.612 7.613
-207.816 166.672 7.598
-207.894 166.732 7.583
-207.973 166.791 7.568
-208.052 166.851 7.553
-208.130 166.911 7.538
-208.209 166.971 7.523
-208.288 167.031 7.508
-208.366 167.091 7.493
-208.445 167.151 7.478
-208.524 167.211 7.463
-208.602 167.271 7.448
-208.681 167.331 7.433
-208.760 167.391 7.418
-208.838 167.450 7.403
-208.917 167.510 7.388
-208.996 167.570 7.374
-209.074 167.630 7.359
-209.153 167.690 7.344
-209.232 167.750 7.329
-209.310 167.810 7.314
-209.389 167.870 7.299
-209.468 167.930 7.284
-209.546 167.990 7.269
-209.625 168.050 7.254
-209.704 168.110 7.239
-209.782 168.169 7.224
-209.861 168.229 7.209
-209.939 168.289 7.194
-210.018 168.349 7.179
-210.097 168.409 7.164
-210.175 168.469 7.149
-210.254 168.529 7.134
-210.333 168.589 7.119
-210.411 168.649 7.104
-210.490 168.709 7.089
-210.569 168.768 7.074
-210.647 168.828 7.059
-210.726 168.888 7.044
-210.805 168.948 7.029
-210.883 169.008 7.014
-210.962 169.068 6.999
-211.041 169.128 6.984
-211.119 169.188 6.969
-211.198 169.248 6.954
-211.277 169.308 6.939
-211.355 169.367 6.924
-211.434 169.427 6.909
-211.513 169.487 6.894
-211.591 169.547 6.879
-211.670 169.607 6.864
-211.749 169.667 6.849
-211.827 169.727 6.834
-211.906 169.787 6.819
-211.985 169.846 6.804
-212.064 169.906 6.790
-212.142 169.966 6.775
-212.221 170.026 6.760
-212.300 170.085 6.745
-212.379 170.145 6.730
-212.458 170.205 6.715
-212.536 170.265 6.700
-212.615 170.324 6.686
-212.694 170.384 6.671
-212.773 170.444 6.656
-212.852 170.503 6.641
-212.931 170.563 6.626
-213.009 170.623 6.611
-213.088 170.683 6.596
-213.167 170.742 6.582
-213.246 170.802 6.567
-213.325 170.862 6.552
-213.403 170.921 6.537
-213.482 170.981 6.522
-213.561 171.041 6.507
-213.640 171.101 6.493
-213.719 171.160 6.478
-213.798 171.220 6.463
-213.876 171.280 6.448
-213.955 171.339 6.433
-214.034 171.399 6.418
-214.113 171.459 6.403
-214.192 171.519 6.389
-214.271 171.578 6.374
-214.349 171.638 6.359
-214.428 171.698 6.344
-214.507 171.758 6.329
-214.586 171.817 6.314
-214.665 171.877 6.299
-214.743 171.937 6.285
-214.822 171.996 6.270
-214.901 172.056 6.255
-214.980 172.116 6.240
-215.059 172.176 6.225
-215.138 172.235 6.210
-215.216 172.295 6.196
-215.295 172.355 6.181
-215.374 172.414 6.166
-215.453 172.474 6.151
-215.532 172.534 6.136
-215.611 172.593 6.121
-215.689 172.653 6.106
-215.768 172.713 6.092
-215.847 172.773 6.077
-215.926 172.832 6.062
-216.005 172.892 6.047
-216.084 172.952 6.032
-216.162 173.011 6.017
-216.241 173.071 6.002
-216.320 173.131 5.988
-216.399 173.190 5.973
-216.478 173.250 5.958
-216.557 173.310 5.943
-216.635 173.369 5.928
-216.714 173.429 5.913
-216.793 173.489 5.898
-216.872 173.549 5.883
-216.951 173.608 5.869
-217.030 173.668 5.854
-217.108 173.728 5.839
-217.187 173.787 5.824
-217.266 173.847 5.809
-217.345 173.907 5.794
-217.424 173.967 5.779
-217.503 174.026 5.765
-217.581 174.086 5.750
-217.660 174.146 5.735
-217.739 174.205 5.720
-217.818 174.265 5.705
-217.897 174.325 5.690
-217.975 174.385 5.675
-218.054 174.444 5.660
-218.133 174.504 5.646
-218.212 174.564 5.631
-218.291 174.623 5.616
-218.370 174.683 5.601
-218.448 174.743 5.586
-218.527 174.803 5.571
-218.606 174.862 5.556
-218.685 174.922 5.542
-218.764 174.982 5.527
-218.842 175.042 5.512
-218.921 175.101 5.497
-219.000 175.161 5.482
-219.079 175.221 5.467
-219.158 175.281 5.453
-219.236 175.340 5.438
-219.315 175.400 5.423
-219.394 175.460 5.408
-219.473 175.520 5.393
-219.552 175.579 5.378
-219.630 175.639 5.364
-219.709 175.699 5.349
-219.788 175.759 5.334
-219.867 175.818 5.319
-219.946 175.878 5.304
-220.024 175.938 5.289
-220.103 175.998 5.275
-220.182 176.057 5.260
-220.261 176.117 5.245
-220.340 176.177 5.230
-220.418 176.237 5.215
-220.497 176.296 5.200
-220.576 176.356 5.186
-220.655 176.416 5.171
-220.734 176.476 5.156
-220.812 176.535 5.141
-220.891 176.595 5.126
-220.970 176.655 5.111
-221.049 176.715 5.097
-221.128 176.774 5.082
-221.206 176.834 5.067
-221.285 176.894 5.052
-221.364 176.954 5.037
-221.443 177.013 5.022
-221.522 177.073 5.008
-221.601 177.132 4.993
-221.680 177.191 4.977
-221.702 177.207 4.973
-221.727 177.225 4.968
-221.754 177.245 4.963
-221.784 177.267 4.957
-221.817 177.291 4.950
-221.853 177.317 4.943
-221.893 177.346 4.935
-221.937 177.378 4.927
-221.985 177.413 4.917
-222.039 177.452 4.907
-222.097 177.494 4.895
-222.162 177.541 4.882
-222.233 177.592 4.868
-222.311 177.648 4.853
-222.391 177.706 4.837
-222.471 177.764 4.822
-222.551 177.822 4.806
-222.631 177.880 4.790
-222.711 177.938 4.774
-222.791 177.996 4.758
-222.871 178.054 4.743
-222.951 178.111 4.727
-223.031 178.169 4.711
-223.111 178.227 4.695
-223.191 178.285 4.680
-223.271 178.343 4.664
-223.351 178.401 4.648
-223.431 178.459 4.632
-223.511 178.516 4.616
-223.591 178.574 4.601
-223.671 178.632 4.585
-223.751 178.690 4.569
-223.831 178.748 4.553
-223.911 178.806 4.538
-223.991 178.864 4.522
-224.071 178.921 4.506
-224.151 178.979 4.490
-224.231 179.037 4.475
-224.311 179.095 4.459
-224.391 179.153 4.443
-224.471 179.211 4.427
-224.551 179.269 4.412
-224.631 179.327 4.396
-224.712 179.384 4.380
-224.792 179.442 4.364
-224.872 179.500 4.349
-224.952 179.558 4.333
-225.032 179.616 4.317
-225.112 179.674 4.301
-225.192 179.731 4.285
-225.272 179.789 4.270
-225.352 179.847 4.254
-225.432 179.905 4.238
-225.512 179.963 4.222
-225.592 180.021 4.207
-225.672 180.079 4.191
-225.752 180.136 4.175
-225.832 180.194 4.159
-225.912 180.252 4.143
-225.992 180.310 4.128
-226.072 180.368 4.112
-226.152 180.426 4.096
-226.232 180.483 4.080
-226.312 180.541 4.064
-226.392 180.599 4.049
-226.472 180.657 4.033
-226.552 180.715 4.017
-226.632 180.773 4.001
-226.712 180.830 3.986
-226.792 180.888 3.970
-226.872 180.946 3.954
-226.952 181.004 3.938
-227.033 181.062 3.922
-227.113 181.119 3.907
-227.193 181.177 3.891
-227.273 181.235 3.875
-227.353 181.293 3.859
-227.433 181.351 3.844
-227.513 181.409 3.828
-227.593 181.466 3.812
-227.673 181.524 3.796
-227.753 181.582 3.781
-227.833 181.640 3.765
-227.913 181.698 3.749
-227.993 181.755 3.733
-228.073 181.813 3.717
-228.153 181.871 3.702
-228.233 181.929 3.686
-228.313 181.987 3.670
-228.393 182.045 3.654
-228.473 182.102 3.639
-228.553 182.160 3.623
-228.633 182.218 3.607
-228.713 182.276 3.591
-228.793 182.334 3.576
-228.873 182.392 3.560
-228.953 182.450 3.544
-229.033 182.508 3.528
-229.113 182.566 3.513
-229.193 182.623 3.497
-229.273 182.681 3.481
-229.353 182.739 3.465
-229.433 182.797 3.449
-229.513 182.855 3.434
-229.593 182.913 3.418
-229.673 182.971 3.402
-229.753 183.029 3.386
-229.833 183.087 3.371
-229.913 183.145 3.355
-229.993 183.202 3.339
-230.073 183.260 3.323
-230.153 183.318 3.308
-230.233 183.376 3.292
-230.313 183.434 3.276
-230.393 183.492 3.260
-230.473 183.550 3.245
-230.553 183.608 3.229
-230.633 183.666 3.213
-230.713 183.724 3.197
-230.793 183.782 3.182
-230.873 183.840 3.166
-230.953 183.897 3.150
-231.033 183.955 3.134
-231.113 184.013 3.119
-231.193 184.071 3.103
-231.273 184.129 3.087
-231.353 184.187 3.071
-231.433 184.245 3.056
-231.513 184.303 3.040
-231.593 184.361 3.024
-231.673 184.419 3.008
-231.753 184.476 2.992
-231.833 184.534 2.976
-231.913 184.592 2.961
-231.993 184.650 2.945
-232.073 184.708 2.929
-232.153 184.766 2.913
-232.233 184.824 2.897
-232.313 184.882 2.881
-232.393 184.940 2.865
-232.473 184.998 2.849
-232.553 185.056 2.833
-232.633 185.113 2.817
-232.713 185.171 2.801
-232.792 185.229 2.785
-232.872 185.287 2.770
-232.952 185.345 2.754
-233.032 185.403 2.738
-233.112 185.461 2.722
-233.192 185.519 2.706
-233.272 185.577 2.690
-233.352 185.634 2.674
-233.432 185.692 2.658
-233.512 185.750 2.643
-233.592 185.808 2.627
-233.672 185.866 2.611
-233.752 185.924 2.595
-233.832 185.982 2.580
-233.912 186.039 2.564
-233.992 186.097 2.548
-234.072 186.155 2.532
-234.152 186.213 2.517
-234.233 186.271 2.501
-234.313 186.329 2.485
-234.393 186.387 2.469
-234.473 186.444 2.454
-234.553 186.502 2.438
-234.633 186.560 2.422
-234.713 186.618 2.406
-234.793 186.676 2.391
-234.873 186.734 2.375
-234.953 186.792 2.359
-235.033 186.849 2.343
-235.113 186.907 2.328
-235.193 186.965 2.312
-235.273 187.023 2.296
-235.353 187.081 2.280
-235.433 187.139 2.265
-235.513 187.197 2.249
-235.593 187.254 2.233
-235.673 187.312 2.217
-235.753 187.370 2.202
-235.833 187.428 2.186
-235.913 187.486 2.170
-235.993 187.544 2.154
-236.073 187.602 2.139
-236.153 187.659 2.123
-236.233 187.717 2.107
-236.313 187.775 2.091
-236.393 187.833 2.075
-236.473 187.891 2.060
-236.553 187.949 2.044
-236.633 188.006 2.028
-236.713 188.064 2.012
-236.794 188.122 1.997
-236.874 188.180 1.981
-236.954 188.238 1.965
-237.034 188.296 1.949
-237.114 188.353 1.934
-237.194 188.411 1.918
-237.274 188.469 1.902
-237.354 188.527 1.886
-237.434 188.585 1.871
-237.514 188.642 1.855
-237.594 188.700 1.839
-237.674 188.758 1.823
-237.754 188.816 1.808
-237.834 188.874 1.792
-237.914 188.932 1.776
-237.994 188.989 1.760
-238.074 189.047 1.745
-238.154 189.105 1.729
-238.234 189.163 1.713
-238.315 189.221 1.697
-238.395 189.279 1.682
-238.475 189.336 1.666
-238.555 189.394 1.650
-238.635 189.452 1.634
-238.715 189.510 1.619
-238.795 189.568 1.603
-238.875 189.626 1.587
-238.955 189.683 1.571
-239.035 189.741 1.555
-239.115 189.799 1.540
-239.195 189.857 1.524
-239.275 189.915 1.508
-239.355 189.973 1.492
-239.435 190.030 1.477
-239.515 190.088 1.461
-239.595 190.146 1.445
-239.675 190.204 1.429
-239.755 190.262 1.414
-239.835 190.320 1.398
-239.915 190.378 1.382
-239.995 190.435 1.366
-240.075 190.493 1.350
-240.155 190.551 1.335
-240.235 190.609 1.319
-240.315 190.667 1.303
-240.395 190.725 1.287
-240.475 190.783 1.272
-240.555 190.840 1.256
-240.635 190.898 1.240
-240.715 190.956 1.224
-240.795 191.014 1.209
-240.875 191.072 1.193
-240.955 191.130 1.177
-241.035 191.188 1.161
-241.115 191.246 1.146
-241.195 191.303 1.130
-241.275 191.361 1.114
-241.355 191.419 1.098
-241.435 191.477 1.083
-241.515 191.535 1.067
-241.595 191.593 1.051
-241.676 191.651 1.035
-241.756 191.709 1.020
-241.836 191.766 1.004
-241.916 191.824 0.988
-241.996 191.882 0.972
-242.076 191.940 0.957
-242.156 191.998 0.941
-242.236 192.056 0.925
-242.316 192.114 0.909
-242.396 192.172 0.894
-242.476 192.229 0.878
-242.556 192.287 0.862
-242.636 192.345 0.846
-242.716 192.403 0.830
-242.796 192.461 0.815
-242.876 192.519 0.799
-242.956 192.577 0.783
-243.036 192.635 0.767
-243.116 192.692 0.752
-243.196 192.750 0.736
-243.276 192.807 0.720
-243.356 192.863 0.705
-243.427 192.910 0.691
-243.506 192.962 0.676
-243.588 193.017 0.660
-243.671 193.071 0.645
-243.753 193.125 0.629
-243.836 193.179 0.613
-243.919 193.234 0.598
-244.001 193.288 0.582
-244.084 193.342 0.566
-244.166 193.396 0.550
-244.249 193.450 0.535
-244.331 193.505 0.519
-244.414 193.559 0.503
-244.496 193.613 0.488
-244.579 193.667 0.472
-244.662 193.721 0.456
-244.744 193.776 0.441
-244.827 193.830 0.425
-244.909 193.884 0.409
-244.992 193.938 0.394
-245.074 193.992 0.378
-245.157 194.047 0.362
-245.239 194.101 0.346
-245.322 194.155 0.331
-245.405 194.209 0.315
-245.487 194.263 0.299
-245.570 194.318 0.284
-245.652 194.372 0.268
-245.735 194.426 0.252
-245.817 194.480 0.237
-245.900 194.534 0.221
-245.982 194.589 0.205
-246.065 194.643 0.190
-246.148 194.697 0.174
-246.230 194.751 0.158
-246.313 194.805 0.142
-246.395 194.860 0.127
-246.478 194.914 0.111
-246.560 194.968 0.095
-246.643 195.022 0.080
-246.725 195.076 0.064
-246.808 195.131 0.048
-246.891 195.185 0.032
-246.973 195.239 0.017
-247.056 195.293 0.001
-247.138 195.347 -0.015
-247.221 195.402 -0.030
-247.303 195.456 -0.046
-247.386 195.510 -0.062
-247.468 195.564 -0.077
-247.551 195.618 -0.093
-247.634 195.673 -0.109
-247.716 195.727 -0.125
-247.799 195.781 -0.140
-247.881 195.835 -0.156
-247.964 195.889 -0.172
-248.046 195.944 -0.187
-248.129 195.998 -0.203
-248.211 196.052 -0.219
-248.294 196.106 -0.235
-248.377 196.160 -0.250
-248.459 196.215 -0.266
-248.542 196.269 -0.282
-248.624 196.323 -0.297
-248.707 196.377 -0.313
-248.789 196.431 -0.329
-248.872 196.486 -0.345
-248.955 196.540 -0.360
-249.037 196.594 -0.376
-249.120 196.648 -0.392
-249.202 196.702 -0.407
-249.285 196.757 -0.423
-249.367 196.811 -0.439
-249.450 196.865 -0.455
-249.532 196.919 -0.470
-249.615 196.973 -0.486
-249.697 197.028 -0.502
-249.780 197.082 -0.518
-249.863 197.136 -0.533
-249.945 197.190 -0.549
-250.028 197.244 -0.565
-250.110 197.299 -0.580
-250.193 197.353 -0.596
-250.275 197.407 -0.612
-250.358 197.461 -0.628
-250.440 197.515 -0.643
-250.523 197.570 -0.659
-250.606 197.624 -0.675
-250.688 197.678 -0.691
-250.771 197.732 -0.706
-250.853 197.786 -0.722
-250.936 197.841 -0.738
-251.018 197.895 -0.753
-251.101 197.949 -0.769
-251.183 198.003 -0.785
-251.266 198.057 -0.801
-251.349 198.112 -0.816
-251.431 198.166 -0.832
-251.514 198.220 -0.848
-251.596 198.274 -0.864
-251.679 198.328 -0.879
-251.761 198.383 -0.895
-251.844 198.437 -0.911
-251.926 198.491 -0.926
-252.009 198.545 -0.942
-252.092 198.599 -0.958
-252.174 198.654 -0.974
-252.257 198.708 -0.989
-252.339 198.762 -1.005
-252.422 198.816 -1.021
-252.504 198.870 -1.037
-252.587 198.925 -1.052
-252.669 198.979 -1.068
-252.752 199.033 -1.084
-252.835 199.087 -1.100
-252.917 199.141 -1.115
-253.000 199.196 -1.131
-253.082 199.250 -1.147
-253.165 199.304 -1.162
-253.247 199.358 -1.178
-253.330 199.412 -1.194
-253.412 199.467 -1.210
-253.495 199.521 -1.225
-253.578 199.575 -1.241
-253.660 199.629 -1.257
-253.743 199.683 -1.273
-253.825 199.737 -1.288
-253.908 199.792 -1.304
-253.990 199.846 -1.320
-254.073 199.900 -1.336
-254.155 199.954 -1.351
-254.238 200.008 -1.367
-254.320 200.063 -1.383
-254.403 200.117 -1.399
-254.486 200.171 -1.414
-254.568 200.225 -1.430
-254.651 200.279 -1.446
-254.733 200.334 -1.461
-254.816 200.388 -1.477
-254.898 200.442 -1.493
-254.981 200.496 -1.509
-255.063 200.550 -1.524
-255.146 200.605 -1.540
-255.229 200.659 -1.556
-255.311 200.713 -1.572
-255.394 200.767 -1.587
-255.476 200.821 -1.603
-255.559 200.876 -1.619
-255.641 200.930 -1.635
-255.724 200.984 -1.650
-255.806 201.038 -1.666
-255.889 201.092 -1.682
-255.972 201.147 -1.697
-256.054 201.201 -1.713
-256.137 201.255 -1.729
-256.219 201.309 -1.745
-256.302 201.363 -1.760
-256.384 201.418 -1.776
-256.467 201.472 -1.792
-256.549 201.526 -1.808
-256.632 201.580 -1.823
-256.715 201.634 -1.839
-256.797 201.689 -1.855
-256.880 201.743 -1.871
-256.962 201.797 -1.886
-257.045 201.851 -1.902
-257.127 201.905 -1.918
-257.210 201.960 -1.934
-257.292 202.014 -1.949
-257.375 202.068 -1.965
-257.458 202.122 -1.981
-257.540 202.176 -1.996
-257.623 202.231 -2.012
-257.705 202.285 -2.028
-257.788 202.339 -2.044
-257.870 202.393 -2.059
-257.953 202.447 -2.075
-258.035 202.502 -2.091
-258.118 202.556 -2.107
-258.200 202.610 -2.122
-258.283 202.664 -2.138
-258.366 202.718 -2.154
-258.448 202.773 -2.170
-258.531 202.827 -2.185
-258.613 202.881 -2.201
-258.696 202.935 -2.217
-258.778 202.989 -2.233
-258.861 203.044 -2.248
-258.943 203.098 -2.264
-259.026 203.152 -2.280
-259.109 203.206 -2.295
-259.191 203.260 -2.311
-259.274 203.315 -2.327
-259.356 203.369 -2.343
-259.439 203.423 -2.358
-259.521 203.477 -2.374
-259.604 203.531 -2.390
-259.686 203.586 -2.406
-259.769 203.640 -2.421
-259.852 203.694 -2.437
-259.934 203.748 -2.453
-260.017 203.802 -2.469
-260.099 203.857 -2.484
-260.182 203.911 -2.500
-260.264 203.965 -2.516
-260.347 204.019 -2.532
-260.429 204.073 -2.547
-260.512 204.128 -2.563
-260.595 204.182 -2.579
-260.677 204.236 -2.594
-260.760 204.290 -2.610
-260.842 204.344 -2.626
-260.925 204.399 -2.642
-261.007 204.453 -2.657
-261.090 204.507 -2.673
-261.172 204.561 -2.689
-261.255 204.615 -2.705
-261.338 204.670 -2.720
-261.420 204.724 -2.736
-261.503 204.778 -2.752
-261.585 204.832 -2.768
-261.668 204.886 -2.783
-261.750 204.941 -2.799
-261.833 204.995 -2.815
-261.915 205.049 -2.830
-261.998 205.103 -2.846
-262.080 205.157 -2.862
-262.163 205.212 -2.878
-262.246 205.266 -2.893
-262.328 205.320 -2.909
-262.411 205.374 -2.925
-262.493 205.428 -2.941
-262.576 205.483 -2.956
-262.658 205.537 -2.972
-262.741 205.591 -2.988
