566 132.23   26064.43   -1089.55 1200.41 -3.01   -1089.55 1200.41 -3.01    1822.88 1620.16 397.59 -3.01   0.27 2.65
2094 134.00   2119.86   -1343.59 1391.33 -3.07   -1343.59 1391.33 -3.07    4542.59 1934.81 440.36 -3.07   0.26 2.84
2673 137.44   9310.14   -159.09 146.10 -3.01   -159.09 146.10 -3.01    2522.92 217.68 -7.93 -3.01   0.27 4.11
3096 137.73   13288.52   -328.08 298.26 -3.00   -328.08 298.26 -3.00    2924.05 444.69 -74.10 -3.00   0.26 4.67
4528 132.49   7338.03   -1638.95 1789.28 -3.01   -1638.95 1789.28 -3.01    3400.50 2426.37 563.58 -3.01   0.27 1.85
7791 125.60   5011.66   -564.58 788.70 -3.02   -564.58 788.70 -3.02    3243.65 967.73 16.36 -3.02   0.26 3.70
3800 135.56   8704.14   -659.75 646.93 -3.01   -659.75 646.93 -3.01    3070.26 924.47 169.60 -3.01   0.25 3.11
4560 136.83   20791.69   -1142.73 1072.01 -3.02   -1142.73 1072.01 -3.02    2120.18 1567.59 319.94 -3.02   0.27 3.07
5290 131.38   1753.03   -2133.69 2422.09 -3.08   -2133.69 2422.09 -3.08    4604.07 3226.94 854.54 -3.08   0.27 2.24
7593 130.96   6501.11   -442.73 510.01 -3.02   -442.73 510.01 -3.02    2786.79 674.37 97.20 -3.02   0.27 3.28
8891 133.05   935.01   -941.24 1007.43 -3.07   -941.24 1007.43 -3.07    4732.83 1379.20 284.65 -3.07   0.25 2.92
9315 143.39   43448.36   -227.43 168.98 -3.08   -227.43 168.98 -3.08    943.47 286.64 25.01 -3.08   0.26 1.37
9587 138.13   8147.62   -1847.62 1656.20 -3.01   -1847.62 1656.20 -3.01    3910.91 2483.07 509.44 -3.01   0.27 1.73
5 136.94   1640.72   -1883.92 1760.27 -3.04   -1883.92 1760.27 -3.04    4145.40 2578.96 26.68 -3.04   0.27 3.92
947 132.82   25790.44   -520.92 562.09 -3.07   -520.92 562.09 -3.07    1903.73 765.64 75.14 -3.07   0.26 3.50
1776 128.44   22116.55   -697.65 878.81 -3.04   -697.65 878.81 -3.04    1915.01 1119.58 113.75 -3.04   0.25 3.39
1835 144.99   11243.27   -1238.09 867.29 -3.03   -1238.09 867.29 -3.03    2532.76 1513.46 362.41 -3.03   0.26 2.90
2978 133.09   667.42   -2443.53 2611.81 -3.03   -2443.53 2611.81 -3.03    4570.64 3576.18 664.78 -3.03   0.26 1.58
3961 143.24   9565.38   -897.42 670.45 -3.04   -897.42 670.45 -3.04    3155.37 1122.40 124.77 -3.04   0.26 1.40
6264 134.17   1815.42   -1456.57 1499.52 -3.01   -1456.57 1499.52 -3.01    4680.24 2090.07 402.78 -3.01   0.27 1.59
9399 142.36   8235.72   -2005.31 1546.59 -3.05   -2005.31 1546.59 -3.05    3408.37 2533.90 -465.88 -3.05   0.26 0.12
983 142.21   5401.75   -1159.17 898.80 -3.02   -1159.17 898.80 -3.02    3758.06 1468.54 -116.66 -3.02   0.26 0.61
4157 140.45   6559.68   -1678.91 1386.68 -3.06   -1678.91 1386.68 -3.06    3783.39 2179.92 515.35 -3.06   0.26 2.80
5885 128.30   3124.11   -473.76 599.85 -3.00   -473.76 599.85 -3.00    3892.10 763.07 -172.10 -3.00   0.26 5.95
6100 143.61   4332.60   -2515.96 1854.32 -3.02   -2515.96 1854.32 -3.02    4029.93 3126.13 263.99 -3.02   0.26 1.28
7617 132.40   12202.87   -122.38 134.02 -3.01   -122.38 134.02 -3.01    2828.85 180.78 -47.06 -3.01   0.26 5.23
8481 136.31   4589.25   -2367.67 2261.65 -3.03   -2367.67 2261.65 -3.03    3627.50 3276.32 342.51 -3.03   0.27 3.54
9896 140.82   12388.91   -875.31 713.44 -3.04   -875.31 713.44 -3.04    2560.71 1130.76 -264.86 -3.04   0.27 5.10
10051 131.23   36554.53   -484.17 552.56 -3.00   -484.17 552.56 -3.00    1315.39 735.06 -195.50 -3.00   0.27 5.38
10242 138.74   3309.15   -1457.82 1278.80 -3.04   -1457.82 1278.80 -3.04    4233.35 1940.59 473.42 -3.04   0.26 2.77
946 127.07   11301.41   -1575.88 2086.02 -3.05   -1575.88 2086.02 -3.05    3263.51 2613.94 562.23 -3.05   0.26 1.66
6683 145.00   53675.12   -181.44 127.05 -3.03   -181.44 127.05 -3.03    472.22 223.64 -46.37 -3.03   0.27 0.20
6816 144.04   2095.10   -2359.87 1711.97 -3.02   -2359.87 1711.97 -3.02    4818.11 2916.81 680.12 -3.02   0.26 2.11
7479 127.41   277.62   -1644.42 2149.97 -3.01   -1644.42 2149.97 -3.01    5095.22 2705.60 638.77 -3.01   0.26 1.88
8606 127.72   3100.93   -1326.69 1715.00 -3.02   -1326.69 1715.00 -3.02    4249.68 2166.07 256.77 -3.02   0.26 1.15
4648 130.09   7486.78   -1026.43 1219.25 -3.06   -1026.43 1219.25 -3.06    3475.50 1593.00 92.72 -3.06   0.26 0.94
5000 134.55   3549.57   -715.26 726.50 -3.00   -715.26 726.50 -3.00    3583.43 1020.42 -23.67 -3.00   0.26 0.71
6503 135.21   4390.23   -837.86 831.74 -3.01   -837.86 831.74 -3.01    3768.40 1179.45 223.32 -3.01   0.26 3.10
6612 137.49   22576.21   -727.15 666.48 -3.06   -727.15 666.48 -3.06    1838.95 986.10 241.04 -3.06   0.27 2.78
6711 129.51   17019.05   -1040.08 1261.29 -3.02   -1040.08 1261.29 -3.02    2065.12 1633.31 366.17 -3.02   0.25 1.81
755 136.79   3941.82   -2507.80 2355.92 -3.02   -2507.80 2355.92 -3.02    4378.39 3441.11 819.47 -3.02   0.26 2.81
1564 127.75   46494.08   -21.24 27.43 -3.06   -21.24 27.43 -3.06    642.70 34.86 -2.14 -3.06   0.26 1.08
3125 136.51   1162.44   -1377.63 1306.76 -3.04   -1377.63 1306.76 -3.04    4567.86 1899.79 421.48 -3.04   0.26 1.86
4976 131.93   1943.39   -924.15 1028.85 -3.03   -924.15 1028.85 -3.03    3797.34 1380.92 -263.79 -3.03   0.27 4.67
5038 136.61   2696.76   -1836.02 1735.79 -3.03   -1836.02 1735.79 -3.03    4221.25 2526.84 431.12 -3.03   0.27 3.25
6225 130.43   5716.23   -1329.08 1559.93 -3.04   -1329.08 1559.93 -3.04    3923.03 2048.60 369.92 -3.04   0.25 3.04
6555 128.87   27697.55   -725.74 900.40 -3.03   -725.74 900.40 -3.03    1816.48 1154.77 -201.44 -3.03   0.26 4.55
1543 125.78   60119.15   -77.88 108.09 -3.01   -77.88 108.09 -3.01    211.65 131.58 15.97 -3.01   0.26 1.31
1761 142.84   6408.86   -354.56 268.74 -3.06   -354.56 268.74 -3.06    3913.08 446.08 -60.10 -3.06   0.25 4.62
6964 140.13   12159.82   -1173.52 980.01 -3.04   -1173.52 980.01 -3.04    2824.58 1529.22 -148.37 -3.04   0.26 0.50
9442 134.21   3006.18   -864.87 889.10 -3.07   -864.87 889.10 -3.07    3910.67 1240.20 55.79 -3.07   0.26 0.97
3987 131.42   16353.07   -584.92 662.99 -3.01   -584.92 662.99 -3.01    2234.91 883.65 -230.51 -3.01   0.26 5.29
6109 140.99   2681.19   -1962.89 1590.24 -3.02   -1962.89 1590.24 -3.02    4450.19 2527.89 330.44 -3.02   0.26 3.50
9124 131.46   15615.44   -755.57 855.09 -3.07   -755.57 855.09 -3.07    2609.68 1139.87 241.42 -3.07   0.25 2.85
5078 132.94   9550.85   -1173.15 1260.67 -3.07   -1173.15 1260.67 -3.07    3234.59 1722.00 406.40 -3.07   0.25 2.66
3946 138.04   999.84   -1221.94 1098.75 -3.06   -1221.94 1098.75 -3.06    5099.40 1645.64 198.34 -3.06   0.26 3.50
4002 130.82   8714.71   -1208.47 1399.25 -3.02   -1208.47 1399.25 -3.02    3449.26 1847.12 176.93 -3.02   0.26 1.11
5461 129.89   11405.56   -603.07 721.40 -3.05   -603.07 721.40 -3.05    2535.08 939.20 235.26 -3.05   0.26 2.31
6684 133.84   4780.69   -1429.61 1488.85 -3.07   -1429.61 1488.85 -3.07    4095.73 2065.24 535.24 -3.07   0.27 2.49
7762 136.24   41073.69   -115.61 110.73 -3.03   -115.61 110.73 -3.03    754.26 161.21 -38.77 -3.03   0.27 5.01
8644 131.15   8344.08   -627.47 718.03 -3.04   -627.47 718.03 -3.04    2791.06 954.05 192.48 -3.04   0.25 1.69
6705 129.20   1438.72   -960.55 1177.76 -3.03   -960.55 1177.76 -3.03    3925.32 1517.97 36.26 -3.03   0.26 3.73
908 141.14   8044.62   -697.19 561.81 -3.00   -697.19 561.81 -3.00    2462.65 896.59 54.09 -3.00   0.27 3.81
5655 143.89   11767.55   -1154.47 842.25 -3.03   -1154.47 842.25 -3.03    2208.56 1431.59 349.41 -3.03   0.26 2.21
10192 127.36   1591.44   -621.54 814.14 -3.06   -621.54 814.14 -3.06    4501.50 1023.55 261.18 -3.06   0.27 2.41
1322 134.48   7086.13   -1816.12 1849.54 -3.03   -1816.12 1849.54 -3.03    3831.22 2592.40 526.40 -3.03   0.26 3.02
4877 139.67   9961.77   -1476.86 1253.81 -3.00   -1476.86 1253.81 -3.00    3484.86 1939.51 227.62 -3.00   0.27 1.34
5128 132.33   21823.37   -938.05 1029.65 -3.03   -938.05 1029.65 -3.03    2230.48 1392.79 347.28 -3.03   0.25 2.31
8881 137.48   8942.85   -546.39 501.01 -3.04   -546.39 501.01 -3.04    3171.94 743.82 150.91 -3.04   0.26 1.80
9089 133.61   42604.65   -61.61 64.68 -3.04   -61.61 64.68 -3.04    226.05 88.55 3.17 -3.04   0.25 3.75
9408 144.33   1044.18   -2933.12 2105.04 -3.05   -2933.12 2105.04 -3.05    4652.09 3613.62 108.75 -3.05   0.26 1.07
360 135.30   56906.78   -81.48 80.64 -3.06   -81.48 80.64 -3.06    293.43 114.95 4.72 -3.06   0.26 3.77
2115 132.07   36257.17   -529.18 586.19 -3.04   -529.18 586.19 -3.04    1426.47 788.03 195.75 -3.04   0.27 2.60
3698 144.05   2251.22   -2321.38 1683.53 -3.04   -2321.38 1683.53 -3.04    4456.34 2868.06 355.43 -3.04   0.26 1.45
7634 128.78   4270.14   -823.55 1025.02 -3.05   -823.55 1025.02 -3.05    4064.57 1313.47 -268.98 -3.05   0.26 6.08
7867 140.42   1892.38   -1598.23 1321.08 -3.01   -1598.23 1321.08 -3.01    4711.86 2075.01 -86.26 -3.01   0.26 4.18
2090 135.97   65857.10   -113.53 109.74 -3.00   -113.53 109.74 -3.00    164.41 159.63 -37.00 -3.00   0.27 4.95
2802 137.60   7125.57   -1626.31 1485.14 -3.02   -1626.31 1485.14 -3.02    3464.17 2203.21 -492.92 -3.02   0.27 6.12
3698 137.08   23836.63   -571.46 531.38 -3.02   -571.46 531.38 -3.02    1072.99 780.07 186.14 -3.02   0.26 2.78
7765 133.94   5474.37   -1729.16 1794.19 -3.07   -1729.16 1794.19 -3.07    3517.18 2492.86 568.84 -3.07   0.25 2.75
10905 132.27   16302.01   -934.94 1028.68 -3.02   -934.94 1028.68 -3.02    2391.30 1388.72 352.91 -3.02   0.27 2.11
11082 142.40   36115.57   -272.96 210.23 -3.07   -272.96 210.23 -3.07    1426.66 346.30 39.05 -3.07   0.25 1.45
4091 142.29   2913.34   -1422.83 1100.06 -3.06   -1422.83 1100.06 -3.06    4496.52 1799.75 48.88 -3.06   0.25 1.04
4228 142.28   21743.36   -1687.74 1305.50 -3.04   -1687.74 1305.50 -3.04    2311.86 2136.08 151.40 -3.04   0.25 3.77
4352 140.23   8066.79   -1809.00 1505.50 -3.06   -1809.00 1505.50 -3.06    3414.16 2354.68 536.37 -3.06   0.26 2.95
4412 129.62   29369.96   -1074.24 1297.51 -3.01   -1074.24 1297.51 -3.01    1924.33 1682.58 138.64 -3.01   0.26 3.50
6925 144.28   7494.19   -719.98 517.78 -3.06   -719.98 517.78 -3.06    2924.62 887.83 226.32 -3.06   0.26 2.67
8659 135.20   18767.22   -351.28 348.87 -3.08   -351.28 348.87 -3.08    2302.59 494.49 114.96 -3.08   0.27 1.92
10574 127.84   15088.03   -1496.62 1926.72 -3.02   -1496.62 1926.72 -3.02    2609.05 2437.06 6.43 -3.02   0.26 3.79
11094 126.35   1644.74   -2462.01 3344.97 -3.01   -2462.01 3344.97 -3.01    4563.46 4152.01 -546.02 -3.01   0.26 0.11
11890 136.74   2679.39   -1094.42 1029.84 -3.06   -1094.42 1029.84 -3.06    4421.39 1502.39 22.07 -3.06   0.26 0.89
5527 139.64   45068.77   -731.03 621.18 -3.01   -731.03 621.18 -3.01    1012.56 960.37 211.16 -3.01   0.26 2.96
6129 143.08   46993.30   -107.41 80.71 -3.00   -107.41 80.71 -3.00    871.53 136.49 10.31 -3.00   0.27 3.76
6336 139.59   27320.82   -690.58 587.97 -3.04   -690.58 587.97 -3.04    1856.91 907.98 86.99 -3.04   0.26 1.27
6679 144.40   40852.86   -572.66 410.04 -3.01   -572.66 410.04 -3.01    925.73 704.72 68.28 -3.01   0.26 3.70
7269 132.98   9270.43   -603.70 647.95 -3.01   -603.70 647.95 -3.01    3269.04 884.10 165.06 -3.01   0.26 1.58
8196 137.68   24251.96   -506.35 460.99 -3.05   -506.35 460.99 -3.05    1568.72 684.55 146.10 -3.05   0.27 1.82
8325 137.33   7624.54   -2017.19 1859.62 -3.02   -2017.19 1859.62 -3.02    3741.46 2745.02 611.60 -3.02   0.25 1.94
9812 142.59   3501.22   -2323.38 1776.97 -3.02   -2323.38 1776.97 -3.02    4363.47 2926.71 740.32 -3.02   0.27 2.80
11648 131.74   18968.73   -793.32 889.05 -3.01   -793.32 889.05 -3.01    1603.37 1191.39 274.86 -3.01   0.26 2.73
5602 126.96   9368.73   -354.50 471.10 -3.05   -354.50 471.10 -3.05    2875.03 588.96 -109.23 -3.05   0.26 6.19
6342 143.21   2525.42   -1170.80 875.63 -3.04   -1170.80 875.63 -3.04    4451.53 1464.38 365.38 -3.04   0.26 2.42
8333 141.86   3095.39   -1938.28 1522.03 -3.01   -1938.28 1522.03 -3.01    4429.83 2466.41 -8.46 -3.01   0.25 0.90
10304 134.11   26362.56   -942.97 972.58 -3.02   -942.97 972.58 -3.02    1897.18 1354.92 329.98 -3.02   0.26 2.60
2981 131.01   755.94   -1840.68 2117.07 -3.03   -1840.68 2117.07 -3.03    4861.01 2805.13 102.45 -3.03   0.25 3.71
6483 139.87   9499.73   -1847.00 1556.86 -3.01   -1847.00 1556.86 -3.01    2594.60 2417.95 541.50 -3.01   0.27 2.99
7762 127.76   11922.11   -815.15 1052.38 -3.03   -815.15 1052.38 -3.03    2004.84 1330.02 332.14 -3.03   0.27 1.94
8555 139.65   29541.05   -561.34 476.90 -3.03   -561.34 476.90 -3.03    1720.06 738.56 -69.37 -3.03   0.25 0.52
9490 127.06   635.00   -2251.90 2981.88 -3.08   -2251.90 2981.88 -3.08    4839.67 3735.91 859.23 -3.08   0.25 2.62
12214 125.09   1560.26   -1539.19 2190.79 -3.07   -1539.19 2190.79 -3.07    4067.18 2675.42 471.06 -3.07   0.27 3.02
1149 137.47   20011.91   -508.30 466.29 -3.03   -508.30 466.29 -3.03    1290.93 690.16 167.32 -3.03   0.26 2.66
1464 143.10   7772.14   -1992.87 1496.51 -3.04   -1992.87 1496.51 -3.04    3545.45 2494.19 574.83 -3.04   0.26 2.98
1701 133.55   4688.53   -2049.30 2156.05 -3.04   -2049.30 2156.05 -3.04    3894.29 2973.43 -775.97 -3.04   0.27 5.34
2176 129.47   23337.22   -1016.20 1233.95 -3.01   -1016.20 1233.95 -3.01    2040.69 1597.98 393.04 -3.01   0.25 2.08
2519 135.34   225.28   -1916.35 1893.75 -3.07   -1916.35 1893.75 -3.07    4692.85 2695.30 641.76 -3.07   0.26 2.71
9853 127.18   33641.45   -61.00 80.41 -3.06   -61.00 80.41 -3.06    251.99 100.28 4.65 -3.06   0.27 1.06
9890 130.32   8435.78   -1643.08 1935.83 -3.03   -1643.08 1935.83 -3.03    3425.94 2538.05 401.31 -3.03   0.27 1.36
10582 136.19   7783.09   -1093.84 1049.28 -3.09   -1093.84 1049.28 -3.09    3484.54 1515.15 368.52 -3.09   0.26 2.05
261 137.96   1356.59   -1378.30 1242.70 -3.03   -1378.30 1242.70 -3.03    4291.58 1856.67 89.93 -3.03   0.27 1.03
276 126.18   6561.99   -1061.03 1450.61 -3.07   -1061.03 1450.61 -3.07    2861.86 1794.22 -477.14 -3.07   0.27 5.27
4109 130.84   12947.28   -578.37 669.06 -3.01   -578.37 669.06 -3.01    2014.96 883.45 -92.30 -3.01   0.25 4.28
11628 142.97   15610.81   -1398.70 1055.24 -3.02   -1398.70 1055.24 -3.02    2689.64 1752.42 420.47 -3.02   0.26 2.85
12268 138.82   7097.52   -1446.26 1265.06 -3.05   -1446.26 1265.06 -3.05    3538.87 1923.62 -158.28 -3.05   0.25 4.33
5338 136.14   5695.77   -2095.94 2014.26 -3.00   -2095.94 2014.26 -3.00    3837.85 2906.22 -735.37 -3.00   0.27 5.81
6246 143.10   6432.10   -1103.12 828.33 -3.00   -1103.12 828.33 -3.00    3668.64 1381.02 -190.64 -3.00   0.26 4.63
7686 132.32   8994.04   -914.00 1003.93 -3.05   -914.00 1003.93 -3.05    3074.00 1355.48 -325.69 -3.05   0.26 5.86
9915 140.63   3060.82   -1387.47 1138.41 -3.04   -1387.47 1138.41 -3.04    4108.50 1797.15 -37.00 -3.04   0.27 4.10
12252 142.98   26927.62   -348.56 262.83 -3.05   -348.56 262.83 -3.05    774.54 439.38 107.28 -3.05   0.27 2.21
12268 137.08   9779.82   -387.88 360.74 -3.05   -387.88 360.74 -3.05    3227.87 529.73 -18.84 -3.05   0.27 4.09
1608 136.85   1067.05   -1999.19 1874.01 -3.04   -1999.19 1874.01 -3.04    4689.40 2740.15 690.16 -3.04   0.26 2.23
2788 143.96   4875.33   -1145.20 833.24 -3.02   -1145.20 833.24 -3.02    4011.01 1418.38 365.51 -3.02   0.27 2.70
3809 132.63   1985.98   -1366.51 1484.61 -3.01   -1366.51 1484.61 -3.01    4678.14 2015.86 477.14 -3.01   0.26 2.71
5118 131.71   1090.64   -1577.44 1769.70 -3.03   -1577.44 1769.70 -3.03    4520.58 2369.43 582.56 -3.03   0.26 2.06
8771 137.68   61501.93   -53.80 49.00 -3.03   -53.80 49.00 -3.03    98.34 74.00 14.84 -3.03   0.26 2.92
9936 125.79   3675.85   -799.96 1109.60 -3.01   -799.96 1109.60 -3.01    4372.25 1366.29 -233.30 -3.01   0.26 4.49
10019 142.01   35830.49   -223.28 174.37 -3.04   -223.28 174.37 -3.04    560.23 286.00 73.03 -3.04   0.27 2.45
10342 144.99   11913.29   -923.36 646.79 -3.01   -923.36 646.79 -3.01    2834.89 1128.80 -221.56 -3.01   0.26 4.98
11655 142.58   3765.11   -580.88 444.47 -3.08   -580.88 444.47 -3.08    3741.57 733.40 -140.39 -3.08   0.27 0.15
12073 143.78   8346.36   -973.33 712.81 -3.03   -973.33 712.81 -3.03    3451.44 1208.55 81.20 -3.03   0.27 3.82
46 126.32   4620.35   -1055.80 1436.16 -3.00   -1055.80 1436.16 -3.00    3052.05 1779.83 -245.35 -3.00   0.26 0.09
3185 144.26   2502.04   -466.97 336.01 -3.01   -466.97 336.01 -3.01    3870.69 576.80 -23.74 -3.01   0.26 4.25
4629 126.94   861.36   -1855.42 2467.48 -3.06   -1855.42 2467.48 -3.06    4736.67 3086.13 723.14 -3.06   0.26 1.84
6258 130.19   1446.78   -1573.62 1862.95 -3.04   -1573.62 1862.95 -3.04    4590.38 2437.62 288.91 -3.04   0.25 3.35
11671 135.16   33220.95   -328.40 326.62 -3.02   -328.40 326.62 -3.02    1296.41 463.66 60.28 -3.02   0.26 1.39
203 127.39   5665.19   -609.09 797.05 -3.07   -609.09 797.05 -3.07    3373.68 1000.16 143.31 -3.07   0.26 3.20
2641 135.07   3822.91   -329.45 328.66 -3.06   -329.45 328.66 -3.06    3630.96 465.06 45.03 -3.06   0.27 1.21
5740 132.04   5567.15   -995.04 1103.63 -3.01   -995.04 1103.63 -3.01    3044.93 1485.25 336.75 -3.01   0.27 2.82
7185 129.31   4599.58   -2221.19 2712.54 -3.02   -2221.19 2712.54 -3.02    4187.46 3505.50 808.14 -3.02   0.27 1.74
7300 140.17   6789.48   -1717.56 1432.71 -3.04   -1717.56 1432.71 -3.04    3649.29 2236.22 37.95 -3.04   0.27 0.95
7760 128.64   9477.76   -362.50 453.40 -3.05   -362.50 453.40 -3.05    3039.84 579.88 22.79 -3.05   0.26 0.87
11595 137.09   3975.46   -1812.96 1685.02 -3.03   -1812.96 1685.02 -3.03    3887.89 2476.26 395.58 -3.03   0.27 1.48
11667 132.23   50307.41   -319.02 351.51 -3.04   -319.02 351.51 -3.04    620.01 474.71 19.94 -3.04   0.27 0.95
2666 139.30   3171.86   -1020.00 877.19 -3.07   -1020.00 877.19 -3.07    3673.82 1345.15 252.74 -3.07   0.26 3.18
3025 136.37   1487.82   -803.93 766.39 -3.04   -803.93 766.39 -3.04    4461.51 1111.19 227.38 -3.04   0.26 1.75
4669 136.65   3844.77   -2047.04 1932.22 -3.03   -2047.04 1932.22 -3.03    4254.36 2815.34 704.59 -3.03   0.26 2.65
10832 130.81   1919.31   -1527.99 1769.85 -3.03   -1527.99 1769.85 -3.03    4461.39 2335.99 557.86 -3.03   0.26 1.96
11037 125.97   165.22   -1979.21 2726.92 -3.03   -1979.21 2726.92 -3.03    4972.60 3367.31 850.11 -3.03   0.26 2.42
2459 131.65   2862.55   -1290.04 1450.67 -3.07   -1290.04 1450.67 -3.07    4342.73 1940.33 500.69 -3.07   0.27 2.13
3390 138.72   7547.60   -1005.55 882.67 -3.07   -1005.55 882.67 -3.07    3419.65 1339.32 199.35 -3.07   0.26 3.38
8372 126.45   6917.60   -450.11 609.41 -3.05   -450.11 609.41 -3.05    3136.15 756.46 69.10 -3.05   0.26 3.41
10304 135.75   6747.11   -731.25 712.39 -3.05   -731.25 712.39 -3.05    3163.99 1022.49 255.80 -3.05   0.26 2.61
10724 125.54   9214.01   -964.26 1350.07 -3.01   -964.26 1350.07 -3.01    2280.89 1657.25 -234.98 -3.01   0.26 0.05
1395 143.27   29078.60   -865.59 645.94 -3.02   -865.59 645.94 -3.02    1439.05 1081.70 198.97 -3.02   0.26 3.28
3227 143.29   41296.79   -233.14 173.84 -3.04   -233.14 173.84 -3.04    726.25 294.21 55.13 -3.04   0.27 3.26
4842 135.63   3281.83   -533.28 521.70 -3.04   -533.28 521.70 -3.04    4043.49 746.18 -151.74 -3.04   0.26 4.84
5273 130.73   11119.83   -1877.55 2180.32 -3.03   -1877.55 2180.32 -3.03    3246.63 2875.70 143.27 -3.03   0.25 3.65
1986 126.44   3878.89   -947.58 1283.32 -3.03   -947.58 1283.32 -3.03    3549.92 1592.13 377.34 -3.03   0.26 2.58
7292 125.01   8248.41   -1313.06 1874.36 -3.00   -1313.06 1874.36 -3.00    3339.62 2286.91 554.29 -3.00   0.27 2.59
12416 136.42   20969.24   -1072.58 1020.65 -3.00   -1072.58 1020.65 -3.00    2127.19 1480.72 374.92 -3.00   0.26 2.48
4067 126.36   10758.15   -1454.75 1975.88 -3.04   -1454.75 1975.88 -3.04    3168.47 2451.98 133.21 -3.04   0.27 0.85
4670 138.50   8865.61   -1539.95 1362.33 -3.02   -1539.95 1362.33 -3.02    3377.86 2056.34 31.50 -3.02   0.26 0.92
5379 132.37   539.24   -2476.32 2714.62 -3.01   -2476.32 2714.62 -3.01    5129.42 3674.71 463.02 -3.01   0.26 3.38
6395 144.13   262.78   -2369.28 1712.89 -3.02   -2369.28 1712.89 -3.02    5503.33 2924.09 718.10 -3.02   0.27 2.87
6530 129.46   1101.75   -600.58 729.56 -3.06   -600.58 729.56 -3.06    4865.60 943.46 126.99 -3.06   0.27 3.29
543 127.33   12340.88   -1606.47 2106.17 -3.03   -1606.47 2106.17 -3.03    2837.85 2647.04 626.84 -3.03   0.26 2.57
1975 136.92   12327.44   -1129.87 1056.59 -3.03   -1129.87 1056.59 -3.03    2879.04 1548.70 -364.50 -3.03   0.25 5.91
2883 134.92   3141.03   -539.44 541.00 -3.04   -539.44 541.00 -3.04    4046.92 763.66 21.18 -3.04   0.26 3.82
3234 132.02   2660.00   -2349.75 2608.04 -3.05   -2349.75 2608.04 -3.05    4359.81 3509.13 250.25 -3.05   0.27 3.60
3728 144.35   5545.56   -1707.87 1224.97 -3.03   -1707.87 1224.97 -3.03    3709.37 2103.01 -438.13 -3.03   0.26 0.01
6376 129.65   19491.72   -774.11 934.14 -3.05   -774.11 934.14 -3.05    2195.07 1213.92 317.46 -3.05   0.27 2.23
8203 128.94   30007.72   -347.14 429.61 -3.08   -347.14 429.61 -3.08    1612.38 552.15 93.18 -3.08   0.27 1.43
9160 140.44   213.12   -1854.28 1532.08 -3.01   -1854.28 1532.08 -3.01    4866.40 2407.09 433.73 -3.01   0.26 1.68
9500 132.28   15880.38   -1619.19 1780.75 -3.02   -1619.19 1780.75 -3.02    2688.76 2406.33 449.88 -3.02   0.26 3.08
5577 125.90   11681.37   -1172.31 1619.50 -3.01   -1172.31 1619.50 -3.01    2136.69 1997.12 108.63 -3.01   0.25 0.86
7342 139.82   31927.43   -670.68 566.28 -3.05   -670.68 566.28 -3.05    1449.19 878.14 -110.59 -3.05   0.27 4.50
8739 136.90   1549.42   -1928.97 1804.82 -3.08   -1928.97 1804.82 -3.08    4041.06 2640.87 620.18 -3.08   0.27 1.93
106 132.22   1747.75   -1411.81 1555.76 -3.01   -1411.81 1555.76 -3.01    4181.66 2099.56 -60.67 -3.01   0.26 0.64
2114 125.27   8939.41   -883.93 1249.69 -3.08   -883.93 1249.69 -3.08    3217.44 1528.85 395.95 -3.08   0.27 2.31
3834 143.78   5574.29   -1951.99 1429.71 -3.03   -1951.99 1429.71 -3.03    3875.61 2420.98 531.22 -3.03   0.26 1.99
4913 143.47   8445.37   -1713.27 1269.34 -3.01   -1713.27 1269.34 -3.01    3529.57 2134.25 552.28 -3.01   0.26 2.53
5469 135.99   50133.17   -140.35 135.55 -3.06   -140.35 135.55 -3.06    447.23 196.21 7.22 -3.06   0.26 1.08
7851 126.15   9045.62   -636.82 871.72 -3.03   -636.82 871.72 -3.03    2955.74 1079.42 -149.22 -3.03   0.26 4.33
8697 136.01   9016.98   -1847.29 1783.29 -3.04   -1847.29 1783.29 -3.04    3086.59 2567.88 -426.43 -3.04   0.26 4.64
9518 140.63   14228.33   -1097.77 900.72 -3.05   -1097.77 900.72 -3.05    2765.32 1420.96 299.80 -3.05   0.26 1.86
662 141.75   6109.26   -779.40 614.52 -3.05   -779.40 614.52 -3.05    3491.14 994.79 245.96 -3.05   0.27 2.14
3856 138.57   12635.50   -906.90 800.37 -3.05   -906.90 800.37 -3.05    2754.84 1209.53 253.37 -3.05   0.26 1.82
6705 134.55   3063.61   -548.43 557.06 -3.02   -548.43 557.06 -3.02    4093.23 780.60 201.49 -3.02   0.27 2.28
289 128.66   1462.41   -1491.32 1864.38 -3.01   -1491.32 1864.38 -3.01    4652.76 2385.62 537.21 -3.01   0.26 2.77
9785 139.36   2995.93   -973.24 835.24 -3.04   -973.24 835.24 -3.04    4336.23 1283.34 -157.15 -3.04   0.27 0.40
455 133.58   12550.28   -1331.97 1399.79 -3.05   -1331.97 1399.79 -3.05    2959.66 1931.58 251.52 -3.05   0.25 1.32
3575 134.56   17110.96   -370.30 376.04 -3.05   -370.30 376.04 -3.05    1908.72 527.14 -75.85 -3.05   0.25 0.22
6386 137.70   9470.33   -1228.28 1117.52 -3.01   -1228.28 1117.52 -3.01    3277.82 1660.18 323.76 -3.01   0.26 3.12
8593 134.59   10123.98   -858.04 870.42 -3.03   -858.04 870.42 -3.03    2998.76 1221.85 180.76 -3.03   0.25 3.28
7840 130.47   8328.30   -1402.08 1643.09 -3.04   -1402.08 1643.09 -3.04    3115.95 2160.00 154.90 -3.04   0.26 1.00
10655 136.80   10666.46   -1679.12 1576.59 -3.02   -1679.12 1576.59 -3.02    3076.48 2302.97 378.91 -3.02   0.27 1.49
5376 139.27   6607.71   -466.89 402.06 -3.07   -466.89 402.06 -3.07    2949.35 617.52 146.95 -3.07   0.26 2.16
6628 127.11   4729.32   -2042.84 2700.24 -3.00   -2042.84 2700.24 -3.00    3979.42 3384.08 9.74 -3.00   0.26 0.67
6683 131.01   2342.90   -1236.37 1421.84 -3.05   -1236.37 1421.84 -3.05    4441.42 1884.95 -203.89 -3.05   0.27 0.31
6938 143.55   37015.56   -476.99 352.32 -3.06   -476.99 352.32 -3.06    1288.09 594.23 99.77 -3.06   0.26 3.36
9744 131.06   15803.26   -639.46 734.00 -3.01   -639.46 734.00 -3.01    2701.53 971.72 -75.10 -3.01   0.26 4.16
9886 143.39   21720.30   -532.11 395.28 -3.03   -532.11 395.28 -3.03    1315.62 664.74 -97.09 -3.03   0.27 0.39
9043 126.20   5847.14   -553.37 756.10 -3.03   -553.37 756.10 -3.03    3428.69 934.02 231.23 -3.03   0.25 2.27
10089 133.93   1439.04   -1964.40 2039.10 -3.04   -1964.40 2039.10 -3.04    4733.22 2831.25 683.79 -3.04   0.26 2.70
227 141.89   4983.61   -1188.93 932.46 -3.01   -1188.93 932.46 -3.01    3856.21 1512.28 -286.59 -3.01   0.26 0.12
1798 138.88   9847.13   -2012.79 1757.12 -3.01   -2012.79 1757.12 -3.01    3551.36 2673.19 -141.94 -3.01   0.26 0.66
7385 137.53   7313.59   -613.56 561.62 -3.05   -613.56 561.62 -3.05    2824.98 833.21 -216.85 -3.05   0.26 5.43
8012 139.93   10813.04   -1308.70 1100.87 -3.06   -1308.70 1100.87 -3.06    2902.38 1710.09 -113.15 -3.06   0.26 4.27
10967 135.66   8448.19   -287.86 281.26 -3.01   -287.86 281.26 -3.01    3744.31 401.39 98.23 -3.01   0.27 2.11
11397 126.93   13498.11   -582.78 775.38 -3.01   -582.78 775.38 -3.01    2917.87 968.41 -110.56 -3.01   0.26 0.21
432 127.00   589.87   -1715.74 2276.91 -3.00   -1715.74 2276.91 -3.00    4892.47 2848.35 534.19 -3.00   0.27 1.45
1198 144.79   1178.70   -2416.69 1705.37 -3.03   -2416.69 1705.37 -3.03    4516.62 2960.43 437.50 -3.03   0.26 3.49
1370 142.83   23703.52   -1107.99 839.95 -3.01   -1107.99 839.95 -3.01    1745.65 1392.35 235.10 -3.01   0.26 1.65
4179 141.37   12816.42   -1214.86 970.83 -3.07   -1214.86 970.83 -3.07    2041.37 1557.76 291.59 -3.07   0.26 1.72
9001 128.75   5025.04   -1299.77 1619.68 -3.01   -1299.77 1619.68 -3.01    4123.78 2076.30 -474.01 -3.01   0.27 4.86
10084 133.05   53333.44   -342.57 366.77 -3.00   -342.57 366.77 -3.00    571.71 501.91 -78.38 -3.00   0.27 0.17
2225 134.01   50325.16   -128.79 133.33 -3.01   -128.79 133.33 -3.01    361.00 186.01 -41.00 -3.01   0.26 4.88
3223 132.73   1558.21   -500.36 541.68 -3.04   -500.36 541.68 -3.04    4198.99 735.59 -70.86 -3.04   0.25 4.28
5312 125.92   8020.41   -912.25 1259.48 -3.02   -912.25 1259.48 -3.02    2932.06 1554.66 378.99 -3.02   0.27 2.56
5424 126.15   8225.43   -1102.12 1508.66 -3.02   -1102.12 1508.66 -3.02    3726.39 1865.80 418.58 -3.02   0.25 1.75
7272 140.72   770.98   -1400.96 1145.83 -3.05   -1400.96 1145.83 -3.05    4787.38 1811.94 387.59 -3.05   0.27 1.85
1406 144.54   14092.35   -1637.32 1166.33 -3.05   -1637.32 1166.33 -3.05    2438.27 2012.94 221.60 -3.05   0.27 3.66
5437 134.02   3006.94   -1257.03 1300.56 -3.03   -1257.03 1300.56 -3.03    4686.69 1806.79 374.94 -3.03   0.26 1.72
8435 138.85   5034.03   -700.51 612.18 -3.04   -700.51 612.18 -3.04    3757.90 930.32 49.77 -3.04   0.26 1.09
11034 138.45   86.07   -2205.26 1954.63 -3.01   -2205.26 1954.63 -3.01    5380.66 2947.86 773.33 -3.01   0.27 2.55
576 136.29   4513.65   -2425.66 2318.85 -3.00   -2425.66 2318.85 -3.00    3619.26 3356.85 829.30 -3.00   0.26 2.70
7198 134.23   36580.57   -283.10 290.84 -3.00   -283.10 290.84 -3.00    876.90 406.04 99.28 -3.00   0.26 2.16
1636 127.91   27638.07   -690.64 886.96 -3.00   -690.64 886.96 -3.00    1796.98 1122.47 -245.86 -3.00   0.25 5.92
5087 143.50   1507.51   -457.38 338.43 -3.05   -457.38 338.43 -3.05    3880.02 572.06 -133.69 -3.05   0.26 6.14
5785 134.63   11691.32   -1580.08 1600.63 -3.03   -1580.08 1600.63 -3.03    2612.11 2249.29 234.07 -3.03   0.26 3.50
728 134.06   5813.87   -1221.16 1261.83 -3.00   -1221.16 1261.83 -3.00    3381.45 1757.11 436.59 -3.00   0.26 2.12
746 126.67   5711.76   -1464.66 1967.28 -3.04   -1464.66 1967.28 -3.04    3482.45 2450.96 105.89 -3.04   0.26 3.61
1869 127.97   35953.04   -153.78 197.03 -3.06   -153.78 197.03 -3.06    1020.50 248.33 -17.32 -3.06   0.26 4.07
2022 137.41   42853.17   -257.20 236.40 -3.06   -257.20 236.40 -3.06    1014.90 350.34 -88.09 -3.06   0.26 5.87
236 135.13   1179.13   -1212.58 1206.97 -3.05   -1212.58 1206.97 -3.05    4690.29 1711.38 -427.95 -3.05   0.26 5.20
4104 143.59   4742.87   -2325.70 1715.39 -3.02   -2325.70 1715.39 -3.02    4121.43 2891.63 157.08 -3.02   0.26 3.87
6096 143.63   6242.77   -1511.81 1113.52 -3.04   -1511.81 1113.52 -3.04    3683.47 1879.87 -32.64 -3.04   0.26 4.14
6128 135.88   1985.53   -2016.06 1955.15 -3.05   -2016.06 1955.15 -3.05    4450.62 2808.48 653.88 -3.05   0.25 2.00
424 137.52   4920.36   -992.16 908.58 -3.05   -992.16 908.58 -3.05    3956.68 1345.82 285.47 -3.05   0.26 1.83
2547 143.62   5506.28   -728.03 536.34 -3.02   -728.03 536.34 -3.02    3719.34 906.35 -237.00 -3.02   0.27 5.87
2755 138.32   10135.96   -839.29 747.34 -3.02   -839.29 747.34 -3.02    3044.80 1124.84 -245.96 -3.02   0.26 5.01