2113 129.75   1022.51   -904.03 1087.16 -3.02   -904.03 1087.16 -3.02    5113.43 1414.35 96.77 -3.02   0.08 2.81
8116 140.20   4172.57   -1840.91 1533.58 -3.05   -1840.91 1533.58 -3.05    4038.16 2397.48 159.60 -3.05   0.08 2.98
8381 130.41   4254.88   -862.40 1013.11 -3.05   -862.40 1013.11 -3.05    4343.82 1330.08 -45.49 -3.05   0.09 4.22
8516 126.05   42752.33   -433.36 595.32 -3.02   -433.36 595.32 -3.02    955.82 734.40 -59.30 -3.02   0.09 5.88
9113 140.91   2297.59   -1835.13 1490.63 -3.03   -1835.13 1490.63 -3.03    4418.21 2364.76 -61.59 -3.03   0.09 4.33
12857 126.68   7499.38   -266.72 358.05 -3.10   -266.72 358.05 -3.10    3516.25 444.08 32.39 -3.10   0.08 2.45
15371 143.04   16249.19   -1707.84 1285.29 -3.02   -1707.84 1285.29 -3.02    2585.27 2140.04 -34.53 -3.02   0.08 4.26
18233 141.27   10643.50   -147.92 118.64 -3.05   -147.92 118.64 -3.05    2962.46 190.66 -11.18 -3.05   0.09 0.46
18360 130.53   6932.47   -1004.08 1174.38 -3.03   -1004.08 1174.38 -3.03    3639.33 1544.17 32.50 -3.03   0.09 0.97
22315 135.90   6873.59   -1089.16 1055.54 -3.07   -1089.16 1055.54 -3.07    3820.49 1518.72 127.96 -3.07   0.09 2.18
1205 134.30   9276.81   -1758.89 1802.42 -3.02   -1758.89 1802.42 -3.02    3232.28 2519.52 108.34 -3.02   0.08 3.34
1515 140.08   49693.61   -185.09 154.86 -3.03   -185.09 154.86 -3.03    593.56 240.95 14.03 -3.03   0.08 2.97
3673 136.78   12041.73   -927.46 871.42 -3.01   -927.46 871.42 -3.01    2807.15 1273.67 28.19 -3.01   0.09 1.10
8019 129.63   12188.23   -374.41 452.10 -3.03   -374.41 452.10 -3.03    2942.76 586.05 30.16 -3.03   0.09 1.36
8571 143.61   10940.88   -360.61 265.81 -3.01   -360.61 265.81 -3.01    2893.44 450.90 37.53 -3.01   0.09 2.72
11887 139.52   9985.77   -609.63 520.29 -3.02   -609.63 520.29 -3.02    2282.32 802.27 53.63 -3.02   0.08 1.92
16242 133.46   3788.29   -1515.43 1599.02 -3.07   -1515.43 1599.02 -3.07    4141.82 2203.33 -158.17 -3.07   0.08 5.99
24304 143.57   50577.28   -320.30 236.40 -3.01   -320.30 236.40 -3.01    707.49 401.08 -35.19 -3.01   0.08 5.77
25668 139.47   3841.69   -2301.91 1967.79 -3.01   -2301.91 1967.79 -3.01    3724.34 3030.18 192.70 -3.01   0.08 1.82
3961 140.57   23998.18   -394.59 324.41 -3.05   -394.59 324.41 -3.05    1796.47 513.80 -48.43 -3.05   0.09 5.78
7971 142.59   11379.48   -1214.70 929.17 -3.02   -1214.70 929.17 -3.02    2052.59 1530.81 129.64 -3.02   0.09 2.15
12476 141.60   4453.65   -1790.83 1419.15 -3.03   -1790.83 1419.15 -3.03    3477.61 2286.24 78.92 -3.03   0.09 3.66
14152 138.23   9384.28   -746.87 667.08 -3.01   -746.87 667.08 -3.01    2683.89 1001.55 -22.39 -3.01   0.09 0.62
21471 141.51   6700.87   -1706.86 1357.28 -3.00   -1706.86 1357.28 -3.00    2714.42 2181.77 -114.96 -3.00   0.09 0.26
22737 138.37   5650.20   -1079.53 959.46 -3.05   -1079.53 959.46 -3.05    4087.58 1443.25 7.58 -3.05   0.10 0.93
3805 136.80   38591.09   -771.14 724.03 -3.02   -771.14 724.03 -3.02    1271.47 1058.33 80.31 -3.02   0.09 1.86
5305 141.89   23354.49   -122.96 96.44 -3.03   -122.96 96.44 -3.03    2041.58 158.18 -10.55 -3.03   0.09 0.46
8628 129.07   38800.10   -202.78 249.75 -3.08   -202.78 249.75 -3.08    1246.01 319.60 -10.04 -3.08   0.09 0.48
12974 127.55   10340.59   -1496.45 1946.88 -3.09   -1496.45 1946.88 -3.09    3242.04 2453.91 -18.74 -3.09   0.09 0.59
25023 136.83   40189.72   -195.65 183.56 -3.07   -195.65 183.56 -3.07    900.89 269.06 -25.60 -3.07   0.09 5.12
27355 133.91   39348.00   -238.18 247.40 -3.04   -238.18 247.40 -3.04    1226.61 342.78 27.48 -3.04   0.09 2.14
664 141.98   34113.76   -840.99 657.50 -3.00   -840.99 657.50 -3.00    1288.49 1067.66 83.19 -3.00   0.08 2.72
1580 126.92   30163.62   -329.51 438.50 -3.03   -329.51 438.50 -3.03    1655.75 547.95 19.95 -3.03   0.08 1.21
2100 139.59   2601.36   -1266.27 1077.99 -3.01   -1266.27 1077.99 -3.01    4520.01 1664.23 149.66 -3.01   0.09 2.48
3911 137.13   7104.13   -879.34 816.39 -3.02   -879.34 816.39 -3.02    3167.21 1200.51 35.96 -3.02   0.08 1.24
7338 139.57   2818.44   -1553.35 1323.49 -3.04   -1553.35 1323.49 -3.04    4390.41 2042.13 180.47 -3.04   0.09 2.58
10098 137.24   31699.00   -946.46 875.28 -3.02   -946.46 875.28 -3.02    1457.99 1290.43 42.65 -3.02   0.08 3.52
13228 128.87   25858.56   -830.43 1030.35 -3.01   -830.43 1030.35 -3.01    1974.58 1320.83 102.34 -3.01   0.09 2.79
15239 128.64   34704.80   -213.71 267.37 -3.07   -213.71 267.37 -3.07    1026.68 341.22 18.50 -3.07   0.08 1.62
15318 139.95   157.77   -1413.41 1188.05 -3.02   -1413.41 1188.05 -3.02    4316.70 1848.14 -24.43 -3.02   0.09 4.15
19592 141.94   1510.27   -1821.94 1426.64 -3.03   -1821.94 1426.64 -3.03    3817.43 2315.41 185.15 -3.03   0.09 2.98
19685 126.73   17235.80   -641.98 860.34 -3.03   -641.98 860.34 -3.03    2283.31 1071.76 54.38 -3.03   0.09 3.13
26137 125.48   866.81   -877.57 1231.20 -3.07   -877.57 1231.20 -3.07    4331.48 1509.09 -121.50 -3.07   0.09 4.83
5112 137.33   8917.78   -1054.02 971.48 -3.07   -1054.02 971.48 -3.07    3242.74 1434.51 49.98 -3.07   0.08 3.50
6926 141.67   6361.16   -243.88 192.84 -3.02   -243.88 192.84 -3.02    3209.64 312.33 22.08 -3.02   0.08 2.25
7236 136.53   1824.38   -1716.84 1627.48 -3.00   -1716.84 1627.48 -3.00    4575.51 2366.88 152.84 -3.00   0.08 3.04
9113 138.12   6354.37   -560.47 502.55 -3.10   -560.47 502.55 -3.10    3272.69 752.40 59.56 -3.10   0.09 2.71
9190 125.15   2167.56   -1473.54 2092.45 -3.08   -1473.54 2092.45 -3.08    4300.34 2556.97 235.31 -3.08   0.10 2.42
24843 141.49   29554.52   -414.28 329.63 -3.05   -414.28 329.63 -3.05    1936.46 530.44 3.54 -3.05   0.08 1.08
26486 134.96   22073.12   -1087.52 1089.15 -3.03   -1087.52 1089.15 -3.03    2137.42 1538.22 53.78 -3.03   0.09 1.21
27916 136.26   8578.27   -877.00 839.32 -3.04   -877.00 839.32 -3.04    2316.59 1212.43 84.76 -3.04   0.08 2.88
2166 128.37   7818.05   -1519.62 1919.15 -3.03   -1519.62 1919.15 -3.03    3297.01 2447.51 -138.23 -3.03   0.08 4.57
8087 136.36   39011.59   -586.89 559.58 -3.03   -586.89 559.58 -3.03    1233.94 813.15 -35.44 -3.03   0.09 0.37
10190 136.12   31639.15   -581.95 559.57 -3.02   -581.95 559.57 -3.02    1634.88 808.13 14.64 -3.02   0.09 1.07
10469 125.68   14953.16   -454.66 633.27 -3.03   -454.66 633.27 -3.03    2633.30 777.50 64.43 -3.03   0.09 2.46
16139 129.63   32753.55   -336.14 405.88 -3.02   -336.14 405.88 -3.02    951.14 526.24 18.38 -3.02   0.09 1.18
17705 127.35   2656.79   -1387.50 1817.76 -3.08   -1387.50 1817.76 -3.08    4117.80 2284.70 214.19 -3.08   0.10 2.15
17815 139.11   8077.85   -273.84 237.12 -3.07   -273.84 237.12 -3.07    3432.91 361.44 -10.44 -3.07   0.09 0.67
19247 125.74   1400.15   -1696.23 2357.24 -3.03   -1696.23 2357.24 -3.03    5043.01 2903.47 48.33 -3.03   0.08 3.54
21463 135.10   5246.10   -1009.17 1005.77 -3.03   -1009.17 1005.77 -3.03    3817.92 1424.79 55.89 -3.03   0.09 3.45
26485 128.34   468.36   -773.74 978.34 -3.04   -773.74 978.34 -3.04    4691.76 1246.99 8.90 -3.04   0.09 3.71
29509 138.18   19240.18   -706.64 632.18 -3.02   -706.64 632.18 -3.02    1523.71 950.17 -70.14 -3.02   0.09 4.94
2770 125.58   21547.04   -426.65 596.30 -3.05   -426.65 596.30 -3.05    1601.16 730.23 26.91 -3.05   0.09 3.29
4448 138.27   42374.08   -190.96 170.30 -3.02   -190.96 170.30 -3.02    856.02 257.57 15.25 -3.02   0.09 1.82
7151 134.81   19376.33   -959.65 965.99 -3.04   -959.65 965.99 -3.04    2330.21 1361.95 62.64 -3.04   0.08 1.42
7891 127.25   19456.89   -1171.34 1540.62 -3.01   -1171.34 1540.62 -3.01    2097.65 1932.51 156.08 -3.01   0.09 1.79
7966 141.52   990.45   -2620.98 2083.38 -3.03   -2620.98 2083.38 -3.03    4971.83 3349.76 197.07 -3.03   0.09 3.36
9039 125.99   30793.84   -945.22 1301.29 -3.00   -945.22 1301.29 -3.00    1750.24 1606.49 133.15 -3.00   0.09 2.31
13802 128.56   35850.12   -292.76 367.24 -3.07   -292.76 367.24 -3.07    911.95 468.46 5.91 -3.07   0.09 0.91
13908 134.85   29422.06   -77.42 77.81 -3.01   -77.42 77.81 -3.01    882.72 110.48 7.44 -3.01   0.10 2.30
14130 129.24   25.27   -1711.93 2095.95 -3.03   -1711.93 2095.95 -3.03    5239.84 2705.84 177.91 -3.03   0.10 3.06
15684 128.29   8519.85   -1115.65 1412.91 -3.02   -1115.65 1412.91 -3.02    2467.94 1798.39 -148.23 -3.02   0.09 4.96
18416 144.50   25463.46   -487.90 347.99 -3.04   -487.90 347.99 -3.04    1359.48 601.26 48.33 -3.04   0.09 2.30
23020 133.71   13518.45   -1155.84 1209.26 -3.03   -1155.84 1209.26 -3.03    2846.13 1671.95 -91.77 -3.03   0.08 0.04
23612 131.67   6005.21   -1543.93 1734.52 -3.01   -1543.93 1734.52 -3.01    3497.18 2320.76 -215.99 -3.01   0.09 5.25
617 136.31   17231.60   -1220.17 1165.49 -3.04   -1220.17 1165.49 -3.04    2541.86 1688.53 141.13 -3.04   0.09 2.21
3174 130.94   166.27   -2459.25 2834.76 -3.02   -2459.25 2834.76 -3.02    5184.28 3751.01 330.93 -3.02   0.09 2.25
14220 138.69   17134.19   -1578.06 1386.61 -3.02   -1578.06 1386.61 -3.02    2575.51 2101.56 -160.24 -3.02   0.08 5.88
15609 135.28   4581.87   -798.74 790.95 -3.03   -798.74 790.95 -3.03    3938.01 1124.31 79.39 -3.03   0.09 2.97
18920 130.54   1496.27   -585.74 684.89 -3.01   -585.74 684.89 -3.01    3799.24 900.19 -59.92 -3.01   0.09 6.25
20187 138.09   4492.49   -1487.41 1335.22 -3.02   -1487.41 1335.22 -3.02    3961.10 1999.16 106.02 -3.02   0.09 3.36
21391 129.57   22572.03   -791.09 957.12 -3.03   -791.09 957.12 -3.03    1853.08 1241.27 47.74 -3.03   0.09 3.39
2356 128.07   4822.94   -657.94 840.05 -3.06   -657.94 840.05 -3.06    3594.31 1064.15 67.43 -3.06   0.08 2.85
2836 127.95   1932.84   -1124.85 1442.21 -3.06   -1124.85 1442.21 -3.06    5165.08 1826.03 127.64 -3.06   0.08 1.67
4950 141.96   12399.85   -1676.10 1311.58 -3.04   -1676.10 1311.58 -3.04    2573.30 2130.40 -34.42 -3.04   0.09 4.22
8106 129.83   38746.99   -83.88 100.57 -3.01   -83.88 100.57 -3.01    510.84 130.39 2.39 -3.01   0.08 1.33
11295 138.15   7784.32   -383.62 343.55 -3.04   -383.62 343.55 -3.04    3495.09 515.95 40.94 -3.04   0.09 2.10
14006 142.83   3093.91   -801.95 608.10 -3.02   -801.95 608.10 -3.02    3777.98 1006.44 51.89 -3.02   0.09 3.39
4876 144.53   22153.05   -501.79 357.59 -3.01   -501.79 357.59 -3.01    2037.81 617.00 34.48 -3.01   0.09 1.73
5456 130.72   38501.86   -102.53 119.11 -3.05   -102.53 119.11 -3.05    1135.47 155.54 -0.06 -3.05   0.09 3.72
7513 130.04   24979.91   -271.35 322.89 -3.10   -271.35 322.89 -3.10    1960.74 419.53 28.87 -3.10   0.08 2.65
7932 126.13   11587.40   -1323.66 1813.19 -3.07   -1323.66 1813.19 -3.07    3062.54 2242.82 169.75 -3.07   0.09 1.64
11738 132.24   42085.52   -137.72 151.69 -3.02   -137.72 151.69 -3.02    927.20 203.70 -18.59 -3.02   0.09 4.91
16899 126.25   4776.43   -740.55 1009.97 -3.08   -740.55 1009.97 -3.08    3946.74 1251.45 -0.40 -3.08   0.09 3.76
20100 133.80   34260.52   -133.68 139.39 -3.02   -133.68 139.39 -3.02    302.07 193.10 -3.55 -3.02   0.09 0.79
2591 138.29   8012.31   -209.51 186.76 -3.10   -209.51 186.76 -3.10    3431.43 281.56 -8.45 -3.10   0.09 0.66
9379 125.21   21897.66   -781.12 1106.77 -3.02   -781.12 1106.77 -3.02    1711.40 1353.42 -20.41 -3.02   0.08 0.46
14162 142.26   2619.16   -834.60 645.93 -3.01   -834.60 645.93 -3.01    3807.63 1056.34 -26.80 -3.01   0.09 4.31
18013 138.25   10440.55   -946.15 844.47 -3.05   -946.15 844.47 -3.05    2440.38 1269.38 -60.20 -3.05   0.09 0.34
20619 128.94   28603.75   -785.58 972.19 -3.03   -785.58 972.19 -3.03    1712.46 1248.11 90.72 -3.03   0.08 1.95
4266 138.65   6742.36   -1287.59 1133.12 -3.02   -1287.59 1133.12 -3.02    2916.81 1716.20 134.65 -3.02   0.10 1.86
10171 140.55   31564.50   -816.13 671.47 -3.01   -816.13 671.47 -3.01    1543.89 1057.24 38.14 -3.01   0.09 3.61
11499 144.35   47729.43   -514.94 369.37 -3.00   -514.94 369.37 -3.00    738.18 636.68 54.08 -3.00   0.09 2.49
12325 138.14   16078.39   -807.33 723.48 -3.02   -807.33 723.48 -3.02    2612.75 1085.56 -23.52 -3.02   0.09 0.64
19500 143.32   2579.41   -1337.10 995.85 -3.07   -1337.10 995.85 -3.07    4711.86 1669.07 128.76 -3.07   0.09 2.00
19672 129.81   8669.26   -339.94 407.92 -3.03   -339.94 407.92 -3.03    3046.74 529.11 -20.11 -3.03   0.09 4.22
21937 132.88   4374.93   -1332.05 1434.58 -3.06   -1332.05 1434.58 -3.06    4054.46 1956.14 170.10 -3.06   0.09 2.60
5181 128.85   13310.07   -1143.90 1420.26 -3.01   -1143.90 1420.26 -3.01    2478.74 1823.17 156.59 -3.01   0.09 2.41
5558 137.00   16775.52   -397.49 370.61 -3.04   -397.49 370.61 -3.04    1794.55 544.85 42.11 -3.04   0.09 2.65
5657 126.28   6108.09   -530.15 722.28 -3.02   -530.15 722.28 -3.02    2969.01 894.72 -71.23 -3.02   0.09 5.85
6680 138.64   60456.13   -87.27 76.82 -3.04   -87.27 76.82 -3.04    180.13 117.31 -0.19 -3.04   0.09 1.23
11591 125.54   3457.95   -849.04 1188.46 -3.03   -849.04 1188.46 -3.03    3861.41 1459.04 107.92 -3.03   0.09 1.71
14678 142.66   18224.09   -965.72 736.69 -3.05   -965.72 736.69 -3.05    2388.29 1216.15 -18.92 -3.05   0.09 0.77
15076 144.84   4926.31   -2188.65 1541.61 -3.00   -2188.65 1541.61 -3.00    3682.17 2680.44 -162.86 -3.00   0.08 4.90
18221 140.63   13621.15   -487.38 399.91 -3.04   -487.38 399.91 -3.04    2548.45 631.13 -33.07 -3.04   0.09 4.63
20281 125.83   29399.22   -914.58 1266.67 -3.00   -914.58 1266.67 -3.00    1780.46 1559.42 99.76 -3.00   0.09 2.92
2830 126.48   1144.56   -1085.07 1467.43 -3.01   -1085.07 1467.43 -3.01    4665.76 1824.10 80.28 -3.01   0.09 3.24
4596 142.02   2673.35   -224.47 175.25 -3.00   -224.47 175.25 -3.00    4273.05 286.28 22.71 -3.00   0.09 2.49
8862 136.83   19899.18   -682.25 639.93 -3.00   -682.25 639.93 -3.00    2095.06 936.80 -89.46 -3.00   0.09 5.44
12190 133.31   48367.96   -95.00 100.76 -3.03   -95.00 100.76 -3.03    485.84 138.78 -9.79 -3.03   0.08 4.62
17759 140.14   54629.08   -262.77 219.38 -3.02   -262.77 219.38 -3.02    458.53 344.25 14.60 -3.02   0.08 3.35
21587 128.58   33791.80   -100.31 125.72 -3.08   -100.31 125.72 -3.08    1322.73 160.30 4.89 -3.08   0.08 1.42
1923 132.06   870.30   -2122.61 2352.58 -3.06   -2122.61 2352.58 -3.06    4848.26 3168.04 96.16 -3.06   0.08 1.13
3117 127.65   3206.16   -952.84 1235.16 -3.02   -952.84 1235.16 -3.02    4089.44 1558.05 117.49 -3.02   0.09 1.69
7148 130.38   52549.53   -324.13 381.07 -3.00   -324.13 381.07 -3.00    570.31 497.69 -17.48 -3.00   0.08 4.23
11701 131.94   17183.82   -795.38 885.22 -3.07   -795.38 885.22 -3.07    2544.38 1188.76 46.76 -3.07   0.08 1.27
12127 135.80   3675.15   -1458.73 1418.39 -3.01   -1458.73 1418.39 -3.01    4107.66 2034.14 83.39 -3.01   0.09 1.27
12989 129.39   6104.71   -482.12 587.22 -3.05   -482.12 587.22 -3.05    3975.08 758.48 -44.69 -3.05   0.09 0.08
14342 130.96   16431.63   -344.69 397.05 -3.06   -344.69 397.05 -3.06    2146.79 524.74 21.83 -3.06   0.08 3.24
16507 130.54   5342.99   -1803.65 2109.18 -3.00   -1803.65 2109.18 -3.00    3748.35 2773.85 -64.69 -3.00   0.09 0.47
17798 133.81   32875.50   -7.19 7.50 -3.08   -7.19 7.50 -3.08    374.22 17.17 -4.58 -3.08   0.09 0.09
26230 132.97   39322.92   -302.40 324.64 -3.04   -302.40 324.64 -3.04    1138.18 443.37 22.31 -3.04   0.08 3.15
1359 136.22   18359.23   -1175.18 1126.37 -3.03   -1175.18 1126.37 -3.03    2179.46 1628.92 -135.83 -3.03   0.09 5.11
4064 128.12   8903.35   -1607.68 2048.61 -3.01   -1607.68 2048.61 -3.01    3230.28 2604.38 -32.09 -3.01   0.09 0.54
4606 127.57   4432.51   -323.57 420.59 -3.05   -323.57 420.59 -3.05    3670.54 528.08 36.26 -3.05   0.09 2.78
10932 129.66   1466.49   -658.41 794.23 -3.09   -658.41 794.23 -3.09    4981.38 1028.92 79.72 -3.09   0.09 1.85
13476 133.94   36103.87   -148.53 154.15 -3.04   -148.53 154.15 -3.04    994.61 213.57 -20.44 -3.04   0.09 5.89
16015 134.74   2623.15   -976.32 985.34 -3.07   -976.32 985.34 -3.07    4271.75 1386.90 -135.21 -3.07   0.10 5.40
18585 125.88   40261.99   -88.83 122.81 -3.05   -88.83 122.81 -3.05    809.59 150.75 3.74 -3.05   0.09 3.31
20551 137.21   3326.29   -1182.07 1094.41 -3.07   -1182.07 1094.41 -3.07    3722.61 1612.52 -130.21 -3.07   0.09 5.05
23194 143.51   25798.42   -1203.34 890.03 -3.01   -1203.34 890.03 -3.01    1806.93 1497.79 -132.59 -3.01   0.09 5.83
23965 126.56   5097.68   -1468.82 1980.61 -3.01   -1468.82 1980.61 -3.01    3828.87 2463.76 -198.29 -3.01   0.09 4.85
27446 142.36   2932.18   -2311.54 1783.00 -3.03   -2311.54 1783.00 -3.03    4105.65 2920.95 -46.95 -3.03   0.08 0.73
27513 136.08   30689.79   -393.27 378.75 -3.04   -393.27 378.75 -3.04    740.92 547.05 41.05 -3.04   0.08 2.68
27544 133.55   2957.19   -2082.62 2190.89 -3.04   -2082.62 2190.89 -3.04    4493.03 3023.51 -87.23 -3.04   0.08 4.26
7808 143.17   26415.08   -851.14 637.35 -3.02   -851.14 637.35 -3.02    1600.93 1065.31 -13.98 -3.02   0.08 0.81
9387 136.82   18531.09   -726.54 681.90 -3.02   -726.54 681.90 -3.02    2361.62 997.62 25.71 -3.02   0.08 3.61
10328 135.14   1981.94   -2132.11 2121.75 -3.02   -2132.11 2121.75 -3.02    3975.04 3007.52 -262.09 -3.02   0.10 5.94
12534 144.60   166.03   -2338.24 1661.56 -3.01   -2338.24 1661.56 -3.01    4698.93 2870.69 206.11 -3.01   0.08 2.10
13399 130.31   6847.87   -615.61 725.71 -3.06   -615.61 725.71 -3.06    3018.66 950.63 -84.56 -3.06   0.09 5.56
13612 143.10   6032.55   -2124.84 1595.30 -3.01   -2124.84 1595.30 -3.01    3672.72 2659.04 -28.55 -3.01   0.09 4.18
16912 135.24   20520.72   -1172.12 1162.29 -3.03   -1172.12 1162.29 -3.03    1936.42 1649.47 -124.48 -3.03   0.09 6.15
79 125.51   58549.34   -52.85 74.05 -3.04   -52.85 74.05 -3.04    140.01 88.50 -6.10 -3.04   0.09 4.29
8512 132.52   8346.39   -471.48 514.11 -3.05   -471.48 514.11 -3.05    3512.03 696.66 -54.64 -3.05   0.08 5.89
12623 131.42   66.27   -1773.66 2010.53 -3.06   -1773.66 2010.53 -3.06    5408.03 2678.86 130.77 -3.06   0.08 1.37
16211 129.99   4869.75   -1019.75 1215.81 -3.01   -1019.75 1215.81 -3.01    3755.77 1585.32 46.86 -3.01   0.09 3.49
20046 126.45   29240.04   -373.51 505.73 -3.08   -373.51 505.73 -3.08    1701.93 627.11 -42.99 -3.08   0.08 6.03
25762 132.10   16185.40   -1220.43 1350.65 -3.01   -1220.43 1350.65 -3.01    2359.02 1821.33 -39.00 -3.01   0.08 4.12
2160 136.92   5186.19   -1408.79 1317.41 -3.03   -1408.79 1317.41 -3.03    3205.91 1930.14 161.16 -3.03   0.09 2.70
2655 133.36   1621.46   -1717.97 1819.16 -3.01   -1717.97 1819.16 -3.01    3635.52 2502.00 97.57 -3.01   0.08 1.27
5394 137.63   3185.03   -1056.08 963.34 -3.00   -1056.08 963.34 -3.00    3474.11 1430.54 10.83 -3.00   0.10 0.94
19488 129.15   50928.43   -34.34 42.19 -3.01   -34.34 42.19 -3.01    73.63 55.33 -7.22 -3.01   0.08 5.18
21593 132.07   7095.04   -786.58 871.54 -3.05   -786.58 871.54 -3.05    3716.56 1173.81 10.98 -3.05   0.08 3.74
22488 134.18   632.35   -871.76 897.08 -3.04   -871.76 897.08 -3.04    4749.76 1250.04 -118.04 -3.04   0.09 5.50
8249 144.30   5331.18   -963.37 692.22 -3.01   -963.37 692.22 -3.01    3871.26 1189.10 -17.14 -3.01   0.09 4.23
8297 137.74   7567.37   -1632.16 1483.14 -3.05   -1632.16 1483.14 -3.05    3536.52 2207.37 42.60 -3.05   0.09 1.07
8697 130.99   22670.28   -584.21 672.33 -3.03   -584.21 672.33 -3.03    2154.33 888.60 31.11 -3.03   0.09 3.43
9327 137.66   30094.80   -213.49 194.51 -3.07   -213.49 194.51 -3.07    1391.86 289.18 -3.01 -3.07   0.08 0.87
22462 135.33   12757.64   -627.34 620.22 -3.08   -627.34 620.22 -3.08    2980.33 883.27 -49.27 -3.08   0.08 0.08
22939 126.28   37396.20   -289.61 394.50 -3.05   -289.61 394.50 -3.05    1231.84 486.80 34.13 -3.05   0.09 2.71
23378 135.18   14871.84   -1192.26 1184.60 -3.01   -1192.26 1184.60 -3.01    2566.95 1680.66 -43.46 -3.01   0.09 4.20
25287 142.21   7375.60   -1786.62 1385.23 -3.04   -1786.62 1385.23 -3.04    3990.48 2263.12 160.19 -3.04   0.08 1.99
4253 125.58   34266.89   -83.41 116.58 -3.08   -83.41 116.58 -3.08    833.31 143.19 -9.41 -3.08   0.09 0.20
4762 125.03   41813.39   -476.03 678.99 -3.02   -476.03 678.99 -3.02    1042.05 826.81 61.91 -3.02   0.08 2.50
7997 134.00   1815.24   -935.84 969.04 -3.02   -935.84 969.04 -3.02    4527.00 1347.87 -74.80 -3.02   0.08 0.07
9784 127.36   9965.76   -994.13 1302.14 -3.09   -994.13 1302.14 -3.09    3156.71 1636.84 2.88 -3.09   0.10 0.70
9998 127.15   21259.28   -455.00 600.47 -3.07   -455.00 600.47 -3.07    1714.38 753.50 -66.56 -3.07   0.09 5.18
10488 138.09   2528.71   -1940.57 1741.50 -3.02   -1940.57 1741.50 -3.02    4241.74 2608.04 -222.34 -3.02   0.09 6.03
16335 137.33   15174.10   -1008.75 929.79 -3.01   -1008.75 929.79 -3.01    2669.27 1371.62 87.25 -3.01   0.08 1.73
19001 126.63   4581.62   -1398.07 1880.40 -3.00   -1398.07 1880.40 -3.00    4210.17 2342.02 104.80 -3.00   0.09 1.17
20908 137.68   5757.59   -929.74 846.70 -3.03   -929.74 846.70 -3.03    3177.59 1257.40 -58.44 -3.03   0.09 0.33
22849 136.17   14467.26   -865.91 831.36 -3.04   -865.91 831.36 -3.04    2741.91 1198.94 78.79 -3.04   0.08 1.79
1231 130.68   27911.00   -921.30 1072.04 -3.01   -921.30 1072.04 -3.01    1469.55 1413.05 23.68 -3.01   0.09 3.65
1872 140.51   456.57   -1583.83 1305.27 -3.02   -1583.83 1305.27 -3.02    4699.13 2052.29 36.89 -3.02   0.08 1.12
3587 127.47   10624.12   -415.19 541.67 -3.02   -415.19 541.67 -3.02    3281.03 681.35 -60.91 -3.02   0.09 5.81
4487 131.15   11138.67   -1356.24 1552.04 -3.04   -1356.24 1552.04 -3.04    2852.04 2059.87 156.93 -3.04   0.09 1.72
4821 131.23   25792.96   -798.93 911.57 -3.00   -798.93 911.57 -3.00    2035.67 1212.66 62.61 -3.00   0.09 3.22
5734 132.98   9943.05   -1366.74 1466.54 -3.02   -1366.74 1466.54 -3.02    2398.36 2004.50 16.74 -3.02   0.09 0.87
9158 143.32   5321.10   -2038.63 1518.20 -3.08   -2038.63 1518.20 -3.08    3785.61 2542.70 -143.56 -3.08   0.09 4.75
11272 137.91   51450.81   -76.83 69.40 -3.02   -76.83 69.40 -3.02    240.12 105.77 5.35 -3.02   0.08 2.81
1896 128.39   4227.47   -2110.04 2663.55 -3.00   -2110.04 2663.55 -3.00    3972.97 3396.44 277.13 -3.00   0.09 1.79
2844 140.04   39155.95   -715.52 599.57 -3.01   -715.52 599.57 -3.01    1189.11 935.01 -79.34 -3.01   0.09 6.05
3754 141.01   29520.12   -960.16 777.36 -3.00   -960.16 777.36 -3.00    1621.98 1236.46 20.65 -3.00   0.08 3.80
4796 140.16   1362.07   -1462.54 1220.23 -3.01   -1462.54 1220.23 -3.01    4400.19 1907.54 -113.23 -3.01   0.09 4.76
5885 134.47   26310.19   -914.12 931.34 -3.00   -914.12 931.34 -3.00    1628.25 1305.62 -61.62 -3.00   0.08 0.20
6677 136.93   698.23   -2500.78 2338.05 -3.03   -2500.78 2338.05 -3.03    5001.20 3424.22 260.26 -3.03   0.08 2.74
15165 143.97   1213.57   -1104.50 803.35 -3.02   -1104.50 803.35 -3.02    4443.91 1367.37 -20.07 -3.02   0.08 0.80
3996 140.39   8183.55   -995.27 823.73 -3.04   -995.27 823.73 -3.04    3191.74 1293.04 87.37 -3.04   0.09 3.15
9994 126.83   58829.81   -140.94 188.16 -3.03   -140.94 188.16 -3.03    314.15 234.91 13.99 -3.03   0.09 2.84
10088 133.62   2115.90   -1710.12 1794.36 -3.07   -1710.12 1794.36 -3.07    4120.66 2478.37 211.38 -3.07   0.10 2.77
11894 138.18   2390.38   -1511.57 1352.51 -3.04   -1511.57 1352.51 -3.04    4290.62 2029.39 -99.79 -3.04   0.09 0.25
1438 131.53   5668.05   -1933.34 2183.06 -3.04   -1933.34 2183.06 -3.04    3738.71 2913.82 138.13 -3.04   0.09 3.29
8740 131.38   8741.66   -1518.29 1723.52 -3.02   -1518.29 1723.52 -3.02    3545.86 2296.41 -169.98 -3.02   0.08 5.84
9148 125.50   3006.86   -1733.25 2429.88 -3.03   -1733.25 2429.88 -3.03    4439.36 2981.36 96.18 -3.03   0.08 3.34
10553 128.65   6772.86   -1533.64 1917.48 -3.00   -1533.64 1917.48 -3.00    3338.31 2452.98 -42.69 -3.00   0.09 0.50
11180 128.15   7207.35   -821.58 1045.73 -3.01   -821.58 1045.73 -3.01    3552.64 1328.67 86.20 -3.01   0.08 2.89
13169 136.16   32483.39   -115.77 111.17 -3.09   -115.77 111.17 -3.09    553.37 159.66 9.18 -3.09   0.08 2.70
14860 138.92   6381.06   -1568.70 1367.32 -3.01   -1568.70 1367.32 -3.01    3186.67 2080.56 -66.52 -3.01   0.08 4.39
46 135.35   2271.41   -1356.82 1340.43 -3.01   -1356.82 1340.43 -3.01    4210.03 1907.63 155.95 -3.01   0.09 2.70
2008 129.15   53082.46   -205.09 251.91 -3.00   -205.09 251.91 -3.00    431.07 324.65 14.83 -3.00   0.08 1.50
4187 137.79   26829.03   -1189.47 1079.03 -3.00   -1189.47 1079.03 -3.00    1711.49 1607.45 51.47 -3.00   0.09 1.24
8778 144.78   19620.14   -935.48 660.40 -3.02   -935.48 660.40 -3.02    1734.63 1146.72 47.61 -3.02   0.09 1.49
9152 128.28   11515.58   -1291.23 1636.14 -3.02   -1291.23 1636.14 -3.02    2830.91 2084.52 -111.34 -3.02   0.08 4.49
12999 135.68   1640.30   -1872.64 1828.71 -3.02   -1872.64 1828.71 -3.02    4506.44 2619.35 32.44 -3.02   0.09 3.79
223 129.46   1719.12   -1159.84 1409.01 -3.04   -1159.84 1409.01 -3.04    3750.50 1823.40 -159.25 -3.04   0.09 5.08
4478 134.11   82.65   -851.76 878.70 -3.00   -851.76 878.70 -3.00    4563.81 1222.82 -71.83 -3.00   0.09 4.56
6125 144.70   52373.68   -306.87 217.24 -3.02   -306.87 217.24 -3.02    594.87 377.36 22.42 -3.02   0.08 2.02
10639 134.43   22314.06   -911.81 930.10 -3.04   -911.81 930.10 -3.04    1921.86 1301.59 -104.71 -3.04   0.09 6.00
11153 135.27   11031.91   -1350.21 1337.57 -3.02   -1350.21 1337.57 -3.02    2244.26 1900.21 157.38 -3.02   0.10 1.88
12648 126.86   20329.88   -1123.81 1499.22 -3.00   -1123.81 1499.22 -3.00    2170.30 1873.76 -78.80 -3.00   0.08 4.33
12792 125.10   2577.39   -355.42 505.78 -3.07   -355.42 505.78 -3.07    4391.45 615.90 12.98 -3.07   0.09 3.47
12822 125.94   12137.57   -1586.10 2188.20 -3.00   -1586.10 2188.20 -3.00    3278.15 2700.84 -219.93 -3.00   0.08 5.16
13210 135.70   6506.85   -655.50 639.78 -3.02   -655.50 639.78 -3.02    3695.78 916.83 -23.85 -3.02   0.08 4.25
658 131.66   34989.40   -494.39 555.73 -3.00   -494.39 555.73 -3.00    1354.76 742.93 34.49 -3.00   0.08 1.40
1044 128.61   9492.39   -1057.19 1323.97 -3.00   -1057.19 1323.97 -3.00    3145.12 1692.64 -146.47 -3.00   0.09 5.68
1939 132.36   2363.13   -1509.58 1655.24 -3.02   -1509.58 1655.24 -3.02    4490.78 2240.53 -177.64 -3.02   0.09 6.05
5118 130.31   2395.61   -1522.05 1794.35 -3.03   -1522.05 1794.35 -3.03    4003.21 2351.52 90.99 -3.03   0.09 1.17
5601 140.22   4645.35   -1039.52 865.50 -3.03   -1039.52 865.50 -3.03    3892.78 1353.75 -127.19 -3.03   0.09 5.79
5866 143.28   2925.19   -1164.73 868.91 -3.07   -1164.73 868.91 -3.07    3962.19 1454.99 -46.58 -3.07   0.08 4.44
6498 142.47   3691.20   -1836.33 1410.47 -3.06   -1836.33 1410.47 -3.06    3802.46 2317.00 66.77 -3.06   0.09 1.25
9875 125.30   6432.34   -1893.17 2674.30 -3.04   -1893.17 2674.30 -3.04    3667.24 3274.52 267.96 -3.04   0.09 1.79
14319 134.06   12293.03   -554.32 572.85 -3.04   -554.32 572.85 -3.04    2988.00 796.93 53.58 -3.04   0.09 3.06
842 131.86   8733.23   -1055.95 1178.44 -3.04   -1055.95 1178.44 -3.04    3358.30 1581.21 112.79 -3.04   0.09 2.96
4301 134.23   6249.08   -177.46 182.32 -3.06   -177.46 182.32 -3.06    3442.19 254.70 -3.25 -3.06   0.09 3.96
10456 127.63   4524.48   -1568.29 2034.31 -3.00   -1568.29 2034.31 -3.00    4205.13 2567.15 -205.29 -3.00   0.08 5.23
1033 143.81   1342.56   -2878.63 2106.12 -3.02   -2878.63 2106.12 -3.02    4518.96 3568.23 320.44 -3.02   0.09 2.77
9428 129.41   12299.67   -806.60 981.56 -3.07   -806.60 981.56 -3.07    2918.65 1268.43 -38.97 -3.07   0.09 0.37
8699 137.70   10121.82   -945.10 860.12 -3.01   -945.10 860.12 -3.01    3050.57 1279.03 91.49 -3.01   0.09 3.05
10474 141.42   2605.72   -2228.80 1777.75 -3.06   -2228.80 1777.75 -3.06    4353.86 2852.21 -250.35 -3.06   0.09 5.92
2694 130.96   7081.36   -146.72 169.01 -3.02   -146.72 169.01 -3.02    3028.76 222.37 11.54 -3.02   0.08 3.01
4794 134.79   361.05   -2268.80 2285.10 -3.05   -2268.80 2285.10 -3.05    4956.25 3221.25 79.76 -3.05   0.08 1.12
10793 137.29   11616.15   -1742.54 1608.47 -3.06   -1742.54 1608.47 -3.06    2762.25 2371.85 67.62 -3.06   0.08 3.61
565 142.66   50211.76   -574.50 438.23 -3.00   -574.50 438.23 -3.00    741.83 724.66 12.47 -3.00   0.08 1.19
5444 129.77   9748.25   -1283.63 1542.13 -3.05   -1283.63 1542.13 -3.05    2669.30 2004.63 88.17 -3.05   0.09 1.25
7405 133.73   19832.75   -391.91 409.63 -3.05   -391.91 409.63 -3.05    1535.14 567.13 -28.12 -3.05   0.09 4.47
7703 140.05   9555.86   -1585.57 1328.15 -3.01   -1585.57 1328.15 -3.01    3165.12 2069.70 -17.95 -3.01   0.09 4.11
8780 142.69   2382.73   -1937.90 1476.95 -3.01   -1937.90 1476.95 -3.01    4397.50 2437.22 -153.98 -3.01   0.09 0.13
440 134.15   5838.73   -1386.53 1428.38 -3.03   -1386.53 1428.38 -3.03    3799.56 1991.93 141.38 -3.03   0.09 1.67
2754 134.61   5136.04   -1461.47 1481.67 -3.03   -1461.47 1481.67 -3.03    4096.07 2082.09 -174.17 -3.03   0.10 6.03
3690 129.52   3135.21   -1547.30 1875.65 -3.02   -1547.30 1875.65 -3.02    4236.34 2429.90 -166.30 -3.02   0.09 6.11