609 135.76   13917.39   -360.40 350.91 -3.04   -360.40 350.91 -3.04    2401.20 503.52 12.38 -3.04   0.08 1.22
653 131.03   9547.24   -836.19 961.06 -3.05   -836.19 961.06 -3.05    3139.46 1272.88 -68.77 -3.05   0.09 0.10
5251 138.84   16128.44   -1059.77 926.51 -3.02   -1059.77 926.51 -3.02    2839.29 1408.31 -133.23 -3.02   0.09 5.67
1779 142.89   1208.54   -1184.60 896.27 -3.02   -1184.60 896.27 -3.02    3908.40 1486.50 -66.14 -3.02   0.08 0.39
3367 125.80   1934.48   -2426.11 3363.56 -3.07   -2426.11 3363.56 -3.07    4391.11 4146.27 43.77 -3.07   0.09 3.64
4294 128.23   4336.42   -996.85 1265.45 -3.01   -996.85 1265.45 -3.01    4738.18 1609.97 46.90 -3.01   0.09 3.44
3647 140.47   29853.37   -913.76 754.06 -3.01   -913.76 754.06 -3.01    1552.98 1184.91 38.12 -3.01   0.09 3.63
4128 144.11   1458.54   -1150.18 832.16 -3.00   -1150.18 832.16 -3.00    4777.44 1422.39 113.57 -3.00   0.08 2.65
5409 132.20   7690.67   -1278.60 1410.12 -3.02   -1278.60 1410.12 -3.02    3457.96 1903.90 -82.34 -3.02   0.09 4.38
5735 134.00   13465.99   -618.21 640.11 -3.03   -618.21 640.11 -3.03    2833.75 890.06 -65.07 -3.03   0.09 6.19
7115 131.31   11646.63   -1482.80 1687.14 -3.04   -1482.80 1687.14 -3.04    2899.00 2245.81 144.64 -3.04   0.10 3.11
2458 132.15   12636.59   -1733.94 1915.78 -3.02   -1733.94 1915.78 -3.02    3020.40 2583.31 73.56 -3.02   0.08 3.52
3050 140.34   962.44   -2141.77 1775.92 -3.06   -2141.77 1775.92 -3.06    4704.28 2782.81 259.27 -3.06   0.09 2.50
3703 144.80   44930.05   -147.81 104.25 -3.07   -147.81 104.25 -3.07    906.73 184.74 -20.78 -3.07   0.10 5.73
4028 140.70   8167.94   -313.51 256.62 -3.06   -313.51 256.62 -3.06    2916.64 407.40 35.03 -3.06   0.09 2.62
4643 141.95   2047.94   -2403.21 1880.87 -3.01   -2403.21 1880.87 -3.01    3833.71 3052.57 -187.46 -3.01   0.09 4.84
3209 143.10   15663.42   -858.62 644.77 -3.00   -858.62 644.77 -3.00    2246.75 1076.37 73.03 -3.00   0.08 2.97
3594 129.82   53359.39   -217.96 261.40 -3.05   -217.96 261.40 -3.05    528.19 340.06 -10.95 -3.05   0.09 0.47
2540 136.12   6894.43   -1525.52 1467.26 -3.00   -1525.52 1467.26 -3.00    3617.51 2115.90 -60.59 -3.00   0.09 0.50
3165 142.24   1678.40   -1804.87 1397.90 -3.03   -1804.87 1397.90 -3.03    4415.61 2282.93 52.25 -3.03   0.08 3.76
3216 139.34   8871.35   -1355.62 1164.46 -3.01   -1355.62 1164.46 -3.01    3280.70 1788.10 151.22 -3.01   0.09 2.79
4086 128.64   7612.58   -433.19 541.95 -3.07   -433.19 541.95 -3.07    3528.75 692.67 52.70 -3.07   0.09 2.59
4219 134.53   24735.41   -712.00 723.85 -3.03   -712.00 723.85 -3.03    2101.69 1016.55 47.50 -3.03   0.08 3.29
3892 138.36   13815.64   -968.66 861.36 -3.04   -968.66 861.36 -3.04    2474.67 1297.98 38.85 -3.04   0.08 3.60
2621 131.33   2551.17   -973.27 1106.65 -3.04   -973.27 1106.65 -3.04    3854.11 1472.69 -1.32 -3.04   0.08 0.74
2014 125.29   1933.16   -1035.38 1462.61 -3.08   -1035.38 1462.61 -3.08    4421.32 1791.09 78.35 -3.08   0.09 3.26
3830 128.90   44446.31   -461.48 571.96 -3.04   -461.48 571.96 -3.04    874.71 733.41 -20.30 -3.04   0.10 4.09
4291 134.39   5243.56   -1790.06 1828.83 -3.04   -1790.06 1828.83 -3.04    4251.11 2558.86 59.20 -3.04   0.08 1.08
4078 143.61   27783.05   -603.86 444.97 -3.01   -603.86 444.97 -3.01    1568.87 751.80 -33.02 -3.01   0.09 4.54
3541 137.17   19765.73   -1043.69 967.39 -3.03   -1043.69 967.39 -3.03    1566.19 1424.36 -95.01 -3.03   0.08 6.23
1756 141.85   11697.33   -1694.66 1331.10 -3.00   -1694.66 1331.10 -3.00    3117.93 2155.51 113.04 -3.00   0.09 3.42
677 131.37   7957.49   -1039.79 1180.84 -3.08   -1039.79 1180.84 -3.08    3472.02 1571.88 143.56 -3.08   0.09 2.31
743 125.14   23094.03   -683.87 971.73 -3.01   -683.87 971.73 -3.01    2113.66 1187.49 51.24 -3.01   0.08 1.22
1086 129.31   17110.39   -695.52 849.31 -3.02   -695.52 849.31 -3.02    1701.43 1097.36 -80.66 -3.02   0.08 4.89
3124 126.55   16417.58   -824.97 1112.85 -3.05   -824.97 1112.85 -3.05    2682.73 1382.44 -99.54 -3.05   0.08 5.88
27 125.79   1167.97   -171.01 237.21 -3.01   -171.01 237.21 -3.01    4913.90 289.94 0.18 -3.01   0.09 3.68
1613 135.16   7819.03   -1380.34 1372.63 -3.03   -1380.34 1372.63 -3.03    3165.97 1945.70 146.07 -3.03   0.09 2.95
3231 127.63   88.57   -976.94 1267.04 -3.05   -976.94 1267.04 -3.05    4966.61 1598.50 -78.98 -3.05   0.08 0.05
1350 135.53   8480.28   -1009.05 990.45 -3.06   -1009.05 990.45 -3.06    3155.48 1415.92 -125.68 -3.06   0.09 5.72
3310 137.31   52888.73   -241.90 223.11 -3.01   -241.90 223.11 -3.01    476.33 328.89 10.94 -3.01   0.09 1.33
1771 141.62   5253.15   -798.07 632.15 -3.06   -798.07 632.15 -3.06    3954.81 1018.62 70.61 -3.06   0.08 1.98
2195 127.37   22977.02   -852.36 1116.23 -3.01   -852.36 1116.23 -3.01    1919.25 1404.54 29.10 -3.01   0.08 0.94
2690 141.61   10382.41   -539.22 427.20 -3.02   -539.22 427.20 -3.02    2445.76 689.10 25.69 -3.02   0.09 1.43
1039 129.06   738.17   -1950.08 2403.35 -3.05   -1950.08 2403.35 -3.05    4059.02 3094.70 113.50 -3.05   0.09 1.13
1217 144.67   6359.22   -2312.86 1639.21 -3.07   -2312.86 1639.21 -3.07    3675.18 2837.67 -257.84 -3.07   0.09 5.47
1220 131.56   1431.44   -951.56 1073.17 -3.05   -951.56 1073.17 -3.05    4604.84 1432.40 79.91 -3.05   0.09 3.19
1445 139.78   31248.95   -916.13 774.69 -3.05   -916.13 774.69 -3.05    1603.98 1201.21 -102.94 -3.05   0.09 5.28
4693 143.35   339.40   -1835.76 1365.84 -3.05   -1835.76 1365.84 -3.05    4941.31 2290.95 -126.62 -3.05   0.08 0.20
4798 133.60   3780.11   -1992.11 2091.90 -3.05   -1992.11 2091.90 -3.05    3957.46 2888.95 -168.21 -3.05   0.08 4.68
6079 127.61   9914.58   -65.93 85.60 -3.04   -65.93 85.60 -3.04    2951.95 107.43 -5.82 -3.04   0.09 0.45
7730 138.31   2368.89   -1127.01 1003.85 -3.04   -1127.01 1003.85 -3.04    4668.68 1511.62 20.20 -3.04   0.09 1.02
5247 144.18   4371.50   -1122.20 809.90 -3.07   -1122.20 809.90 -3.07    4078.23 1384.73 28.96 -3.07   0.09 1.21
6891 143.91   6507.50   -1090.43 794.97 -3.02   -1090.43 794.97 -3.02    3870.39 1351.51 -115.95 -3.02   0.09 5.25
5947 128.14   9700.08   -1346.37 1714.89 -3.05   -1346.37 1714.89 -3.05    2985.46 2178.86 139.99 -3.05   0.10 1.43
612 134.88   5047.24   -1538.52 1544.75 -3.03   -1538.52 1544.75 -3.03    3985.73 2180.72 72.79 -3.03   0.08 3.49
2409 140.51   507.35   -2360.22 1945.12 -3.08   -2360.22 1945.12 -3.08    4816.24 3061.31 -245.85 -3.08   0.09 5.13
4528 142.33   3432.24   -1766.12 1363.39 -3.04   -1766.12 1363.39 -3.04    4276.74 2232.62 -164.09 -3.04   0.08 6.08
2360 133.04   28303.45   -648.21 694.25 -3.02   -648.21 694.25 -3.02    1803.39 949.54 -21.75 -3.02   0.09 0.55
2798 129.78   4753.22   -1502.08 1804.21 -3.05   -1502.08 1804.21 -3.05    3842.52 2345.49 -215.46 -3.05   0.09 5.19
3632 128.95   13269.40   -968.85 1198.51 -3.05   -968.85 1198.51 -3.05    2386.67 1540.12 -43.28 -3.05   0.09 0.40
4751 139.98   40154.18   -298.06 250.29 -3.02   -298.06 250.29 -3.02    504.23 392.35 24.94 -3.02   0.08 2.92
1960 138.57   17754.06   -446.32 393.92 -3.06   -446.32 393.92 -3.06    1944.36 596.25 -22.21 -3.06   0.10 4.35
2154 131.18   588.66   -1639.31 1873.76 -3.04   -1639.31 1873.76 -3.04    4511.69 2488.09 -199.24 -3.04   0.09 4.99
2344 143.93   17057.10   -547.48 398.77 -3.09   -547.48 398.77 -3.09    2471.52 677.79 -62.52 -3.09   0.10 6.08
5136 130.08   9372.09   -437.01 519.29 -3.08   -437.01 519.29 -3.08    2636.05 678.86 49.67 -3.08   0.08 1.96
396 126.36   28454.34   -600.12 815.10 -3.04   -600.12 815.10 -3.04    1769.58 1009.46 -46.14 -3.04   0.09 4.28
1063 139.53   18168.27   -506.05 431.79 -3.00   -506.05 431.79 -3.00    1585.39 665.57 -58.78 -3.00   0.09 6.03
4013 141.16   13583.52   -921.30 741.75 -3.02   -921.30 741.75 -3.02    2025.21 1185.03 44.92 -3.02   0.08 1.44
6617 133.85   8727.45   -1564.14 1627.95 -3.06   -1564.14 1627.95 -3.06    3646.98 2257.73 125.79 -3.06   0.09 3.19
1114 144.75   1540.82   -2293.78 1621.06 -3.03   -2293.78 1621.06 -3.03    4547.43 2812.02 -189.85 -3.03   0.08 6.24
4598 143.15   2600.17   -2471.77 1852.25 -3.08   -2471.77 1852.25 -3.08    4549.17 3091.67 84.50 -3.08   0.08 1.28
4752 141.87   4502.66   -1463.95 1149.27 -3.03   -1463.95 1149.27 -3.03    2949.00 1863.15 154.91 -3.03   0.09 2.05
4785 136.80   3317.33   -1740.70 1634.79 -3.01   -1740.70 1634.79 -3.01    3699.48 2388.49 -108.01 -3.01   0.09 4.49
1649 144.72   5318.73   -259.15 183.36 -3.03   -259.15 183.36 -3.03    3644.59 319.85 26.74 -3.03   0.09 2.68
7694 133.45   50685.62   -76.21 80.46 -3.02   -76.21 80.46 -3.02    181.05 112.60 -12.59 -3.02   0.09 5.21
946 131.90   28452.19   -582.38 648.98 -3.07   -582.38 648.98 -3.07    1502.35 870.72 -32.16 -3.07   0.09 0.38
1230 132.79   4294.63   -1338.66 1446.28 -3.03   -1338.66 1446.28 -3.03    3952.32 1969.39 36.17 -3.03   0.09 3.66
1344 138.50   13654.83   -1299.44 1149.51 -3.04   -1299.44 1149.51 -3.04    2444.81 1736.18 -54.17 -3.04   0.09 4.33
3764 136.68   15614.31   -752.80 709.80 -3.07   -752.80 709.80 -3.07    2304.63 1033.21 -96.49 -3.07   0.09 5.80
4804 127.10   26855.96   -73.17 96.75 -3.01   -73.17 96.75 -3.01    761.33 120.34 2.61 -3.01   0.09 1.30
429 132.76   6008.74   -1430.50 1547.21 -3.00   -1430.50 1547.21 -3.00    3580.59 2106.90 64.61 -3.00   0.08 3.48
1427 138.20   418.84   -1404.46 1255.51 -3.04   -1404.46 1255.51 -3.04    4617.97 1882.88 91.54 -3.04   0.08 3.35
1188 139.34   1798.35   -944.32 810.97 -3.00   -944.32 810.97 -3.00    4948.77 1246.30 105.25 -3.00   0.09 2.71
3619 140.85   42615.47   -472.43 384.58 -3.05   -472.43 384.58 -3.05    1010.56 610.33 46.78 -3.05   0.09 2.88
5493 142.28   7213.69   -666.94 515.81 -3.02   -666.94 515.81 -3.02    3547.48 845.07 66.63 -3.02   0.09 2.88
754 131.25   5268.95   -723.83 825.34 -3.07   -723.83 825.34 -3.07    3858.73 1097.65 -90.75 -3.07   0.09 4.91
1459 133.71   14890.80   -1289.67 1349.01 -3.01   -1289.67 1349.01 -3.01    2848.29 1867.22 119.92 -3.01   0.09 1.57
3854 129.08   2047.78   -1091.21 1343.73 -3.04   -1091.21 1343.73 -3.04    4330.12 1729.41 -36.29 -3.04   0.09 0.47
4538 137.08   9093.81   -739.06 687.18 -3.02   -739.06 687.18 -3.02    3311.44 1009.21 24.94 -3.02   0.08 3.64
1426 138.53   6575.62   -1455.13 1285.93 -3.01   -1455.13 1285.93 -3.01    3569.67 1944.53 -25.84 -3.01   0.10 4.12
3654 143.24   12324.31   -1803.55 1347.14 -3.00   -1803.55 1347.14 -3.00    2876.00 2252.47 139.29 -3.00   0.09 3.33
4022 142.90   51637.45   -217.82 164.73 -3.02   -217.82 164.73 -3.02    363.74 275.85 -25.52 -3.02   0.08 5.79
4284 126.31   54722.14   -57.78 78.63 -3.05   -57.78 78.63 -3.05    379.28 97.04 -6.61 -3.05   0.09 4.32
1538 127.53   994.05   -1734.24 2257.63 -3.01   -1734.24 2257.63 -3.01    4833.14 2844.07 44.26 -3.01   0.08 3.60
3796 129.03   54367.66   -176.50 217.73 -3.02   -176.50 217.73 -3.02    461.15 278.86 5.78 -3.02   0.08 1.11
4859 135.88   31797.63   -431.54 418.49 -3.01   -431.54 418.49 -3.01    1671.97 602.44 44.70 -3.01   0.08 2.54
992 130.61   12016.47   -795.98 928.41 -3.02   -795.98 928.41 -3.02    2258.72 1221.25 -50.02 -3.02   0.09 0.30
2097 130.00   894.91   -922.66 1099.42 -3.07   -922.66 1099.42 -3.07    4069.52 1434.71 129.08 -3.07   0.10 2.02
4059 139.82   46716.45   -493.01 416.36 -3.03   -493.01 416.36 -3.03    933.19 646.87 54.16 -3.03   0.09 2.50
4689 141.20   3231.00   -1346.36 1082.66 -3.06   -1346.36 1082.66 -3.06    4507.12 1729.63 -134.89 -3.06   0.08 5.97
6723 134.81   497.40   -1060.84 1067.77 -3.07   -1060.84 1067.77 -3.07    4675.77 1504.23 49.36 -3.07   0.09 3.53
3737 129.59   7165.94   -560.61 677.95 -3.00   -560.61 677.95 -3.00    3194.94 879.20 62.87 -3.00   0.09 1.76
6371 139.99   50527.68   -95.16 79.88 -3.09   -95.16 79.88 -3.09    589.26 124.85 2.35 -3.09   0.08 1.53
707 130.05   7747.38   -1258.90 1497.69 -3.03   -1258.90 1497.69 -3.03    3590.29 1955.67 -112.55 -3.03   0.08 4.57
5058 126.70   1045.72   -1234.88 1656.69 -3.01   -1234.88 1656.69 -3.01    4628.11 2063.38 117.23 -3.01   0.09 1.39
5836 135.56   3264.04   -763.02 748.23 -3.04   -763.02 748.23 -3.04    3600.54 1067.54 -59.36 -3.04   0.09 4.56
2810 138.63   7401.51   -1539.22 1355.67 -3.07   -1539.22 1355.67 -3.07    3165.55 2052.16 -172.57 -3.07   0.08 5.46
4180 138.72   1194.55   -472.16 414.55 -3.08   -472.16 414.55 -3.08    4897.66 629.41 -32.67 -3.08   0.09 0.30
4984 137.84   8954.92   -1147.17 1038.91 -3.02   -1147.17 1038.91 -3.02    3073.78 1548.28 48.95 -3.02   0.09 1.22
1112 133.15   13174.84   -344.69 367.66 -3.04   -344.69 367.66 -3.04    1805.86 504.62 10.81 -3.04   0.10 3.62
4741 140.80   521.09   -840.79 685.64 -3.01   -840.79 685.64 -3.01    4709.93 1085.82 -95.94 -3.01   0.09 5.77
5057 128.45   9035.54   -1389.88 1750.19 -3.03   -1389.88 1750.19 -3.03    3191.46 2232.62 -196.00 -3.03   0.09 5.18
6600 126.62   14034.55   -722.80 972.68 -3.01   -722.80 972.68 -3.01    2791.05 1210.42 28.38 -3.01   0.09 3.49
850 138.49   1530.55   -1320.45 1168.58 -3.09   -1320.45 1168.58 -3.09    4651.75 1764.31 28.24 -3.09   0.09 1.04
1284 136.95   9128.35   -868.75 811.43 -3.02   -868.75 811.43 -3.02    3034.07 1188.43 108.13 -3.02   0.10 2.61
3836 143.52   5804.49   -1946.57 1439.21 -3.06   -1946.57 1439.21 -3.06    3671.50 2424.08 213.14 -3.06   0.09 2.85
4407 132.11   20634.37   -950.38 1051.48 -3.02   -950.38 1051.48 -3.02    1862.30 1415.46 44.42 -3.02   0.08 3.48
5114 135.35   33201.18   -347.58 343.35 -3.08   -347.58 343.35 -3.08    1615.89 490.19 16.10 -3.08   0.08 1.30
1054 140.58   2546.67   -1035.87 851.51 -3.08   -1035.87 851.51 -3.08    3218.92 1340.76 -51.33 -3.08   0.08 4.50
5889 139.77   51892.11   -316.15 267.41 -3.02   -316.15 267.41 -3.02    575.55 415.25 -34.73 -3.02   0.08 6.04
2209 127.45   18454.98   -466.49 608.99 -3.02   -466.49 608.99 -3.02    2238.88 764.11 43.49 -3.02   0.08 1.55
2806 139.36   2522.75   -969.05 831.84 -3.04   -969.05 831.84 -3.04    4285.10 1277.82 94.02 -3.04   0.10 1.80
4038 140.36   10818.86   -959.84 795.24 -3.01   -959.84 795.24 -3.01    2310.50 1247.81 -100.30 -3.01   0.09 6.06
7717 128.24   6207.86   -961.26 1220.01 -3.05   -961.26 1220.01 -3.05    3339.13 1551.62 20.25 -3.05   0.09 0.85
309 133.93   6334.65   -1243.94 1291.41 -3.03   -1243.94 1291.41 -3.03    3451.31 1792.98 14.54 -3.03   0.09 0.88
5104 141.15   44993.31   -433.44 349.07 -3.02   -433.44 349.07 -3.02    788.12 559.04 33.70 -3.02   0.09 1.69
527 134.54   2745.86   -1354.58 1376.67 -3.02   -1354.58 1376.67 -3.02    4321.10 1931.16 -74.82 -3.02   0.08 4.39
371 129.69   4624.12   -1192.04 1436.38 -3.02   -1192.04 1436.38 -3.02    4266.42 1865.25 55.59 -3.02   0.09 3.50
2582 133.66   1315.83   -710.31 744.40 -3.06   -710.31 744.40 -3.06    4691.26 1028.75 -5.43 -3.06   0.09 3.94
4250 127.29   18633.28   -660.90 867.77 -3.05   -660.90 867.77 -3.05    2156.23 1088.08 77.65 -3.05   0.08 2.70
4684 136.47   1576.13   -1149.89 1092.19 -3.06   -1149.89 1092.19 -3.06    4051.58 1585.34 33.07 -3.06   0.09 1.07
2886 143.19   6760.29   -1003.51 750.98 -3.01   -1003.51 750.98 -3.01    3866.20 1254.96 107.51 -3.01   0.09 2.43
3873 142.78   16149.05   -738.89 561.22 -3.06   -738.89 561.22 -3.06    2475.66 930.14 -57.24 -3.06   0.09 0.22
6783 139.61   2854.38   -1284.47 1092.73 -3.01   -1284.47 1092.73 -3.01    4102.56 1686.99 129.83 -3.01   0.09 3.01
7052 142.14   48070.63   -268.79 208.91 -3.01   -268.79 208.91 -3.01    387.55 343.51 -18.23 -3.01   0.09 4.62
38 133.77   9563.29   -1648.57 1720.94 -3.03   -1648.57 1720.94 -3.03    3492.67 2383.03 122.36 -3.03   0.10 1.35
5213 144.94   14327.58   -990.51 695.21 -3.00   -990.51 695.21 -3.00    1587.03 1212.64 -26.03 -3.00   0.09 0.75
7956 140.02   14442.45   -300.19 251.70 -3.02   -300.19 251.70 -3.02    2353.31 394.16 27.17 -3.02   0.08 2.08
2749 129.26   4091.17   -2132.45 2609.40 -3.09   -2132.45 2609.40 -3.09    4141.85 3369.93 -297.96 -3.09   0.09 5.18
5421 134.38   30063.62   -702.69 718.17 -3.01   -702.69 718.17 -3.01    1751.52 1004.54 -0.86 -3.01   0.09 0.81
5625 133.68   9770.56   -1451.11 1519.82 -3.01   -1451.11 1519.82 -3.01    2968.88 2099.89 -190.63 -3.01   0.09 5.28
6450 139.34   2009.06   -1649.28 1416.58 -3.01   -1649.28 1416.58 -3.01    3692.43 2174.18 -186.27 -3.01   0.09 5.98
6769 132.68   18876.29   -554.12 600.97 -3.07   -554.12 600.97 -3.07    2265.67 816.64 36.35 -3.07   0.09 3.30
1525 136.17   13182.31   -1067.50 1024.88 -3.02   -1067.50 1024.88 -3.02    1998.89 1478.44 -65.69 -3.02   0.09 0.34
2929 142.45   4984.15   -1757.11 1350.91 -3.01   -1757.11 1350.91 -3.01    3429.61 2219.03 167.82 -3.01   0.09 2.00
3220 141.09   7072.79   -1633.11 1318.27 -3.02   -1633.11 1318.27 -3.02    3546.81 2100.81 86.76 -3.02   0.09 1.40
4320 135.36   7819.52   -406.89 401.74 -3.03   -406.89 401.74 -3.03    2578.19 573.08 -20.30 -3.03   0.08 0.43
4158 144.27   47246.57   -229.40 165.04 -3.01   -229.40 165.04 -3.01    736.79 283.86 -25.15 -3.01   0.09 5.19
260 133.10   54470.55   -63.46 67.82 -3.00   -63.46 67.82 -3.00    197.30 93.90 -9.00 -3.00   0.09 0.12
1723 137.36   213.86   -958.54 882.64 -3.02   -958.54 882.64 -3.02    4994.10 1303.33 87.52 -3.02   0.09 3.15
3025 138.47   61543.67   -31.39 27.80 -3.06   -31.39 27.80 -3.06    164.63 45.05 -0.00 -3.06   0.09 2.04
4966 133.54   19519.67   -1079.53 1135.91 -3.08   -1079.53 1135.91 -3.08    2512.95 1567.50 -111.16 -3.08   0.08 4.90
2955 128.25   32007.27   -156.24 198.22 -3.02   -156.24 198.22 -3.02    445.54 250.67 -25.73 -3.02   0.09 5.48
4362 129.27   3810.07   -1615.99 1976.51 -3.01   -1615.99 1976.51 -3.01    3867.06 2552.16 55.10 -3.01   0.09 3.58
1717 131.04   19918.75   -817.33 939.04 -3.03   -817.33 939.04 -3.03    2139.16 1243.83 50.51 -3.03   0.09 1.20
2081 126.44   17973.80   -172.87 234.14 -3.00   -172.87 234.14 -3.00    1698.52 289.48 12.20 -3.00   0.10 3.23
2169 137.75   9689.52   -310.81 282.34 -3.02   -310.81 282.34 -3.02    3166.37 420.30 32.40 -3.02   0.09 2.69
6445 134.85   11925.94   -1093.68 1099.27 -3.01   -1093.68 1099.27 -3.01    2811.06 1550.29 -53.57 -3.01   0.08 4.35
3367 135.15   7258.68   -1839.70 1830.27 -3.06   -1839.70 1830.27 -3.06    3405.89 2594.84 92.44 -3.06   0.09 3.50
318 141.50   1350.59   -953.85 758.84 -3.02   -953.85 758.84 -3.02    4723.63 1220.39 106.95 -3.02   0.09 2.75
1439 128.59   5744.78   -835.89 1047.65 -3.01   -835.89 1047.65 -3.01    3719.21 1338.63 -60.33 -3.01   0.09 4.35
4077 133.88   4996.68   -1541.59 1603.26 -3.00   -1541.59 1603.26 -3.00    3949.01 2224.21 146.62 -3.00   0.08 2.99
1545 141.04   12726.10   -1561.07 1262.15 -3.01   -1561.07 1262.15 -3.01    2838.35 2009.21 35.21 -3.01   0.09 3.83
6888 138.02   4226.73   -1618.01 1455.58 -3.01   -1618.01 1455.58 -3.01    4220.41 2176.10 110.79 -3.01   0.08 1.51
7123 140.07   1996.76   -600.81 502.85 -3.04   -600.81 502.85 -3.04    4398.61 785.26 48.60 -3.04   0.08 1.82
7299 126.66   46231.86   -243.68 327.36 -3.02   -243.68 327.36 -3.02    793.65 405.46 15.08 -3.02   0.09 3.29
8791 144.75   1109.93   -333.71 235.80 -3.04   -333.71 235.80 -3.04    4789.34 410.29 -17.58 -3.04   0.09 4.53
1912 128.46   2835.00   -1081.41 1361.58 -3.06   -1081.41 1361.58 -3.06    4287.07 1736.83 -122.28 -3.06   0.09 6.05
3980 129.76   53007.71   -308.42 370.65 -3.01   -308.42 370.65 -3.01    555.52 482.61 -44.61 -3.01   0.09 5.08
5987 141.90   3452.41   -1061.36 832.14 -3.08   -1061.36 832.14 -3.08    4259.90 1350.66 -67.75 -3.08   0.08 4.71
2502 129.20   12301.26   -1304.56 1599.71 -3.04   -1304.56 1599.71 -3.04    2940.47 2062.13 136.77 -3.04   0.09 1.50
3003 141.35   5404.90   -1965.15 1571.35 -3.01   -1965.15 1571.35 -3.01    3744.40 2518.34 205.09 -3.01   0.08 2.49
5791 125.31   4432.31   -1916.86 2706.37 -3.01   -1916.86 2706.37 -3.01    4003.30 3314.56 267.61 -3.01   0.08 2.40
729 138.03   9611.30   -784.34 705.36 -3.08   -784.34 705.36 -3.08    3403.59 1055.39 -74.84 -3.08   0.09 4.89
5178 125.03   153.03   -1032.36 1472.60 -3.03   -1032.36 1472.60 -3.03    5067.37 1796.95 -42.97 -3.03   0.08 0.34
5990 126.40   4008.90   -1311.12 1778.18 -3.04   -1311.12 1778.18 -3.04    4091.55 2206.49 76.93 -3.04   0.09 3.34
6527 143.13   10364.35   -924.92 693.71 -3.05   -924.92 693.71 -3.05    2471.22 1157.51 93.82 -3.05   0.09 2.85
7571 140.89   16811.61   -376.13 305.82 -3.03   -376.13 305.82 -3.03    2519.65 485.68 -38.91 -3.03   0.08 5.14
897 136.81   15635.12   -1496.31 1404.86 -3.00   -1496.31 1404.86 -3.00    2346.32 2052.67 48.76 -3.00   0.09 1.12
4071 134.96   3321.76   -1430.75 1432.71 -3.02   -1430.75 1432.71 -3.02    3945.49 2025.35 155.81 -3.02   0.08 2.66
1791 142.34   5020.36   -715.24 551.99 -3.02   -715.24 551.99 -3.02    3814.80 904.43 -71.29 -3.02   0.08 5.34
2219 131.60   13242.33   -1395.09 1571.17 -3.03   -1395.09 1571.17 -3.03    2549.79 2101.28 127.00 -3.03   0.09 1.49
2893 141.72   2408.49   -594.01 468.80 -3.03   -594.01 468.80 -3.03    3989.27 758.03 -71.35 -3.03   0.09 5.84
4109 125.15   9124.50   -1389.81 1973.87 -3.08   -1389.81 1973.87 -3.08    3827.79 2413.31 -162.88 -3.08   0.08 4.75
5092 141.50   33777.68   -395.37 314.47 -3.04   -395.37 314.47 -3.04    1525.71 506.76 -6.41 -3.04   0.09 4.14
2311 139.69   11377.14   -1144.78 971.09 -3.01   -1144.78 971.09 -3.01    2987.20 1501.85 -127.04 -3.01   0.09 5.16
4539 126.19   9462.21   -1334.06 1823.34 -3.02   -1334.06 1823.34 -3.02    3034.62 2257.45 -106.33 -3.02   0.09 4.31
4426 137.60   3943.01   -1132.07 1033.62 -3.01   -1132.07 1033.62 -3.01    3851.54 1532.52 80.47 -3.01   0.09 3.33
1254 138.45   5456.75   -338.76 300.20 -3.03   -338.76 300.20 -3.03    3547.87 455.08 16.74 -3.03   0.09 3.52
1732 130.02   26508.32   -316.23 376.55 -3.04   -316.23 376.55 -3.04    853.25 490.15 14.34 -3.04   0.10 1.11
603 142.13   6297.60   -2488.97 1935.30 -3.01   -2488.97 1935.30 -3.01    3607.73 3153.93 104.16 -3.01   0.09 3.65
1816 140.46   554.45   -1013.67 836.84 -3.04   -1013.67 836.84 -3.04    4212.49 1315.44 23.52 -3.04   0.09 1.11
3317 137.72   1047.56   -1975.32 1796.28 -3.04   -1975.32 1796.28 -3.04    4695.80 2671.04 -199.53 -3.04   0.08 6.05
4147 130.60   8123.91   -410.03 478.35 -3.03   -410.03 478.35 -3.03    3284.53 629.52 44.76 -3.03   0.08 2.64
3651 132.15   29288.65   -268.29 296.37 -3.02   -268.29 296.37 -3.02    890.05 400.17 -19.31 -3.02   0.09 0.29
4187 127.51   3106.04   -653.06 850.71 -3.01   -653.06 850.71 -3.01    4272.06 1069.52 91.08 -3.01   0.09 2.11
623 133.83   51623.70   -168.47 175.47 -3.02   -168.47 175.47 -3.02    587.47 242.55 -11.29 -3.02   0.08 4.39
1868 128.98   22187.02   -610.41 754.28 -3.01   -610.41 754.28 -3.01    1658.29 970.31 -20.86 -3.01   0.09 0.48
5511 137.74   26833.12   -593.46 539.34 -3.03   -593.46 539.34 -3.03    1487.91 802.75 -33.90 -3.03   0.08 0.37
6018 142.63   850.17   -1479.62 1130.01 -3.05   -1479.62 1130.01 -3.05    4498.38 1863.76 94.69 -3.05   0.09 1.53
3288 141.07   7041.86   -1120.59 905.28 -3.04   -1120.59 905.28 -3.04    3449.18 1441.70 -33.87 -3.04   0.09 0.66
1007 140.55   8001.33   -348.46 286.72 -3.03   -348.46 286.72 -3.03    3498.43 451.96 32.36 -3.03   0.09 2.89
1610 143.88   8176.01   -2018.18 1472.89 -3.00   -2018.18 1472.89 -3.00    3417.06 2500.65 -143.60 -3.00   0.09 0.30
5170 135.74   13672.99   -1367.09 1332.29 -3.04   -1367.09 1332.29 -3.04    2661.83 1908.67 83.59 -3.04   0.08 3.35
844 126.45   51815.02   -252.54 341.85 -3.01   -252.54 341.85 -3.01    461.61 424.82 33.03 -3.01   0.09 2.67
5452 128.46   32659.94   -850.07 1070.23 -3.00   -850.07 1070.23 -3.00    1399.75 1365.88 -91.75 -3.00   0.09 4.65
7429 132.92   17571.83   -1459.87 1569.98 -3.02   -1459.87 1569.98 -3.02    2401.87 2144.60 161.58 -3.02   0.08 2.64
7875 135.57   52423.02   -130.46 127.91 -3.01   -130.46 127.91 -3.01    344.89 182.32 -18.49 -3.01   0.10 6.04
1726 134.68   12265.89   -1993.59 2016.14 -3.04   -1993.59 2016.14 -3.04    3085.39 2835.25 -191.02 -3.04   0.09 4.72
2867 131.11   5367.05   -1792.85 2054.13 -3.07   -1792.85 2054.13 -3.07    3755.08 2725.69 -17.91 -3.07   0.10 0.66
2933 126.08   41460.54   -378.53 519.46 -3.03   -378.53 519.46 -3.03    1070.55 641.65 23.90 -3.03   0.09 3.32
3654 127.89   5550.47   -736.17 946.01 -3.05   -736.17 946.01 -3.05    3568.06 1198.55 56.21 -3.05   0.08 1.32
6169 143.33   4878.64   -2430.91 1810.12 -3.06   -2430.91 1810.12 -3.06    3344.75 3032.10 239.55 -3.06   0.08 2.64
7315 129.71   48576.03   -270.19 325.36 -3.02   -270.19 325.36 -3.02    687.08 422.35 -42.75 -3.02   0.10 5.63
694 128.49   48828.85   -171.83 216.08 -3.02   -171.83 216.08 -3.02    317.31 273.95 6.17 -3.02   0.09 1.12
3088 138.59   533.80   -334.45 294.93 -3.04   -334.45 294.93 -3.04    4699.05 448.39 -37.61 -3.04   0.08 5.81
6132 126.71   8080.41   -307.09 411.82 -3.08   -307.09 411.82 -3.08    3184.17 512.64 -42.83 -3.08   0.08 4.96
948 132.78   9691.94   -984.49 1063.80 -3.02   -984.49 1063.80 -3.02    3423.95 1447.97 -91.74 -3.02   0.09 4.61
2058 130.68   2793.43   -2145.23 2495.72 -3.02   -2145.23 2495.72 -3.02    4058.16 3289.61 243.95 -3.02   0.09 2.84
1391 131.93   7680.75   -2124.26 2365.03 -3.02   -2124.26 2365.03 -3.02    3486.50 3179.85 99.93 -3.02   0.08 1.16
3555 133.26   27929.08   -846.19 899.09 -3.04   -846.19 899.09 -3.04    1789.17 1234.29 98.68 -3.04   0.09 2.01
7383 136.35   4008.53   -1404.32 1339.59 -3.04   -1404.32 1339.59 -3.04    3606.28 1941.61 23.98 -3.04   0.10 3.81
4575 132.51   6499.95   -779.81 850.64 -3.00   -779.81 850.64 -3.00    3913.77 1153.45 -56.08 -3.00   0.08 4.49
5472 138.67   509.34   -1114.15 979.76 -3.03   -1114.15 979.76 -3.03    4266.44 1484.44 114.01 -3.03   0.08 2.07
4298 142.87   7389.63   -1883.83 1426.52 -3.01   -1883.83 1426.52 -3.01    3809.19 2363.44 171.58 -3.01   0.08 2.03
5609 143.76   1341.93   -3106.54 2276.69 -3.04   -3106.54 2276.69 -3.04    4742.99 3853.34 278.86 -3.04   0.09 1.84
1287 141.51   2946.25   -522.87 415.78 -3.04   -522.87 415.78 -3.04    4454.83 670.92 -9.16 -3.04   0.09 4.16
3521 136.23   5636.08   -321.01 307.46 -3.02   -321.01 307.46 -3.02    3670.36 446.54 34.92 -3.02   0.09 2.59
2676 142.27   1641.03   -1109.03 858.08 -3.05   -1109.03 858.08 -3.05    4483.04 1402.51 -88.93 -3.05   0.09 0.14
462 127.78   33119.53   -665.12 858.24 -3.03   -665.12 858.24 -3.03    1423.50 1083.98 45.18 -3.03   0.08 3.21
2121 128.52   14756.09   -277.03 348.05 -3.09   -277.03 348.05 -3.09    1697.81 442.57 27.56 -3.09   0.09 2.92
2319 139.63   3888.81   -1364.16 1159.66 -3.00   -1364.16 1159.66 -3.00    4087.25 1791.32 -69.60 -3.00   0.09 4.43
