1130.021
1043.989
910.546
1107.012
168.493
952.115
327.840
1984.005
1120.064
1061.100
557.549
373.797
1381.225
432.653
1425.688
373.687
799.948
149.991
1046.675
1369.651
1175.956
1673.927
775.574
891.858
1223.255
1503.167
129.852
1333.869
544.528
149.977
673.588
1399.876
713.777
501.542
943.491
2243.618
1042.540
1856.111
1197.382
126.916
1777.128
428.394
1042.526
566.070
840.192
1078.419
307.796
1769.936
1045.322
1438.665
1744.109
1616.545
1458.717
640.710
1282.180
586.231
1313.649
659.313
1274.982
715.353
95.443
909.028
1513.218
1085.586
974.950
622.027
643.622
632.097
962.219
1230.511
1267.751
579.022
1056.911
1593.553
49.403
458.469
1471.621
428.258
883.185
368.118
1158.694
1211.843
1818.789
326.492
1627.972
1658.020
830.184
1668.169
1375.416
1283.612
548.847
69.561
175.726
1777.237
142.771
744.079
754.065
1204.522
253.321
1474.509
2068.458
1419.907
280.517
1121.434
1319.391
1623.734
934.882
1771.551
1164.468
765.537
1880.541
778.487
1153.009
1867.690
1230.552
1048.179
388.220
734.066
768.448
127.028
969.308
1759.951
632.178
897.413
1231.904
201.583
1095.576
1155.824
1695.344
772.830
1407.010
1794.446
989.497
1244.788
36.450
726.824
319.283
1071.096
392.572
556.094
550.215
682.196
986.537
398.262
1117.146
835.795
1069.752
297.830
71.032
2107.292
74.021
670.812
141.317
811.505
629.227
827.224
1540.441
920.641
502.876
1709.699
1620.840
1158.743
692.410
1514.658
1563.423
297.671
1995.327
1587.829
59.491
1905.038
743.997
960.677
962.116
1160.188
1831.692
1343.854
927.759
1178.843
313.501
494.428
1686.849
606.036
1530.333
947.847
696.707
1036.887
550.358
1457.321
1475.824
280.562
449.850
1722.627
1319.445
1590.565
355.213
1903.522
236.062
606.118
444.154
1408.358
890.307
1055.431
787.111
576.139
35.130
35.106
217.440
114.111
188.610
1007.979
347.914
1585.000
441.115
198.741
38.077
1793.029
1117.156
1267.737
491.392
260.294
484.205
1075.517
1702.626
1352.463
1028.078
487.073
2111.559
1607.917
1325.219
293.532
614.973
1647.964
