888 130.14   11763.59   -802.50 951.60 -3.05   -802.50 951.60 -3.05    2486.76 1243.79 270.41 -3.05   0.25 1.78
2548 138.73   8000.92   -461.52 405.06 -3.00   -461.52 405.06 -3.00    3430.78 615.06 158.48 -3.00   0.27 2.53
2204 131.96   6540.26   -220.66 245.38 -3.00   -220.66 245.38 -3.00    2830.06 329.52 44.72 -3.00   0.26 3.32
3603 127.65   2681.30   -1156.71 1499.37 -3.01   -1156.71 1499.37 -3.01    4031.88 1892.76 -145.19 -3.01   0.26 4.10
387 136.35   12721.23   -690.31 658.59 -3.04   -690.31 658.59 -3.04    2032.78 953.38 -89.71 -3.04   0.26 4.33
729 143.62   5695.06   -1748.20 1287.88 -3.04   -1748.20 1287.88 -3.04    3744.53 2174.52 440.12 -3.04   0.25 3.14
811 128.28   2657.44   -697.51 883.88 -3.01   -697.51 883.88 -3.01    4157.92 1125.39 85.43 -3.01   0.26 0.99
1617 128.83   3746.96   -1823.30 2265.62 -3.04   -1823.30 2265.62 -3.04    3826.18 2907.29 674.20 -3.04   0.26 1.82
3259 131.63   1117.05   -1618.20 1820.59 -3.05   -1618.20 1820.59 -3.05    4701.14 2434.81 -62.45 -3.05   0.26 3.97
3046 125.96   2653.70   -1371.98 1891.15 -3.03   -1371.98 1891.15 -3.03    4367.22 2335.28 570.74 -3.03   0.26 1.94
1388 131.24   2763.81   -1907.93 2176.55 -3.05   -1907.93 2176.55 -3.05    4344.49 2894.45 348.24 -3.05   0.27 1.20
1338 132.09   4539.31   -1256.95 1391.54 -3.08   -1256.95 1391.54 -3.08    4232.53 1874.57 -458.02 -3.08   0.27 5.05
2089 129.27   17187.66   -545.24 666.84 -3.06   -545.24 666.84 -3.06    2013.66 860.02 18.17 -3.06   0.26 0.80
2364 131.35   5592.12   -1948.32 2213.50 -3.00   -1948.32 2213.50 -3.00    3683.31 2949.76 363.69 -3.00   0.27 3.38
400 141.81   5834.24   -2292.34 1803.44 -3.04   -2292.34 1803.44 -3.04    3568.68 2918.56 708.35 -3.04   0.25 2.71
2152 134.03   5293.62   -1392.22 1440.23 -3.04   -1392.22 1440.23 -3.04    3720.22 2003.54 207.42 -3.04   0.25 3.49
2565 132.66   24123.71   -377.35 409.51 -3.06   -377.35 409.51 -3.06    1928.84 556.45 116.52 -3.06   0.25 2.88
1916 128.13   5305.64   -1623.18 2067.80 -3.01   -1623.18 2067.80 -3.01    3728.92 2626.70 548.72 -3.01   0.26 2.86
60 142.96   457.27   -2209.85 1667.65 -3.07   -2209.85 1667.65 -3.07    4639.15 2771.31 693.48 -3.07   0.26 2.26
1866 131.97   3840.57   -1059.73 1178.12 -3.03   -1059.73 1178.12 -3.03    4008.76 1582.29 403.75 -3.03   0.26 2.24
1423 131.15   23423.84   -811.78 928.77 -3.00   -811.78 928.77 -3.00    1535.92 1232.24 42.99 -3.00   0.26 0.88
2753 125.84   973.84   -1441.03 1994.95 -3.02   -1441.03 1994.95 -3.02    4500.87 2457.89 -619.05 -3.02   0.26 5.48
2957 127.75   8012.22   -808.80 1044.41 -3.01   -808.80 1044.41 -3.01    3261.57 1319.50 295.90 -3.01   0.26 2.73
2697 134.17   4645.32   -714.34 735.30 -3.00   -714.34 735.30 -3.00    3873.30 1025.31 231.26 -3.00   0.26 2.81
1195 136.57   10891.81   -881.57 834.59 -3.06   -881.57 834.59 -3.06    2045.04 1215.32 115.09 -3.06   0.27 1.20
1855 132.52   10107.59   -1338.47 1459.60 -3.01   -1338.47 1459.60 -3.01    2798.10 1978.20 477.60 -3.01   0.26 1.96
2900 132.71   1568.45   -1086.31 1177.00 -3.02   -1086.31 1177.00 -3.02    4143.76 1600.87 -62.14 -3.02   0.26 0.61
3240 140.31   49933.19   -191.73 159.12 -3.00   -191.73 159.12 -3.00    309.88 251.59 52.85 -3.00   0.27 3.07
534 131.73   4224.05   -1920.69 2153.11 -3.02   -1920.69 2153.11 -3.02    4048.88 2883.52 733.55 -3.02   0.27 2.58
1981 142.69   108.59   -1171.51 892.88 -3.01   -1171.51 892.88 -3.01    5053.36 1475.24 358.74 -3.01   0.25 2.72
524 130.04   2673.68   -771.89 918.59 -3.10   -771.89 918.59 -3.10    4244.08 1198.71 168.21 -3.10   0.27 3.28
2313 142.02   607.45   -1950.69 1523.05 -3.03   -1950.69 1523.05 -3.03    4663.15 2476.37 627.84 -3.03   0.26 2.48
4553 125.25   497.14   -1212.38 1715.79 -3.03   -1212.38 1715.79 -3.03    4499.97 2097.39 50.15 -3.03   0.26 3.66
6174 143.50   43727.62   -105.54 78.08 -3.06   -105.54 78.08 -3.06    880.49 132.41 -17.69 -3.06   0.26 4.60
4251 134.63   2755.09   -1201.47 1217.27 -3.07   -1201.47 1217.27 -3.07    4624.04 1710.88 57.28 -3.07   0.27 0.92
7646 141.81   13483.55   -477.73 375.75 -3.08   -477.73 375.75 -3.08    1786.53 608.58 -145.36 -3.08   0.25 5.26
1327 138.93   24423.23   -786.51 685.40 -3.08   -786.51 685.40 -3.08    1937.68 1043.91 248.04 -3.08   0.26 2.09
5133 130.73   8520.44   -1641.88 1906.57 -3.03   -1641.88 1906.57 -3.03    3434.42 2515.66 501.47 -3.03   0.26 2.94
5532 131.22   7007.39   -1057.80 1207.57 -3.04   -1057.80 1207.57 -3.04    3711.37 1603.70 402.15 -3.04   0.27 1.99
46 129.79   6457.13   -879.75 1056.45 -3.01   -879.75 1056.45 -3.01    2939.11 1374.22 358.27 -3.01   0.27 2.39
624 135.00   30444.82   -629.22 629.13 -3.06   -629.22 629.13 -3.06    1387.91 890.94 -40.92 -3.06   0.25 0.63
626 133.41   23845.27   -394.77 417.24 -3.03   -394.77 417.24 -3.03    1868.22 575.62 9.48 -3.03   0.27 3.84
1703 135.66   6993.20   -462.13 451.56 -3.04   -462.13 451.56 -3.04    2678.16 646.86 40.15 -3.04   0.27 1.07
3791 129.42   40105.90   -156.12 189.95 -3.03   -156.12 189.95 -3.03    479.66 244.86 1.06 -3.03   0.26 3.82
5242 144.56   3895.56   -1689.30 1202.46 -3.05   -1689.30 1202.46 -3.05    4095.41 2075.30 235.97 -3.05   0.26 3.64
2377 140.70   1982.76   -1665.49 1363.01 -3.02   -1665.49 1363.01 -3.02    4211.89 2153.08 -114.10 -3.02   0.26 0.69
460 141.95   8765.29   -1487.28 1164.22 -3.02   -1487.28 1164.22 -3.02    3090.86 1890.70 485.10 -3.02   0.27 2.72
1188 135.86   51657.82   -180.14 174.80 -3.04   -180.14 174.80 -3.04    593.12 251.57 -51.24 -3.04   0.27 4.80
1825 139.63   21550.81   -726.68 617.70 -3.08   -726.68 617.70 -3.08    2138.83 953.98 183.76 -3.08   0.26 1.74
2519 126.65   28841.42   -311.63 418.86 -3.01   -311.63 418.86 -3.01    1530.25 518.85 41.05 -3.01   0.25 1.01
3411 144.09   1217.65   -494.01 357.68 -3.01   -494.01 357.68 -3.01    4745.20 612.78 -58.96 -3.01   0.26 4.47
3878 129.42   11176.33   -1121.48 1364.25 -3.03   -1121.48 1364.25 -3.03    3035.76 1766.59 339.28 -3.03   0.27 1.51
4467 144.72   44140.20   -191.11 135.22 -3.00   -191.11 135.22 -3.00    830.39 238.09 43.06 -3.00   0.26 1.84
1915 135.44   28224.35   -518.48 510.63 -3.00   -518.48 510.63 -3.00    1606.32 727.37 184.69 -3.00   0.26 2.51
2532 127.07   28790.78   -447.40 592.31 -3.00   -447.40 592.31 -3.00    912.88 741.15 167.83 -3.00   0.25 1.82
4374 140.82   26580.32   -389.73 317.67 -3.02   -389.73 317.67 -3.02    1447.34 503.77 -128.25 -3.02   0.26 5.36
5865 128.53   7824.36   -1117.88 1403.63 -3.09   -1117.88 1403.63 -3.09    3218.85 1792.77 410.79 -3.09   0.26 2.71
716 144.94   4417.46   -510.44 358.25 -3.08   -510.44 358.25 -3.08    3709.44 625.84 11.90 -3.08   0.26 1.07
1675 128.31   5247.73   -977.99 1237.86 -3.01   -977.99 1237.86 -3.01    3871.83 1577.63 342.09 -3.01   0.27 2.85
6270 140.51   12907.95   -1040.21 857.26 -3.07   -1040.21 857.26 -3.07    2805.94 1349.85 341.20 -3.07   0.26 2.56
894 143.62   22635.28   -413.47 304.63 -3.03   -413.47 304.63 -3.03    980.70 516.01 55.63 -3.03   0.26 1.41
4224 133.94   19754.18   -921.29 955.93 -3.02   -921.29 955.93 -3.02    1550.59 1327.30 81.53 -3.02   0.26 1.03
4911 128.40   10879.39   -578.58 729.87 -3.06   -578.58 729.87 -3.06    3064.85 930.64 238.44 -3.06   0.26 2.37
2422 126.08   1350.34   -1334.43 1831.07 -3.09   -1334.43 1831.07 -3.09    4135.55 2263.81 239.36 -3.09   0.26 1.07
3191 139.64   3885.85   -1579.61 1342.40 -3.01   -1579.61 1342.40 -3.01    3912.53 2074.08 484.41 -3.01   0.26 2.04
1544 141.80   3625.54   -1274.25 1002.80 -3.03   -1274.25 1002.80 -3.03    4190.39 1624.15 -319.09 -3.03   0.26 0.07
5979 144.16   18499.06   -1658.55 1197.85 -3.01   -1658.55 1197.85 -3.01    2442.01 2047.33 -25.58 -3.01   0.27 0.91
6115 131.45   629.52   -2309.20 2615.12 -3.01   -2309.20 2615.12 -3.01    4746.47 3488.92 424.74 -3.01   0.27 3.38
930 132.96   11736.01   -1019.52 1095.02 -3.04   -1019.52 1095.02 -3.04    3084.50 1496.24 293.00 -3.04   0.26 3.00
3991 137.73   15349.68   -1056.96 960.63 -3.05   -1056.96 960.63 -3.05    2322.28 1428.99 -262.47 -3.05   0.26 4.76
4014 128.54   313.85   -1388.08 1742.25 -3.04   -1388.08 1742.25 -3.04    5008.90 2226.22 367.16 -3.04   0.26 1.37
3162 139.33   9423.14   -1617.34 1389.68 -3.07   -1617.34 1389.68 -3.07    3231.05 2132.72 233.36 -3.07   0.27 3.58
4449 127.93   102.67   -1815.50 2329.61 -3.04   -1815.50 2329.61 -3.04    4881.70 2951.60 291.97 -3.04   0.27 1.05
504 138.44   10160.97   -903.35 800.82 -3.04   -903.35 800.82 -3.04    3247.86 1208.30 305.07 -3.04   0.26 2.51
2044 126.55   22670.96   -442.97 597.60 -3.07   -442.97 597.60 -3.07    1586.89 742.14 178.15 -3.07   0.27 2.60
1271 137.45   23329.88   -178.92 164.26 -3.08   -178.92 164.26 -3.08    1834.73 245.43 -24.41 -3.08   0.26 0.54
975 128.86   3738.84   -1079.11 1339.17 -3.00   -1079.11 1339.17 -3.00    4048.10 1720.05 -442.31 -3.00   0.27 5.16
2490 132.48   7028.85   -1717.06 1874.97 -3.02   -1717.06 1874.97 -3.02    3795.67 2541.28 329.95 -3.02   0.27 3.37
4168 135.36   8845.47   -1514.51 1495.40 -3.08   -1514.51 1495.40 -3.08    3294.49 2128.65 548.50 -3.08   0.27 2.54
2463 132.16   34254.43   -415.94 459.42 -3.01   -415.94 459.42 -3.01    1360.51 619.07 157.04 -3.01   0.27 2.12
3673 134.60   4454.06   -1411.42 1431.11 -3.00   -1411.42 1431.11 -3.00    4388.41 2010.79 -122.64 -3.00   0.27 0.56
867 140.14   429.24   -1001.02 835.76 -3.01   -1001.02 835.76 -3.01    4837.91 1305.73 37.71 -3.01   0.26 3.90
3299 129.34   9726.78   -701.86 856.22 -3.01   -701.86 856.22 -3.01    2234.40 1105.65 -141.65 -3.01   0.27 4.33
4201 131.61   33684.30   -442.23 497.90 -3.02   -442.23 497.90 -3.02    1086.70 663.64 -164.22 -3.02   0.26 5.78
4547 126.91   817.52   -1075.26 1431.69 -3.03   -1075.26 1431.69 -3.03    4601.17 1789.46 431.69 -3.03   0.27 1.81
672 143.82   177.14   -1455.76 1064.70 -3.07   -1455.76 1064.70 -3.07    5054.11 1806.04 -129.60 -3.07   0.26 0.67
3432 140.78   2411.24   -1287.36 1050.76 -3.01   -1287.36 1050.76 -3.01    3340.13 1663.34 385.20 -3.01   0.26 2.02
94 139.93   10683.92   -809.54 681.09 -3.01   -809.54 681.09 -3.01    3351.40 1059.83 268.13 -3.01   0.26 2.55
715 136.02   51407.41   -343.82 331.83 -3.02   -343.82 331.83 -3.02    689.37 479.07 -52.65 -3.02   0.26 0.42
2638 139.54   32773.40   -433.14 369.36 -3.04   -433.14 369.36 -3.04    894.02 569.36 96.14 -3.04   0.26 3.28
2806 130.52   6961.04   -627.25 733.85 -3.00   -627.25 733.85 -3.00    3587.65 965.22 -165.77 -3.00   0.26 4.58
3750 125.28   4841.91   -748.80 1058.21 -3.07   -748.80 1058.21 -3.07    4042.36 1295.29 280.59 -3.07   0.27 1.61
191 136.78   23498.74   -928.30 872.41 -3.03   -928.30 872.41 -3.03    2139.85 1274.98 156.77 -3.03   0.26 1.33
2655 139.34   1720.86   -765.69 657.60 -3.06   -765.69 657.60 -3.06    4401.96 1011.20 94.36 -3.06   0.27 1.25
701 135.75   14023.90   -514.99 501.74 -3.02   -514.99 501.74 -3.02    2654.00 720.32 184.24 -3.02   0.26 2.50
1684 134.32   23240.52   -936.26 958.59 -3.03   -936.26 958.59 -3.03    1756.32 1338.96 182.94 -3.03   0.26 3.36
4516 129.81   14693.06   -1171.97 1406.29 -3.03   -1171.97 1406.29 -3.03    2147.40 1830.16 467.60 -3.03   0.26 2.10
2397 137.45   50466.53   -176.93 162.42 -3.01   -176.93 162.42 -3.01    497.95 239.92 -17.54 -3.01   0.26 0.64
6743 140.88   23842.15   -981.27 797.96 -3.03   -981.27 797.96 -3.03    1984.67 1267.10 314.22 -3.03   0.27 2.14
35 137.00   8148.96   -550.56 513.35 -3.07   -550.56 513.35 -3.07    3248.39 752.30 103.07 -3.07   0.26 1.41
2877 130.34   16399.03   -1382.94 1628.21 -3.04   -1382.94 1628.21 -3.04    2382.06 2135.52 -547.99 -3.04   0.26 5.61
3905 135.68   2298.03   -1308.59 1277.95 -3.05   -1308.59 1277.95 -3.05    4498.25 1829.73 -99.45 -3.05   0.25 0.59
4215 132.97   19893.25   -850.16 912.79 -3.04   -850.16 912.79 -3.04    2210.31 1246.43 282.38 -3.04   0.27 1.82
3656 127.81   2150.14   -357.42 460.55 -3.03   -357.42 460.55 -3.03    3852.27 581.73 97.84 -3.03   0.26 1.43
1316 134.44   27919.15   -228.76 233.31 -3.00   -228.76 233.31 -3.00    1126.23 325.00 -64.75 -3.00   0.25 4.81
1428 143.32   23201.78   -1328.76 989.74 -3.02   -1328.76 989.74 -3.02    2048.89 1657.07 -70.12 -3.02   0.26 4.24
3588 130.65   2578.10   -594.64 692.46 -3.01   -594.64 692.46 -3.01    3573.39 911.89 227.67 -3.01   0.26 2.30
3991 132.37   38571.56   -752.35 824.66 -3.01   -752.35 824.66 -3.01    1229.96 1115.57 273.66 -3.01   0.26 2.05
2753 135.86   208.23   -455.76 442.29 -3.05   -455.76 442.29 -3.05    4699.42 635.91 118.43 -3.05   0.26 3.11
3060 127.08   36912.32   -46.34 61.31 -3.04   -46.34 61.31 -3.04    184.59 75.97 12.85 -3.04   0.26 1.77
4506 126.54   16393.41   -494.10 666.85 -3.05   -494.10 666.85 -3.05    2533.31 829.96 183.56 -3.05   0.26 1.70
132 130.00   13867.20   -564.94 673.35 -3.05   -564.94 673.35 -3.05    2748.11 877.00 105.74 -3.05   0.27 3.36
1216 137.31   4169.50   -1098.55 1013.22 -3.06   -1098.55 1013.22 -3.06    4046.17 1495.54 262.14 -3.06   0.26 3.20
2272 129.23   4493.01   -1456.61 1783.98 -3.02   -1456.61 1783.98 -3.02    3444.40 2302.22 544.19 -3.02   0.25 1.94
2303 128.69   2595.44   -1943.41 2426.58 -3.03   -1943.41 2426.58 -3.03    4748.60 3108.48 475.06 -3.03   0.26 1.32
2672 138.71   2821.92   -1712.67 1504.03 -3.07   -1712.67 1504.03 -3.07    4239.45 2278.64 -304.90 -3.07   0.26 4.55
2678 140.43   2346.07   -2385.68 1971.67 -3.03   -2385.68 1971.67 -3.03    4451.08 3097.11 364.73 -3.03   0.26 3.54
1889 144.26   6300.37   -2138.83 1539.01 -3.03   -2138.83 1539.01 -3.03    3535.73 2638.12 550.86 -3.03   0.26 3.14
3603 137.30   13548.62   -905.37 835.37 -3.02   -905.37 835.37 -3.02    2453.56 1231.63 -187.64 -3.02   0.26 4.60
4740 134.52   15234.62   -600.57 610.62 -3.04   -600.57 610.62 -3.04    2575.90 856.89 -13.72 -3.04   0.26 3.98
2208 126.04   10197.95   -844.29 1160.50 -3.00   -844.29 1160.50 -3.00    2997.40 1432.04 301.62 -3.00   0.25 2.77
3731 132.63   2117.68   -520.12 565.02 -3.06   -520.12 565.02 -3.06    4340.88 767.56 149.58 -3.06   0.26 1.65
3813 135.42   2563.92   -2111.11 2080.09 -3.06   -2111.11 2080.09 -3.06    4264.84 2964.80 -611.76 -3.06   0.26 6.14
3863 128.51   3581.42   -2095.48 2633.11 -3.00   -2095.48 2633.11 -3.00    4325.50 3363.93 617.64 -3.00   0.27 1.45
4301 135.36   16347.32   -1519.72 1500.60 -3.02   -1519.72 1500.60 -3.02    2613.17 2137.46 403.89 -3.02   0.26 3.11
883 139.69   3565.11   -1182.55 1003.39 -3.01   -1182.55 1003.39 -3.01    3914.83 1552.40 -62.30 -3.01   0.26 4.17
3715 128.98   42976.00   -126.95 156.90 -3.01   -126.95 156.90 -3.01    613.01 199.50 48.42 -3.01   0.27 2.08
947 135.09   7240.61   -1912.81 1906.87 -3.04   -1912.81 1906.87 -3.04    3723.29 2701.82 346.41 -3.04   0.27 1.30
1819 125.39   6178.47   -534.62 752.48 -3.04   -534.62 752.48 -3.04    2833.38 920.53 225.77 -3.04   0.27 1.87
3982 133.34   5965.96   -1318.07 1396.53 -3.01   -1318.07 1396.53 -3.01    3957.05 1920.84 487.05 -3.01   0.26 2.32
3047 142.90   6664.36   -1242.17 939.54 -3.05   -1242.17 939.54 -3.05    3670.59 1558.86 79.35 -3.05   0.27 3.87
4666 139.98   39552.56   -569.05 477.83 -3.05   -569.05 477.83 -3.05    1255.74 745.59 153.88 -3.05   0.26 3.05
4616 130.10   3209.87   -857.38 1018.15 -3.09   -857.38 1018.15 -3.09    4190.01 1329.42 262.70 -3.09   0.26 1.60
3861 127.86   10503.99   -342.73 440.89 -3.00   -342.73 440.89 -3.00    2691.12 556.86 57.67 -3.00   0.27 3.40
4205 128.71   868.87   -620.54 774.35 -3.08   -620.54 774.35 -3.08    5011.07 991.58 138.47 -3.08   0.26 3.23
2881 143.38   53105.91   -284.14 211.21 -3.00   -284.14 211.21 -3.00    518.87 356.39 70.60 -3.00   0.27 1.87
480 127.71   87.66   -1571.03 2031.73 -3.01   -1571.03 2031.73 -3.01    5394.20 2567.04 -164.12 -3.01   0.27 0.42
805 137.22   1552.95   -181.28 167.74 -3.07   -181.28 167.74 -3.07    4438.36 249.33 51.44 -3.07   0.26 2.97
2645 134.81   10723.78   -1155.47 1163.01 -3.01   -1155.47 1163.01 -3.01    2993.31 1637.82 406.53 -3.01   0.26 2.49
3326 141.96   59697.79   -262.82 205.65 -3.00   -262.82 205.65 -3.00    379.47 333.94 71.62 -3.00   0.27 3.07
970 137.27   3601.81   -2466.51 2278.23 -3.05   -2466.51 2278.23 -3.05    4219.25 3358.45 841.82 -3.05   0.26 2.31
904 129.21   42706.60   -229.29 281.05 -3.03   -229.29 281.05 -3.03    907.23 360.63 12.88 -3.03   0.26 3.68
1533 142.33   4718.78   -1594.28 1230.69 -3.03   -1594.28 1230.69 -3.03    3291.08 2014.81 282.88 -3.03   0.26 3.47
4193 125.20   6925.13   -547.38 775.98 -3.00   -547.38 775.98 -3.00    3452.28 947.10 235.93 -3.00   0.27 2.52
4463 130.21   4561.85   -1696.66 2006.82 -3.04   -1696.66 2006.82 -3.04    4131.72 2626.82 278.20 -3.04   0.25 3.41
178 137.04   2311.03   -2097.22 1953.23 -3.05   -2097.22 1953.23 -3.05    4341.79 2867.67 654.46 -3.05   0.26 2.83
437 126.64   9008.51   -883.23 1187.33 -3.07   -883.23 1187.33 -3.07    2647.51 1479.22 -8.80 -3.07   0.26 0.63
2293 133.36   22973.08   -1275.13 1350.39 -3.03   -1275.13 1350.39 -3.03    2156.22 1857.68 475.78 -3.03   0.27 2.53
546 142.09   11047.39   -1250.28 973.64 -3.07   -1250.28 973.64 -3.07    2160.45 1586.33 384.90 -3.07   0.26 2.80
31 125.72   4992.70   -831.00 1155.55 -3.06   -831.00 1155.55 -3.06    3035.89 1421.93 144.21 -3.06   0.25 3.35
593 126.09   3880.39   -692.14 949.53 -3.02   -692.14 949.53 -3.02    3832.60 1172.93 -229.68 -3.02   0.26 6.09
3458 132.96   19481.66   -783.03 840.89 -3.01   -783.03 840.89 -3.01    2443.61 1147.53 212.77 -3.01   0.26 1.58
3657 131.77   1707.30   -2335.88 2615.17 -3.05   -2335.88 2615.17 -3.05    4709.14 3505.45 792.17 -3.05   0.25 2.74
91 137.19   8082.95   -263.37 244.01 -3.01   -263.37 244.01 -3.01    3071.39 360.44 25.80 -3.01   0.27 3.70
475 140.35   5417.02   -1329.82 1101.99 -3.01   -1329.82 1101.99 -3.01    3918.00 1728.08 133.91 -3.01   0.27 1.19
4327 139.63   8978.41   -421.66 358.53 -3.02   -421.66 358.53 -3.02    3515.14 556.36 -40.22 -3.02   0.25 4.30
2885 129.83   1860.68   -1016.12 1218.36 -3.00   -1016.12 1218.36 -3.00    4263.41 1586.71 -29.72 -3.00   0.26 0.64
3114 128.47   3362.77   -1174.94 1478.64 -3.05   -1174.94 1478.64 -3.05    3154.83 1886.39 477.67 -3.05   0.26 2.19
1010 143.56   10646.42   -1370.41 1011.70 -3.04   -1370.41 1011.70 -3.04    2907.12 1705.63 -76.41 -3.04   0.26 4.25
5747 137.31   1831.12   -169.80 156.60 -3.05   -169.80 156.60 -3.05    3947.24 231.23 31.74 -3.05   0.27 3.41
1559 136.91   33251.98   -589.25 551.29 -3.00   -589.25 551.29 -3.00    1544.06 806.29 199.14 -3.00   0.26 2.58
3472 135.02   1477.80   -1592.68 1591.75 -3.01   -1592.68 1591.75 -3.01    3689.79 2253.05 -512.80 -3.01   0.26 5.98
5200 138.96   5951.85   -1005.63 875.44 -3.07   -1005.63 875.44 -3.07    3660.98 1335.72 330.94 -3.07   0.26 2.69
1126 135.10   20058.94   -698.37 696.03 -3.05   -698.37 696.03 -3.05    2353.66 986.71 -60.77 -3.05   0.26 0.57
3010 136.48   34589.22   -572.03 543.14 -3.02   -572.03 543.14 -3.02    1388.12 789.34 103.94 -3.02   0.26 3.40
5501 142.58   32785.71   -1018.95 779.55 -3.01   -1018.95 779.55 -3.01    1444.12 1284.03 -89.59 -3.01   0.26 4.33
4113 138.38   3601.16   -1391.11 1235.98 -3.04   -1391.11 1235.98 -3.04    3676.52 1861.72 213.16 -3.04   0.26 3.52
5741 131.00   11366.19   -1412.35 1624.73 -3.05   -1412.35 1624.73 -3.05    3268.15 2152.34 -543.42 -3.05   0.26 5.19
803 126.80   12611.33   -1132.97 1514.59 -3.02   -1132.97 1514.59 -3.02    3067.45 1890.36 131.00 -3.02   0.25 0.94
4714 129.62   29829.05   -563.37 680.46 -3.00   -563.37 680.46 -3.00    1290.15 883.75 -235.50 -3.00   0.27 5.38
5711 141.11   17199.10   -1156.51 932.81 -3.05   -1156.51 932.81 -3.05    2523.79 1487.94 373.27 -3.05   0.26 2.62
77 138.62   13458.08   -762.82 672.00 -3.01   -762.82 672.00 -3.01    2789.18 1016.60 20.49 -3.01   0.26 0.95
1460 138.47   44294.44   -461.02 408.28 -3.02   -461.02 408.28 -3.02    1023.61 616.64 -148.02 -3.02   0.26 5.14
2852 129.50   24927.64   -259.60 314.90 -3.00   -259.60 314.90 -3.00    2018.64 407.15 103.13 -3.00   0.27 2.12
424 127.12   58621.00   -15.91 21.02 -3.02   -15.91 21.02 -3.02    306.95 26.19 -7.97 -3.02   0.26 0.32
5715 142.67   3549.52   -2004.98 1528.78 -3.02   -2004.98 1528.78 -3.02    3920.58 2522.85 596.93 -3.02   0.27 2.95
1192 130.86   5283.75   -1283.89 1484.30 -3.03   -1283.89 1484.30 -3.03    3653.66 1963.10 -504.76 -3.03   0.26 5.57
4675 139.55   13097.27   -2121.65 1808.63 -3.03   -2121.65 1808.63 -3.03    3004.40 2790.15 660.40 -3.03   0.25 2.12
4687 129.99   14015.14   -1025.64 1222.60 -3.03   -1025.64 1222.60 -3.03    2007.29 1594.53 -392.28 -3.03   0.26 5.05
1976 125.70   32224.32   -494.93 688.74 -3.06   -494.93 688.74 -3.06    1552.02 846.56 77.04 -3.06   0.26 1.01
4986 139.72   766.17   -1781.28 1509.53 -3.01   -1781.28 1509.53 -3.01    4911.18 2336.65 297.83 -3.01   0.26 3.49
5252 126.00   26018.41   -269.28 370.59 -3.01   -269.28 370.59 -3.01    1828.57 457.04 -52.60 -3.01   0.26 0.21
5254 128.44   2835.54   -1007.21 1269.10 -3.10   -1007.21 1269.10 -3.10    4448.12 1619.12 -221.00 -3.10   0.26 4.38
1518 125.48   56.01   -2186.92 3068.34 -3.07   -2186.92 3068.34 -3.07    4913.14 3766.94 970.56 -3.07   0.27 1.97
3165 125.11   13137.92   -443.71 631.01 -3.05   -443.71 631.01 -3.05    2266.30 770.46 -197.32 -3.05   0.26 5.11
1037 125.34   1217.23   -1002.06 1413.25 -3.09   -1002.06 1413.25 -3.09    3862.69 1730.71 355.07 -3.09   0.27 1.53
1868 141.00   9097.09   -894.49 724.24 -3.05   -894.49 724.24 -3.05    3127.39 1152.48 236.30 -3.05   0.26 3.09
2357 125.22   14949.71   -257.07 364.12 -3.03   -257.07 364.12 -3.03    2287.85 444.57 7.25 -3.03   0.26 3.69
3218 138.81   379.50   -1983.75 1736.10 -3.02   -1983.75 1736.10 -3.02    5227.03 2635.08 157.03 -3.02   0.27 1.09
4348 128.09   10205.33   -524.61 669.37 -3.00   -524.61 669.37 -3.00    2901.46 850.01 163.95 -3.00   0.27 1.51
5583 144.14   11240.61   -1783.22 1288.96 -3.00   -1783.22 1288.96 -3.00    3268.73 2201.23 538.69 -3.00   0.26 2.22
3415 137.02   3785.72   -2195.11 2045.49 -3.03   -2195.11 2045.49 -3.03    3813.66 3001.75 -377.14 -3.03   0.26 0.32
3596 137.19   118.34   -1550.42 1436.05 -3.00   -1550.42 1436.05 -3.00    4768.48 2113.66 281.91 -3.00   0.26 3.42
8649 137.21   9000.17   -2200.95 2037.23 -3.05   -2200.95 2037.23 -3.05    3320.35 2999.40 610.46 -3.05   0.25 1.78
9939 141.06   7422.37   -767.54 620.30 -3.02   -767.54 620.30 -3.02    3612.84 988.82 185.26 -3.02   0.27 1.70
10147 143.15   7541.83   -1913.60 1433.92 -3.07   -1913.60 1433.92 -3.07    3661.34 2393.63 333.42 -3.07   0.27 1.49
10880 131.14   31173.41   -280.49 321.08 -3.01   -280.49 321.08 -3.01    1690.15 426.23 -8.81 -3.01   0.26 0.70
10913 133.90   26651.99   -202.47 210.43 -3.04   -202.47 210.43 -3.04    814.93 291.37 -20.04 -3.04   0.27 4.17
2100 135.72   12409.15   -1271.21 1239.72 -3.03   -1271.21 1239.72 -3.03    2588.68 1776.74 172.38 -3.03   0.27 1.18
