881.765
1645.166
1312.370
751.265
765.544
1109.929
1087.033
877.526
1028.120
1445.751
1144.367
1167.421
799.976
739.697
547.502
1406.945
898.975
954.915
1227.744
1541.835
244.694
1167.349
1396.949
1559.087
630.639
831.634
1464.454
57.946
1064.051
2293.751
1920.719
1566.364
1163.025
399.661
1661.031
705.293
731.097
904.841
1355.341
1227.624
277.648
772.825
1180.315
170.090
1600.783
1002.299
864.568
216.005
878.897
669.507
2029.907
1091.452
388.134
693.787
178.622
467.021
880.264
1658.177
1637.977
1170.204
353.702
294.897
1391.192
1112.718
1371.125
1652.471
312.035
583.163
1236.284
629.219
2077.247
898.966
1019.537
1447.250
666.540
870.362
1251.997
1177.424
877.538
548.943
1457.137
1732.650
736.853
269.045
1539.043
1577.725
1054.018
1516.052
151.439
174.227
1279.383
1587.845
739.816
1985.330
1191.795
393.893
445.604
175.906
655.167
1283.662
254.662
1692.655
837.386
1527.405
475.749
319.253
1388.333
129.838
1005.288
69.469
1154.369
1220.433
1557.618
1076.975
1250.595
1051.175
1427.074
520.253
726.728
1061.107
1199.003
1596.362
723.842
927.740
376.631
1246.273
284.909
835.888
897.603
1461.615
1297.979
447.126
1735.679
1144.346
2015.417
152.898
1562.082
1747.190
1084.125
48.200
656.333
385.237
966.494
1553.319
883.165
1564.731
870.366
316.349
477.160
1069.795
1342.259
966.612
963.585
1419.929
557.383
1510.266
1306.640
833.019
949.263
1569.236
583.414
821.476
1593.487
954.989
478.500
125.497
894.635
721.077
818.609
269.097
815.798
1101.328
264.766
975.093
141.459
1173.146
870.353
264.728
541.590
544.547
1408.267
790.074
1636.607
798.530
969.339
1382.672
1332.365
942.124
1668.200
1346.805
969.266
614.846
1623.613
218.698
1648.043
622.039
751.381
332.131
448.455
